NIVEL	CODIGO	DESTINO	POP ATENDIDA	Physicians	Nurses	OtherCadres	CommunityBased	Beds	CTScanner	MRIUnit	Mammography	Radiotherapy
3	6529563	Orléans	282828.00	562.83	2539.80	709.90	0.00	514.75	5.63	4.75	4.41	2.88
3	2972191	Tours	135787.00	270.22	1219.37	340.83	0.00	247.13	2.70	2.28	2.12	1.39
3	3031005	Bourges	114157.00	227.17	1025.13	286.53	0.00	207.77	2.27	1.92	1.78	1.16
3	3032213	Blois	46086.00	91.71	413.85	115.68	0.00	83.88	0.92	0.77	0.72	0.47
3	3026204	Châteauroux	43741.00	87.04	392.79	109.79	0.00	79.61	0.87	0.73	0.68	0.45
3	3026467	Chartres	38578.00	76.77	346.43	96.83	0.00	70.21	0.77	0.65	0.60	0.39
3	3020810	Dreux	31044.00	61.78	278.78	77.92	0.00	56.50	0.62	0.52	0.48	0.32
3	2969257	Vierzon	40348.00	80.29	362.33	101.27	0.00	73.43	0.80	0.68	0.63	0.41
3	2989611	Olivet	37271.00	74.17	334.69	93.55	0.00	67.83	0.74	0.63	0.58	0.38
3	2970110	Vendôme	22371.00	44.52	200.89	56.15	0.00	40.72	0.45	0.38	0.35	0.23
3	6433106	Saint-Cyr-sur-Loire	18013.00	35.85	161.76	45.21	0.00	32.78	0.36	0.30	0.28	0.18
3	2969779	Montargis	69457.00	138.22	623.72	174.34	0.00	126.41	1.38	1.17	1.08	0.71
3	3016097	Gien	21291.00	42.37	191.19	53.44	0.00	38.75	0.42	0.36	0.33	0.22
3	3005811	Amilly	18946.00	37.70	170.14	47.55	0.00	34.48	0.38	0.32	0.30	0.19
3	3026285	Châteaudun	25083.00	49.92	225.25	62.96	0.00	45.65	0.50	0.42	0.39	0.26
3	2995246	Amboise	131091.00	260.87	1177.20	329.04	0.00	238.59	2.61	2.20	2.05	1.34
3	6430921	Vernouillet	54073.00	107.61	485.58	135.72	0.00	98.41	1.08	0.91	0.84	0.55
3	6448666	Chambray-lès-Tours	11738.00	23.36	105.41	29.46	0.00	21.36	0.23	0.20	0.18	0.12
3	2969102	Issoudun	16825.00	33.48	151.09	42.23	0.00	30.62	0.33	0.28	0.26	0.17
3	2996645	Mainvilliers	31017.00	61.72	278.53	77.85	0.00	56.45	0.62	0.52	0.48	0.32
3	3010265	La Chapelle-Saint-Mesmin	10205.00	20.31	91.64	25.61	0.00	18.57	0.20	0.17	0.16	0.10
3	2990272	Nogent-le-Rotrou	16000.00	31.84	143.68	40.16	0.00	29.12	0.32	0.27	0.25	0.16
3	8290211	Saint-Doulchard	9549.00	19.00	85.75	23.97	0.00	17.38	0.19	0.16	0.15	0.10
3	2981837	Saint-Amand-Montrond	9531.00	18.97	85.59	23.92	0.00	17.35	0.19	0.16	0.15	0.10
3	2987002	Pithiviers	23767.00	47.30	213.43	59.66	0.00	43.26	0.47	0.40	0.37	0.24
3	6449183	Chécy	8636.00	17.19	77.55	21.68	0.00	15.72	0.17	0.15	0.13	0.09
3	3025132	Chinon	37279.00	74.19	334.77	93.57	0.00	67.85	0.74	0.63	0.58	0.38
3	6448640	Ballan-Miré	134263.00	267.18	1205.68	337.00	0.00	244.36	2.67	2.26	2.09	1.37
3	3034297	Beaugency	33269.00	66.21	298.76	83.51	0.00	60.55	0.66	0.56	0.52	0.34
3	2997996	Loches	9906.00	19.71	88.96	24.86	0.00	18.03	0.20	0.17	0.15	0.10
3	6434738	Sully-sur-Loire	39179.00	77.97	351.83	98.34	0.00	71.31	0.78	0.66	0.61	0.40
3	6449157	Briare	26924.00	53.58	241.78	67.58	0.00	49.00	0.54	0.45	0.42	0.27
3	6433044	Luynes	7825.00	15.57	70.27	19.64	0.00	14.24	0.16	0.13	0.12	0.08
3	3031702	Bonneval	9287.00	18.48	83.40	23.31	0.00	16.90	0.18	0.16	0.14	0.09
3	3026208	Château-Renault	11087.00	22.06	99.56	27.83	0.00	20.18	0.22	0.19	0.17	0.11
3	2990550	Neuville-aux-Bois	19526.00	38.86	175.34	49.01	0.00	35.54	0.39	0.33	0.30	0.20
3	3008020	Lamotte-Beuvron	19542.00	38.89	175.49	49.05	0.00	35.57	0.39	0.33	0.30	0.20
3	6434132	Selles-sur-Cher	33890.00	67.44	304.33	85.06	0.00	61.68	0.67	0.57	0.53	0.35
3	6456884	La Chaussée-Saint-Victor	4530.00	9.01	40.68	11.37	0.00	8.24	0.09	0.08	0.07	0.05
3	3029345	Buzançais	17002.00	33.83	152.68	42.68	0.00	30.94	0.34	0.29	0.27	0.17
3	2980403	Sainte-Maure-de-Touraine	9936.00	19.77	89.23	24.94	0.00	18.08	0.20	0.17	0.16	0.10
3	3004468	Le Coudray	4131.00	8.22	37.10	10.37	0.00	7.52	0.08	0.07	0.06	0.04
3	3010154	La Châtre	12899.00	25.67	115.83	32.38	0.00	23.48	0.26	0.22	0.20	0.13
3	3027598	Chaingy	3775.00	7.51	33.90	9.48	0.00	6.87	0.08	0.06	0.06	0.04
3	6434061	Montoire-sur-le-Loir	10278.00	20.45	92.30	25.80	0.00	18.71	0.20	0.17	0.16	0.10
3	3020678	Dun-sur-Auron	24705.00	49.16	221.85	62.01	0.00	44.96	0.49	0.42	0.39	0.25
3	2978184	Saint-Maur	38558.00	76.73	346.25	96.78	0.00	70.18	0.77	0.65	0.60	0.39
3	3008418	La Loupe	7491.00	14.91	67.27	18.80	0.00	13.63	0.15	0.13	0.12	0.08
3	6455923	La Membrolle-sur-Choisille	8923.00	17.76	80.13	22.40	0.00	16.24	0.18	0.15	0.14	0.09
3	2998718	Levroux	2931.00	5.83	26.32	7.36	0.00	5.33	0.06	0.05	0.05	0.03
3	2981898	Saint-Aignan	2844.00	5.66	25.54	7.14	0.00	5.18	0.06	0.05	0.04	0.03
3	3023063	Cour-Cheverny	2824.00	5.62	25.36	7.09	0.00	5.14	0.06	0.05	0.04	0.03
3	3027625	Chailles	38565.00	76.74	346.31	96.80	0.00	70.19	0.77	0.65	0.60	0.39
3	2981305	Saint-Branchs	9464.00	18.83	84.99	23.75	0.00	17.22	0.19	0.16	0.15	0.10
3	3026053	Châtillon-sur-Indre	7954.00	15.83	71.43	19.96	0.00	14.48	0.16	0.13	0.12	0.08
3	2971056	Valençay	2351.00	4.68	21.11	5.90	0.00	4.28	0.05	0.04	0.04	0.02
3	3013007	Huisseau-sur-Cosson	3528.00	7.02	31.68	8.86	0.00	6.42	0.07	0.06	0.06	0.04
3	3035786	Auzouer-en-Touraine	9896.00	19.69	88.87	24.84	0.00	18.01	0.20	0.17	0.15	0.10
3	3034122	Beaune-la-Rolande	6913.00	13.76	62.08	17.35	0.00	12.58	0.14	0.12	0.11	0.07
3	2991895	Morancez	77175.00	153.58	693.03	193.71	0.00	140.46	1.54	1.30	1.20	0.79
3	2976050	Saran	182257.00	362.69	1636.67	457.47	0.00	331.71	3.63	3.06	2.84	1.86
