NIVEL	CODIGO	DESTINO	POP ATENDIDA	Physicians	Nurses	OtherCadres	CommunityBased	Beds	CTScanner	MRIUnit	Mammography	Radiotherapy
3	6498011	Rennes	727357.00	1447.44	6531.67	1825.67	0.00	1323.79	14.47	12.22	11.35	7.42
3	3030300	Brest	341516.00	679.62	3066.81	857.21	0.00	621.56	6.80	5.74	5.33	3.48
3	2973813	Quimper	159584.00	317.57	1433.06	400.56	0.00	290.44	3.18	2.68	2.49	1.63
3	6464789	Lorient	65159.00	129.67	585.13	163.55	0.00	118.59	1.30	1.09	1.02	0.66
3	2970777	Vannes	53352.00	106.17	479.10	133.91	0.00	97.10	1.06	0.90	0.83	0.54
3	2978640	Saint-Malo	117648.00	234.12	1056.48	295.30	0.00	214.12	2.34	1.98	1.84	1.20
3	8286872	Saint-Brieuc	44372.00	88.30	398.46	111.37	0.00	80.76	0.88	0.75	0.69	0.45
3	3007794	Lanester	22728.00	45.23	204.10	57.05	0.00	41.36	0.45	0.38	0.35	0.23
3	3017609	Fougères	72033.00	143.35	646.86	180.80	0.00	131.10	1.43	1.21	1.12	0.73
3	3007609	Lannion	20040.00	39.88	179.96	50.30	0.00	36.47	0.40	0.34	0.31	0.20
3	3024035	Concarneau	20514.00	40.82	184.22	51.49	0.00	37.34	0.41	0.34	0.32	0.21
3	3029713	Bruz	60018.00	119.44	538.96	150.65	0.00	109.23	1.19	1.01	0.94	0.61
3	2967879	Vitré	23968.00	47.70	215.23	60.16	0.00	43.62	0.48	0.40	0.37	0.24
3	2986732	Ploemeur	17790.00	35.40	159.75	44.65	0.00	32.38	0.35	0.30	0.28	0.18
3	3027767	Cesson-Sévigné	17312.00	34.45	155.46	43.45	0.00	31.51	0.34	0.29	0.27	0.18
3	3007874	Landerneau	15914.00	31.67	142.91	39.94	0.00	28.96	0.32	0.27	0.25	0.16
3	6449866	Hennebont	15858.00	31.56	142.40	39.80	0.00	28.86	0.32	0.27	0.25	0.16
3	6454341	Pontivy	14889.00	29.63	133.70	37.37	0.00	27.10	0.30	0.25	0.23	0.15
3	3014213	Guipavas	14842.00	29.54	133.28	37.25	0.00	27.01	0.30	0.25	0.23	0.15
3	2991772	Morlaix	14729.00	29.31	132.27	36.97	0.00	26.81	0.29	0.25	0.23	0.15
3	3021356	Dinan	32752.00	65.18	294.11	82.21	0.00	59.61	0.65	0.55	0.51	0.33
3	6453802	Plérin	96082.00	191.20	862.82	241.17	0.00	174.87	1.91	1.61	1.50	0.98
3	2983743	Douarnenez	20818.00	41.43	186.95	52.25	0.00	37.89	0.41	0.35	0.32	0.21
3	2986215	Auray	29333.00	58.37	263.41	73.63	0.00	53.39	0.58	0.49	0.46	0.30
3	2984699	Quimperlé	12188.00	24.25	109.45	30.59	0.00	22.18	0.24	0.20	0.19	0.12
3	6437369	Saint-Avé	125569.00	249.88	1127.61	315.18	0.00	228.54	2.50	2.11	1.96	1.28
3	3014303	Guidel	11659.00	23.20	104.70	29.26	0.00	21.22	0.23	0.20	0.18	0.12
3	2986678	Ploufragan	11489.00	22.86	103.17	28.84	0.00	20.91	0.23	0.19	0.18	0.12
3	3026842	Chantepie	10458.00	20.81	93.91	26.25	0.00	19.03	0.21	0.18	0.16	0.11
3	3021351	Dinard	24215.00	48.19	217.45	60.78	0.00	44.07	0.48	0.41	0.38	0.25
3	2986729	Ploërmel	18992.00	37.79	170.55	47.67	0.00	34.57	0.38	0.32	0.30	0.19
3	2979619	Saint-Grégoire	9765.00	19.43	87.69	24.51	0.00	17.77	0.19	0.16	0.15	0.10
3	6453799	Loudéac	35519.00	70.68	318.96	89.15	0.00	64.64	0.71	0.60	0.55	0.36
3	6614831	Redon	31430.00	62.55	282.24	78.89	0.00	57.20	0.63	0.53	0.49	0.32
3	3007842	Landivisiau	9142.00	18.19	82.10	22.95	0.00	16.64	0.18	0.15	0.14	0.09
3	2975113	Séné	31240.00	62.17	280.54	78.41	0.00	56.86	0.62	0.52	0.49	0.32
3	2975916	Sarzeau	8487.00	16.89	76.21	21.30	0.00	15.45	0.17	0.14	0.13	0.09
3	2971931	Trégueux	17019.00	33.87	152.83	42.72	0.00	30.97	0.34	0.29	0.27	0.17
3	3012495	Janzé	8329.00	16.57	74.79	20.91	0.00	15.16	0.17	0.14	0.13	0.08
3	3006876	Larmor-Plage	8327.00	16.57	74.78	20.90	0.00	15.16	0.17	0.14	0.13	0.08
3	2977189	Saint-Renan	12648.00	25.17	113.58	31.75	0.00	23.02	0.25	0.21	0.20	0.13
3	2969741	Vern-sur-Seiche	260199.00	517.80	2336.59	653.10	0.00	473.56	5.18	4.37	4.06	2.65
3	3014280	Guilers	7987.00	15.89	71.72	20.05	0.00	14.54	0.16	0.13	0.12	0.08
3	3022242	Crozon	10160.00	20.22	91.24	25.50	0.00	18.49	0.20	0.17	0.16	0.10
3	3035327	Bain-de-Bretagne	24138.00	48.03	216.76	60.59	0.00	43.93	0.48	0.41	0.38	0.25
3	2994245	Lesneven	90288.00	179.67	810.79	226.62	0.00	164.32	1.80	1.52	1.41	0.92
3	2988796	Paimpol	27254.00	54.24	244.74	68.41	0.00	49.60	0.54	0.46	0.43	0.28
3	3028603	Carhaix-Plouguer	22313.00	44.40	200.37	56.01	0.00	40.61	0.44	0.37	0.35	0.23
3	3014221	Guingamp	36242.00	72.12	325.45	90.97	0.00	65.96	0.72	0.61	0.57	0.37
3	2992581	Montfort-sur-Meu	12141.00	24.16	109.03	30.47	0.00	22.10	0.24	0.20	0.19	0.12
3	2986708	Plonéour-Lanvern	75346.00	149.94	676.61	189.12	0.00	137.13	1.50	1.27	1.18	0.77
3	3024137	Combourg	30357.00	60.41	272.61	76.20	0.00	55.25	0.60	0.51	0.47	0.31
3	3026262	Châteaulin	9951.00	19.80	89.36	24.98	0.00	18.11	0.20	0.17	0.16	0.10
3	3028868	Cancale	5147.00	10.24	46.22	12.92	0.00	9.37	0.10	0.09	0.08	0.05
3	2991077	Muzillac	67647.00	134.62	607.47	169.79	0.00	123.12	1.35	1.14	1.06	0.69
3	2967234	Yffiniac	8090.00	16.10	72.65	20.31	0.00	14.72	0.16	0.14	0.13	0.08
3	3033884	Bégard	6269.00	12.48	56.30	15.74	0.00	11.41	0.12	0.11	0.10	0.06
3	6437322	Nivillac	4645.00	9.24	41.71	11.66	0.00	8.45	0.09	0.08	0.07	0.05
3	6431048	Saint-Martin-des-Champs	69750.00	138.80	626.36	175.07	0.00	126.94	1.39	1.17	1.09	0.71
3	2978067	Saint-Méen-le-Grand	33945.00	67.55	304.83	85.20	0.00	61.78	0.68	0.57	0.53	0.35
3	6616618	Pont-Péan	4437.00	8.83	39.84	11.14	0.00	8.08	0.09	0.07	0.07	0.05
3	3008857	La Guerche-de-Bretagne	9378.00	18.66	84.21	23.54	0.00	17.07	0.19	0.16	0.15	0.10
3	2986803	Plémet	4959.00	9.87	44.53	12.45	0.00	9.03	0.10	0.08	0.08	0.05
3	2989918	Noyal-Pontivy	3619.00	7.20	32.50	9.08	0.00	6.59	0.07	0.06	0.06	0.04
3	3033470	Bénodet	10623.00	21.14	95.39	26.66	0.00	19.33	0.21	0.18	0.17	0.11
3	3032125	Bohars	15489.00	30.82	139.09	38.88	0.00	28.19	0.31	0.26	0.24	0.16
3	2986672	Plougonven	3477.00	6.92	31.22	8.73	0.00	6.33	0.07	0.06	0.05	0.04
3	6431037	Roscoff	10649.00	21.19	95.63	26.73	0.00	19.38	0.21	0.18	0.17	0.11
3	2992537	Montgermont	52836.00	105.14	474.47	132.62	0.00	96.16	1.05	0.89	0.82	0.54
3	2976537	Saint-Yvi	5095.00	10.14	45.75	12.79	0.00	9.27	0.10	0.09	0.08	0.05
3	2994676	Mellac	96997.00	193.02	871.03	243.46	0.00	176.53	1.93	1.63	1.51	0.99
3	2982711	Rostrenen	4798.00	9.55	43.09	12.04	0.00	8.73	0.10	0.08	0.07	0.05
3	2986894	Plancoët	29517.00	58.74	265.06	74.09	0.00	53.72	0.59	0.50	0.46	0.30
3	2984649	Quintin	2851.00	5.67	25.60	7.16	0.00	5.19	0.06	0.05	0.04	0.03
3	2988856	Pabu	63032.00	125.43	566.03	158.21	0.00	114.72	1.25	1.06	0.98	0.64
3	2985963	Port-Louis	50888.00	101.27	456.97	127.73	0.00	92.62	1.01	0.85	0.79	0.52
3	2982795	Le Palais	8196.00	16.31	73.60	20.57	0.00	14.92	0.16	0.14	0.13	0.08
3	3012248	Josselin	2498.00	4.97	22.43	6.27	0.00	4.55	0.05	0.04	0.04	0.03
3	2996440	Malestroit	34528.00	68.71	310.06	86.67	0.00	62.84	0.69	0.58	0.54	0.35
3	3015125	Grand-Fougeray	2436.00	4.85	21.88	6.11	0.00	4.43	0.05	0.04	0.04	0.02
3	2971929	Tréguier	26641.00	53.02	239.24	66.87	0.00	48.49	0.53	0.45	0.42	0.27
3	3007636	Lanmeur	17341.00	34.51	155.72	43.53	0.00	31.56	0.35	0.29	0.27	0.18
3	3030402	Bréhan	9175.00	18.26	82.39	23.03	0.00	16.70	0.18	0.15	0.14	0.09
