NIVEL	CODIGO	DESTINO	POP ATENDIDA	Physicians	Nurses	OtherCadres	CommunityBased	Beds	CTScanner	MRIUnit	Mammography	Radiotherapy
2	310010	Abadia_Dos_Dourados	41253.00	68.89	49.50	103.55	0.00	110.15	0.27	0.21	0.13	0.01
2	310120	Aiuruoca	65087.00	108.70	78.10	163.37	0.00	173.78	0.43	0.33	0.20	0.02
2	310150	Alem_Paraiba	47635.00	79.55	57.16	119.56	0.00	127.19	0.31	0.24	0.15	0.01
2	310160	Alfenas	96562.00	161.26	115.87	242.37	0.00	257.82	0.64	0.48	0.30	0.03
2	310170	Almenara	139179.00	232.43	167.01	349.34	0.00	371.61	0.92	0.70	0.43	0.04
2	310190	Alpinopolis	29246.00	48.84	35.10	73.41	0.00	78.09	0.19	0.15	0.09	0.01
2	310200	Alterosa	49457.00	82.59	59.35	124.14	0.00	132.05	0.33	0.25	0.15	0.01
2	310230	Alvinopolis	27764.00	46.37	33.32	69.69	0.00	74.13	0.18	0.14	0.09	0.01
2	310260	Andradas	50944.00	85.08	61.13	127.87	0.00	136.02	0.34	0.25	0.16	0.02
2	310290	Antonio_Carlos	16029.00	26.77	19.23	40.23	0.00	42.80	0.11	0.08	0.05	0.00
2	310350	Araguari	129154.00	215.69	154.98	324.18	0.00	344.84	0.85	0.65	0.40	0.04
2	310400	Araxa	118418.00	197.76	142.10	297.23	0.00	316.18	0.78	0.59	0.37	0.04
2	310430	Areado	22597.00	37.74	27.12	56.72	0.00	60.33	0.15	0.11	0.07	0.01
2	310450	Arinos	90490.00	151.12	108.59	227.13	0.00	241.61	0.60	0.45	0.28	0.03
2	310480	Augusto_De_Lima	27261.00	45.53	32.71	68.43	0.00	72.79	0.18	0.14	0.08	0.01
2	310540	Barao_De_Cocais	98174.00	163.95	117.81	246.42	0.00	262.12	0.65	0.49	0.30	0.03
2	310560	Barbacena	159277.00	265.99	191.13	399.79	0.00	425.27	1.05	0.80	0.49	0.05
2	310620	Belo_Horizonte	2698069.00	4505.78	3237.68	6772.15	0.00	7203.84	17.81	13.49	8.36	0.81
2	310630	Belo_Oriente	53665.00	89.62	64.40	134.70	0.00	143.29	0.35	0.27	0.17	0.02
2	310640	Belo_Vale	18949.00	31.64	22.74	47.56	0.00	50.59	0.13	0.09	0.06	0.01
2	310670	Betim	574104.00	958.75	688.92	1441.00	0.00	1532.86	3.79	2.87	1.78	0.17
2	310690	Bicas	64592.00	107.87	77.51	162.13	0.00	172.46	0.43	0.32	0.20	0.02
2	310730	Bocaiuva	68169.00	113.84	81.80	171.10	0.00	182.01	0.45	0.34	0.21	0.02
2	310740	Bom_Despacho	54106.00	90.36	64.93	135.81	0.00	144.46	0.36	0.27	0.17	0.02
2	310780	Bom_Jesus_Do_Galho	24502.00	40.92	29.40	61.50	0.00	65.42	0.16	0.12	0.08	0.01
2	310800	Bom_Sucesso	45860.00	76.59	55.03	115.11	0.00	122.45	0.30	0.23	0.14	0.01
2	310855	Brasilandia_De_Minas	31742.00	53.01	38.09	79.67	0.00	84.75	0.21	0.16	0.10	0.01
2	310900	Brumadinho	93613.00	156.33	112.34	234.97	0.00	249.95	0.62	0.47	0.29	0.03
2	310910	Bueno_Brandao	26286.00	43.90	31.54	65.98	0.00	70.18	0.17	0.13	0.08	0.01
2	310945	Cabeceira_Grande	7452.00	12.44	8.94	18.70	0.00	19.90	0.05	0.04	0.02	0.00
2	310950	Cabo_Verde	53566.00	89.46	64.28	134.45	0.00	143.02	0.35	0.27	0.17	0.02
2	310990	Caetanopolis	40936.00	68.36	49.12	102.75	0.00	109.30	0.27	0.20	0.13	0.01
2	311000	Caete	47863.00	79.93	57.44	120.14	0.00	127.79	0.32	0.24	0.15	0.01
2	311030	Caldas	25228.00	42.13	30.27	63.32	0.00	67.36	0.17	0.13	0.08	0.01
2	311050	Camanducaia	68410.00	114.24	82.09	171.71	0.00	182.65	0.45	0.34	0.21	0.02
2	311060	Cambui	51799.00	86.50	62.16	130.02	0.00	138.30	0.34	0.26	0.16	0.02
2	311090	Campanha	27193.00	45.41	32.63	68.25	0.00	72.61	0.18	0.14	0.08	0.01
2	311100	Campestre	22710.00	37.93	27.25	57.00	0.00	60.64	0.15	0.11	0.07	0.01
2	311120	Campo_Belo	87786.00	146.60	105.34	220.34	0.00	234.39	0.58	0.44	0.27	0.03
2	311150	Campos_Altos	24235.00	40.47	29.08	60.83	0.00	64.71	0.16	0.12	0.08	0.01
2	311160	Campos_Gerais	94395.00	157.64	113.27	236.93	0.00	252.03	0.62	0.47	0.29	0.03
2	311200	Candeias	95681.00	159.79	114.82	240.16	0.00	255.47	0.63	0.48	0.30	0.03
2	311260	Capinopolis	24809.00	41.43	29.77	62.27	0.00	66.24	0.16	0.12	0.08	0.01
2	311280	Capitolio	104834.00	175.07	125.80	263.13	0.00	279.91	0.69	0.52	0.32	0.03
2	311320	Carandai	56341.00	94.09	67.61	141.42	0.00	150.43	0.37	0.28	0.17	0.02
2	311340	Caratinga	221286.00	369.55	265.54	555.43	0.00	590.83	1.46	1.11	0.69	0.07
2	311350	Carbonita	152335.00	254.40	182.80	382.36	0.00	406.73	1.01	0.76	0.47	0.05
2	311360	Careacu	37388.00	62.44	44.87	93.84	0.00	99.83	0.25	0.19	0.12	0.01
2	311370	Carlos_Chagas	115893.00	193.54	139.07	290.89	0.00	309.43	0.76	0.58	0.36	0.03
2	311390	Carmo_Da_Cachoeira	26353.00	44.01	31.62	66.15	0.00	70.36	0.17	0.13	0.08	0.01
2	311400	Carmo_Da_Mata	94771.00	158.27	113.73	237.88	0.00	253.04	0.63	0.47	0.29	0.03
2	311410	Carmo_De_Minas	137117.00	228.99	164.54	344.16	0.00	366.10	0.90	0.69	0.43	0.04
2	311430	Carmo_Do_Paranaiba	35762.00	59.72	42.91	89.76	0.00	95.48	0.24	0.18	0.11	0.01
2	311510	Cassia	80829.00	134.98	96.99	202.88	0.00	215.81	0.53	0.40	0.25	0.02
2	311530	Cataguases	171238.00	285.97	205.49	429.81	0.00	457.21	1.13	0.86	0.53	0.05
2	311547	Catuti	25127.00	41.96	30.15	63.07	0.00	67.09	0.17	0.13	0.08	0.01
2	311730	Conceicao_Das_Alagoas	121163.00	202.34	145.40	304.12	0.00	323.51	0.80	0.61	0.38	0.04
2	311750	Conceicao_Do_Mato_Dentro	32764.00	54.72	39.32	82.24	0.00	87.48	0.22	0.16	0.10	0.01
2	311770	Conceicao_Do_Rio_Verde	81815.00	136.63	98.18	205.36	0.00	218.45	0.54	0.41	0.25	0.02
2	311783	Conego_Marinho	25394.00	42.41	30.47	63.74	0.00	67.80	0.17	0.13	0.08	0.01
2	311820	Conquista	46580.00	77.79	55.90	116.92	0.00	124.37	0.31	0.23	0.14	0.01
2	311830	Conselheiro_Lafaiete	254177.00	424.48	305.01	637.98	0.00	678.65	1.68	1.27	0.79	0.08
2	311860	Contagem	903915.00	1509.54	1084.70	2268.83	0.00	2413.45	5.97	4.52	2.80	0.27
2	311880	Coracao_De_Jesus	51330.00	85.72	61.60	128.84	0.00	137.05	0.34	0.26	0.16	0.02
2	311940	Coronel_Fabriciano	258417.00	431.56	310.10	648.63	0.00	689.97	1.71	1.29	0.80	0.08
2	312090	Curvelo	122282.00	204.21	146.74	306.93	0.00	326.49	0.81	0.61	0.38	0.04
2	312180	Dionisio	33110.00	55.29	39.73	83.11	0.00	88.40	0.22	0.17	0.10	0.01
2	312210	Divino_Das_Laranjeiras	87812.00	146.65	105.37	220.41	0.00	234.46	0.58	0.44	0.27	0.03
2	312230	Divinopolis	285726.00	477.16	342.87	717.17	0.00	762.89	1.89	1.43	0.89	0.09
2	312360	Eloi_Mendes	53108.00	88.69	63.73	133.30	0.00	141.80	0.35	0.27	0.16	0.02
2	312390	Entre_Rios_De_Minas	16409.00	27.40	19.69	41.19	0.00	43.81	0.11	0.08	0.05	0.00
2	312400	Ervalia	33340.00	55.68	40.01	83.68	0.00	89.02	0.22	0.17	0.10	0.01
2	312410	Esmeraldas	75714.00	126.44	90.86	190.04	0.00	202.16	0.50	0.38	0.23	0.02
2	312450	Estiva	28011.00	46.78	33.61	70.31	0.00	74.79	0.18	0.14	0.09	0.01
2	312490	Eugenopolis	24066.00	40.19	28.88	60.41	0.00	64.26	0.16	0.12	0.07	0.01
2	312590	Ferros	19145.00	31.97	22.97	48.05	0.00	51.12	0.13	0.10	0.06	0.01
2	312595	Fervedouro	32568.00	54.39	39.08	81.75	0.00	86.96	0.21	0.16	0.10	0.01
2	312620	Formoso	10172.00	16.99	12.21	25.53	0.00	27.16	0.07	0.05	0.03	0.00
2	312650	Francisco_Badaro	118169.00	197.34	141.80	296.60	0.00	315.51	0.78	0.59	0.37	0.04
2	312670	Francisco_Sa	44580.00	74.45	53.50	111.90	0.00	119.03	0.29	0.22	0.14	0.01
2	312690	Frei_Inocencio	28625.00	47.80	34.35	71.85	0.00	76.43	0.19	0.14	0.09	0.01
2	312707	Fruta_De_Leite	24606.00	41.09	29.53	61.76	0.00	65.70	0.16	0.12	0.08	0.01
2	312760	Gouveia	77147.00	128.84	92.58	193.64	0.00	205.98	0.51	0.39	0.24	0.02
2	312770	Governador_Valadares	308568.00	515.31	370.28	774.51	0.00	823.88	2.04	1.54	0.96	0.09
2	312780	Grao_Mogol	30295.00	50.59	36.35	76.04	0.00	80.89	0.20	0.15	0.09	0.01
2	312800	Guanhaes	182647.00	305.02	219.18	458.44	0.00	487.67	1.21	0.91	0.57	0.05
2	312820	Guaraciaba	11145.00	18.61	13.37	27.97	0.00	29.76	0.07	0.06	0.03	0.00
2	312825	Guaraciama	11116.00	18.56	13.34	27.90	0.00	29.68	0.07	0.06	0.03	0.00
2	312860	Guarda_Mor	7109.00	11.87	8.53	17.84	0.00	18.98	0.05	0.04	0.02	0.00
2	312910	Gurinhata	27440.00	45.82	32.93	68.87	0.00	73.26	0.18	0.14	0.09	0.01
2	312940	Ibertioga	22148.00	36.99	26.58	55.59	0.00	59.14	0.15	0.11	0.07	0.01
2	312950	Ibia	30855.00	51.53	37.03	77.45	0.00	82.38	0.20	0.15	0.10	0.01
2	313070	Indianopolis	7365.00	12.30	8.84	18.49	0.00	19.66	0.05	0.04	0.02	0.00
2	313120	Ipanema	41728.00	69.69	50.07	104.74	0.00	111.41	0.28	0.21	0.13	0.01
2	313130	Ipatinga	301758.00	503.94	362.11	757.41	0.00	805.69	1.99	1.51	0.94	0.09
2	313150	Ipuiuna	25235.00	42.14	30.28	63.34	0.00	67.38	0.17	0.13	0.08	0.01
2	313170	Itabira	128548.00	214.68	154.26	322.66	0.00	343.22	0.85	0.64	0.40	0.04
2	313190	Itabirito	55309.00	92.37	66.37	138.83	0.00	147.68	0.37	0.28	0.17	0.02
2	313220	Itaguara	77504.00	129.43	93.00	194.54	0.00	206.94	0.51	0.39	0.24	0.02
2	313230	Itaipe	60551.00	101.12	72.66	151.98	0.00	161.67	0.40	0.30	0.19	0.02
2	313240	Itajuba	164315.00	274.41	197.18	412.43	0.00	438.72	1.08	0.82	0.51	0.05
2	313270	Itambacuri	29037.00	48.49	34.84	72.88	0.00	77.53	0.19	0.15	0.09	0.01
2	313320	Itanhomi	26241.00	43.82	31.49	65.86	0.00	70.06	0.17	0.13	0.08	0.01
2	313350	Itapecerica	30917.00	51.63	37.10	77.60	0.00	82.55	0.20	0.15	0.10	0.01
2	313380	Itauna	152918.00	255.37	183.50	383.82	0.00	408.29	1.01	0.76	0.47	0.05
2	313420	Ituiutaba	112241.00	187.44	134.69	281.72	0.00	299.68	0.74	0.56	0.35	0.03
2	313440	Iturama	72062.00	120.34	86.47	180.88	0.00	192.41	0.48	0.36	0.22	0.02
2	313460	Jaboticatubas	29886.00	49.91	35.86	75.01	0.00	79.80	0.20	0.15	0.09	0.01
2	313480	Jacui	8284.00	13.83	9.94	20.79	0.00	22.12	0.05	0.04	0.03	0.00
2	313505	Jaiba	51423.00	85.88	61.71	129.07	0.00	137.30	0.34	0.26	0.16	0.02
2	313510	Janauba	84956.00	141.88	101.95	213.24	0.00	226.83	0.56	0.42	0.26	0.03
2	313540	Jeceaba	9377.00	15.66	11.25	23.54	0.00	25.04	0.06	0.05	0.03	0.00
2	313560	Jequitai	22795.00	38.07	27.35	57.22	0.00	60.86	0.15	0.11	0.07	0.01
2	313570	Jequitiba	18536.00	30.96	22.24	46.53	0.00	49.49	0.12	0.09	0.06	0.01
2	313620	Joao_Monlevade	96676.00	161.45	116.01	242.66	0.00	258.12	0.64	0.48	0.30	0.03
2	313630	Joao_Pinheiro	52375.00	87.47	62.85	131.46	0.00	139.84	0.35	0.26	0.16	0.02
2	313670	Juiz_De_Fora	638319.00	1065.99	765.98	1602.18	0.00	1704.31	4.21	3.19	1.98	0.19
2	313770	Lajinha	65193.00	108.87	78.23	163.63	0.00	174.07	0.43	0.33	0.20	0.02
2	313780	Lambari	30500.00	50.94	36.60	76.56	0.00	81.44	0.20	0.15	0.09	0.01
2	313820	Lavras	126176.00	210.71	151.41	316.70	0.00	336.89	0.83	0.63	0.39	0.04
2	313860	Lima_Duarte	21844.00	36.48	26.21	54.83	0.00	58.32	0.14	0.11	0.07	0.01
2	313868	Luislandia	15283.00	25.52	18.34	38.36	0.00	40.81	0.10	0.08	0.05	0.00
2	313880	Luz	69982.00	116.87	83.98	175.65	0.00	186.85	0.46	0.35	0.22	0.02
2	313900	Machado	69988.00	116.88	83.99	175.67	0.00	186.87	0.46	0.35	0.22	0.02
2	313920	Malacacheta	128306.00	214.27	153.97	322.05	0.00	342.58	0.85	0.64	0.40	0.04
2	313930	Manga	87826.00	146.67	105.39	220.44	0.00	234.50	0.58	0.44	0.27	0.03
2	313940	Manhuacu	150074.00	250.62	180.09	376.69	0.00	400.70	0.99	0.75	0.47	0.05
2	313950	Manhumirim	45476.00	75.94	54.57	114.14	0.00	121.42	0.30	0.23	0.14	0.01
2	313980	Mar_De_Espanha	26492.00	44.24	31.79	66.49	0.00	70.73	0.17	0.13	0.08	0.01
2	314050	Martinho_Campos	95673.00	159.77	114.81	240.14	0.00	255.45	0.63	0.48	0.30	0.03
2	314090	Matipo	60338.00	100.76	72.41	151.45	0.00	161.10	0.40	0.30	0.19	0.02
2	314140	Medina	151843.00	253.58	182.21	381.13	0.00	405.42	1.00	0.76	0.47	0.05
2	314160	Merces	15446.00	25.79	18.54	38.77	0.00	41.24	0.10	0.08	0.05	0.00
2	314170	Mesquita	16367.00	27.33	19.64	41.08	0.00	43.70	0.11	0.08	0.05	0.00
2	314200	Mirabela	220666.00	368.51	264.80	553.87	0.00	589.18	1.46	1.10	0.68	0.07
2	314220	Mirai	19310.00	32.25	23.17	48.47	0.00	51.56	0.13	0.10	0.06	0.01
2	314240	Moema	59582.00	99.50	71.50	149.55	0.00	159.08	0.39	0.30	0.18	0.02
2	314280	Monte_Alegre_De_Minas	84063.00	140.39	100.88	211.00	0.00	224.45	0.55	0.42	0.26	0.03
2	314290	Monte_Azul	85137.00	142.18	102.16	213.69	0.00	227.32	0.56	0.43	0.26	0.03
2	314300	Monte_Belo	14215.00	23.74	17.06	35.68	0.00	37.95	0.09	0.07	0.04	0.00
2	314310	Monte_Carmelo	71301.00	119.07	85.56	178.97	0.00	190.37	0.47	0.36	0.22	0.02
2	314320	Monte_Santo_De_Minas	122085.00	203.88	146.50	306.43	0.00	325.97	0.81	0.61	0.38	0.04
2	314330	Montes_Claros	444637.00	742.54	533.56	1116.04	0.00	1187.18	2.93	2.22	1.38	0.13
2	314390	Muriae	116605.00	194.73	139.93	292.68	0.00	311.34	0.77	0.58	0.36	0.03
2	314450	Nazareno	25186.00	42.06	30.22	63.22	0.00	67.25	0.17	0.13	0.08	0.01
2	314460	Nepomuceno	66018.00	110.25	79.22	165.71	0.00	176.27	0.44	0.33	0.20	0.02
2	314470	Nova_Era	29088.00	48.58	34.91	73.01	0.00	77.66	0.19	0.15	0.09	0.01
2	314480	Nova_Lima	111931.00	186.92	134.32	280.95	0.00	298.86	0.74	0.56	0.35	0.03
2	314510	Nova_Resende	38774.00	64.75	46.53	97.32	0.00	103.53	0.26	0.19	0.12	0.01
2	314520	Nova_Serrana	146265.00	244.26	175.52	367.13	0.00	390.53	0.97	0.73	0.45	0.04
2	314600	Ouro_Fino	89232.00	149.02	107.08	223.97	0.00	238.25	0.59	0.45	0.28	0.03
2	314610	Ouro_Preto	144672.00	241.60	173.61	363.13	0.00	386.27	0.95	0.72	0.45	0.04
2	314630	Padre_Paraiso	59205.00	98.87	71.05	148.60	0.00	158.08	0.39	0.30	0.18	0.02
2	314670	Palma	28580.00	47.73	34.30	71.74	0.00	76.31	0.19	0.14	0.09	0.01
2	314675	Palmopolis	80213.00	133.96	96.26	201.33	0.00	214.17	0.53	0.40	0.25	0.02
2	314700	Paracatu	99690.00	166.48	119.63	250.22	0.00	266.17	0.66	0.50	0.31	0.03
2	314710	Para_De_Minas	147290.00	245.97	176.75	369.70	0.00	393.26	0.97	0.74	0.46	0.04
2	314730	Paraisopolis	64680.00	108.02	77.62	162.35	0.00	172.70	0.43	0.32	0.20	0.02
2	314790	Passos	127684.00	213.23	153.22	320.49	0.00	340.92	0.84	0.64	0.40	0.04
2	314800	Patos_De_Minas	182085.00	304.08	218.50	457.03	0.00	486.17	1.20	0.91	0.56	0.05
2	314810	Patrocinio	105711.00	176.54	126.85	265.33	0.00	282.25	0.70	0.53	0.33	0.03
2	314910	Pedralva	15161.00	25.32	18.19	38.05	0.00	40.48	0.10	0.08	0.05	0.00
2	314980	Perdizes	17266.00	28.83	20.72	43.34	0.00	46.10	0.11	0.09	0.05	0.01
2	315070	Pirajuba	45245.00	75.56	54.29	113.56	0.00	120.80	0.30	0.23	0.14	0.01
2	315080	Piranga	41630.00	69.52	49.96	104.49	0.00	111.15	0.27	0.21	0.13	0.01
2	315140	Pitangui	39236.00	65.52	47.08	98.48	0.00	104.76	0.26	0.20	0.12	0.01
2	315180	Pocos_De_Caldas	185321.00	309.49	222.39	465.16	0.00	494.81	1.22	0.93	0.57	0.06
2	315210	Ponte_Nova	107115.00	178.88	128.54	268.86	0.00	286.00	0.71	0.54	0.33	0.03
2	315220	Porteirinha	62850.00	104.96	75.42	157.75	0.00	167.81	0.41	0.31	0.19	0.02
2	315240	Pote	37228.00	62.17	44.67	93.44	0.00	99.40	0.25	0.19	0.12	0.01
2	315250	Pouso_Alegre	186305.00	311.13	223.57	467.63	0.00	497.43	1.23	0.93	0.58	0.06
2	315270	Prados	60622.00	101.24	72.75	152.16	0.00	161.86	0.40	0.30	0.19	0.02
2	315340	Presidente_Olegario	61472.00	102.66	73.77	154.29	0.00	164.13	0.41	0.31	0.19	0.02
2	315400	Raul_Soares	74001.00	123.58	88.80	185.74	0.00	197.58	0.49	0.37	0.23	0.02
2	315410	Recreio	11340.00	18.94	13.61	28.46	0.00	30.28	0.07	0.06	0.04	0.00
2	315420	Resende_Costa	26329.00	43.97	31.59	66.09	0.00	70.30	0.17	0.13	0.08	0.01
2	315430	Resplendor	99417.00	166.03	119.30	249.54	0.00	265.44	0.66	0.50	0.31	0.03
2	315520	Rio_Espera	42285.00	70.62	50.74	106.14	0.00	112.90	0.28	0.21	0.13	0.01
2	315550	Rio_Paranaiba	62268.00	103.99	74.72	156.29	0.00	166.26	0.41	0.31	0.19	0.02
2	315570	Rio_Piracicaba	15473.00	25.84	18.57	38.84	0.00	41.31	0.10	0.08	0.05	0.00
2	315580	Rio_Pomba	75511.00	126.10	90.61	189.53	0.00	201.61	0.50	0.38	0.23	0.02
2	315590	Rio_Preto	16757.00	27.98	20.11	42.06	0.00	44.74	0.11	0.08	0.05	0.01
2	315670	Sabara	163614.00	273.24	196.34	410.67	0.00	436.85	1.08	0.82	0.51	0.05
2	315770	Santa_Juliana	35213.00	58.81	42.26	88.38	0.00	94.02	0.23	0.18	0.11	0.01
2	315780	Santa_Luzia	239656.00	400.23	287.59	601.54	0.00	639.88	1.58	1.20	0.74	0.07
2	315790	Santa_Margarida	38294.00	63.95	45.95	96.12	0.00	102.24	0.25	0.19	0.12	0.01
2	315800	Santa_Maria_De_Itabira	19303.00	32.24	23.16	48.45	0.00	51.54	0.13	0.10	0.06	0.01
2	315810	Santa_Maria_Do_Salto	13217.00	22.07	15.86	33.17	0.00	35.29	0.09	0.07	0.04	0.00
2	315960	Santa_Rita_Do_Sapucai	58527.00	97.74	70.23	146.90	0.00	156.27	0.39	0.29	0.18	0.02
2	315980	Santa_Vitoria	21148.00	35.32	25.38	53.08	0.00	56.47	0.14	0.11	0.07	0.01
2	316040	Santo_Antonio_Do_Monte	90565.00	151.24	108.68	227.32	0.00	241.81	0.60	0.45	0.28	0.03
2	316070	Santos_Dumont	56727.00	94.73	68.07	142.38	0.00	151.46	0.37	0.28	0.18	0.02
2	316200	Sao_Goncalo_Do_Sapucai	31134.00	51.99	37.36	78.15	0.00	83.13	0.21	0.16	0.10	0.01
2	316220	Sao_Joao_Batista_Do_Gloria	7989.00	13.34	9.59	20.05	0.00	21.33	0.05	0.04	0.02	0.00
2	316250	Sao_Joao_Del_Rei	105403.00	176.02	126.48	264.56	0.00	281.43	0.70	0.53	0.33	0.03
2	316470	Sao_Sebastiao_Do_Paraiso	83579.00	139.58	100.29	209.78	0.00	223.16	0.55	0.42	0.26	0.03
2	316500	Sao_Tiago	11780.00	19.67	14.14	29.57	0.00	31.45	0.08	0.06	0.04	0.00
2	316550	Sardoa	47207.00	78.84	56.65	118.49	0.00	126.04	0.31	0.24	0.15	0.01
2	316570	Senador_Firmino	13000.00	21.71	15.60	32.63	0.00	34.71	0.09	0.07	0.04	0.00
2	316680	Serra_Do_Salitre	16855.00	28.15	20.23	42.31	0.00	45.00	0.11	0.08	0.05	0.01
2	316720	Sete_Lagoas	438465.00	732.24	526.16	1100.55	0.00	1170.70	2.89	2.19	1.36	0.13
2	316800	Taiobeiras	182217.00	304.30	218.66	457.36	0.00	486.52	1.20	0.91	0.56	0.05
2	316840	Tarumirim	46886.00	78.30	56.26	117.68	0.00	125.19	0.31	0.23	0.15	0.01
2	316850	Teixeiras	34250.00	57.20	41.10	85.97	0.00	91.45	0.23	0.17	0.11	0.01
2	316860	Teofilo_Otoni	164026.00	273.92	196.83	411.71	0.00	437.95	1.08	0.82	0.51	0.05
2	316920	Tombos	106389.00	177.67	127.67	267.04	0.00	284.06	0.70	0.53	0.33	0.03
2	316930	Tres_Coracoes	98934.00	165.22	118.72	248.32	0.00	264.15	0.65	0.49	0.31	0.03
2	316935	Tres_Marias	34496.00	57.61	41.40	86.58	0.00	92.10	0.23	0.17	0.11	0.01
2	316940	Tres_Pontas	60988.00	101.85	73.19	153.08	0.00	162.84	0.40	0.30	0.19	0.02
2	316960	Tupaciguara	27237.00	45.49	32.68	68.36	0.00	72.72	0.18	0.14	0.08	0.01
2	316990	Uba	210885.00	352.18	253.06	529.32	0.00	563.06	1.39	1.05	0.65	0.06
2	317000	Ubai	48028.00	80.21	57.63	120.55	0.00	128.23	0.32	0.24	0.15	0.01
2	317010	Uberaba	356310.00	595.04	427.57	894.34	0.00	951.35	2.35	1.78	1.10	0.11
2	317020	Uberlandia	736915.00	1230.65	884.30	1849.66	0.00	1967.56	4.86	3.68	2.28	0.22
2	317040	Unai	93965.00	156.92	112.76	235.85	0.00	250.89	0.62	0.47	0.29	0.03
2	317070	Varginha	145040.00	242.22	174.05	364.05	0.00	387.26	0.96	0.73	0.45	0.04
2	317075	Varjao_De_Minas	15093.00	25.21	18.11	37.88	0.00	40.30	0.10	0.08	0.05	0.00
2	317080	Varzea_Da_Palma	140093.00	233.96	168.11	351.63	0.00	374.05	0.92	0.70	0.43	0.04
2	317090	Varzelandia	54515.00	91.04	65.42	136.83	0.00	145.56	0.36	0.27	0.17	0.02
2	317120	Vespasiano	586293.00	979.11	703.55	1471.60	0.00	1565.40	3.87	2.93	1.82	0.18
2	317130	Vicosa	102221.00	170.71	122.67	256.57	0.00	272.93	0.67	0.51	0.32	0.03
