NIVEL	CODIGO	DESTINO	POP ATENDIDA	Physicians	Nurses	OtherCadres	CommunityBased	MRIUnit	Mammography	Radiotherapy
1,2988800,Nice,1006402.00,412.62,2546.20,1258.00,4911.24,0.00,0.00,0.00,0.00,0.00
1,2969187,Marseille,870018.00,356.71,2201.15,1087.52,4245.69,0.00,0.00,0.00,0.00,0.00
1,2980772,Toulon,171953.00,70.50,435.04,214.94,839.13,0.00,0.00,0.00,0.00,0.00
1,3038354,Aix-en-Provence,166254.00,68.16,420.62,207.82,811.32,0.00,0.00,0.00,0.00,0.00
1,3035681,Avignon,93671.00,38.41,236.99,117.09,457.11,0.00,0.00,0.00,0.00,0.00
1,3028808,Cannes,73868.00,30.29,186.89,92.33,360.48,0.00,0.00,0.00,0.00,0.00
1,2977162,Antibes,72999.00,29.93,184.69,91.25,356.24,0.00,0.00,0.00,0.00,0.00
1,2974657,La Seyne-sur-Mer,63936.00,26.21,161.76,79.92,312.01,0.00,0.00,0.00,0.00,0.00
1,3012937,Hyères,55588.00,22.79,140.64,69.48,271.27,0.00,0.00,0.00,0.00,0.00
1,3017253,Fréjus,52672.00,21.60,133.26,65.84,257.04,0.00,0.00,0.00,0.00,0.00
1,3036938,Arles,69506.00,28.50,175.85,86.88,339.19,0.00,0.00,0.00,0.00,0.00
1,3029227,Cagnes-sur-Mer,50928.00,20.88,128.85,63.66,248.53,0.00,0.00,0.00,0.00,0.00
1,3014856,Grasse,50396.00,20.66,127.50,62.99,245.93,0.00,0.00,0.00,0.00,0.00
1,6454958,Martigues,98683.00,40.46,249.67,123.35,481.57,0.00,0.00,0.00,0.00,0.00
1,3036433,Aubagne,69691.00,28.57,176.32,87.11,340.09,0.00,0.00,0.00,0.00,0.00
1,2976341,Salon-de-Provence,54943.00,22.53,139.01,68.68,268.12,0.00,0.00,0.00,0.00,0.00
1,3012647,Istres,43133.00,17.68,109.13,53.92,210.49,0.00,0.00,0.00,0.00,0.00
1,3004871,Le Cannet,41471.00,17.00,104.92,51.84,202.38,0.00,0.00,0.00,0.00,0.00
1,3016702,Gap,45487.00,18.65,115.08,56.86,221.98,0.00,0.00,0.00,0.00,0.00
1,3020850,Draguignan,39340.00,16.13,99.53,49.17,191.98,0.00,0.00,0.00,0.00,0.00
1,6456718,La Ciotat,35174.00,14.42,88.99,43.97,171.65,0.00,0.00,0.00,0.00,0.00
1,6445063,Saint-Raphaël,37979.00,15.57,96.09,47.47,185.34,0.00,0.00,0.00,0.00,0.00
1,2967870,Vitrolles,103034.00,42.24,260.68,128.79,502.81,0.00,0.00,0.00,0.00,0.00
1,2995750,Marignane,32920.00,13.50,83.29,41.15,160.65,0.00,0.00,0.00,0.00,0.00
1,2989460,Orange,48602.00,19.93,122.96,60.75,237.18,0.00,0.00,0.00,0.00,0.00
1,2978891,Saint-Laurent-du-Var,28453.00,11.67,71.99,35.57,138.85,0.00,0.00,0.00,0.00,0.00
1,3028542,Carpentras,28309.00,11.61,71.62,35.39,138.15,0.00,0.00,0.00,0.00,0.00
1,6425695,Vallauris,26672.00,10.94,67.48,33.34,130.16,0.00,0.00,0.00,0.00,0.00
1,6614137,Cavaillon,84918.00,34.82,214.84,106.15,414.40,0.00,0.00,0.00,0.00,0.00
1,3009198,La Garde,25126.00,10.30,63.57,31.41,122.61,0.00,0.00,0.00,0.00,0.00
1,2996255,Mandelieu-la-Napoule,55382.00,22.71,140.12,69.23,270.26,0.00,0.00,0.00,0.00,0.00
1,6425528,Manosque,29271.00,12.00,74.06,36.59,142.84,0.00,0.00,0.00,0.00,0.00
1,3038159,Allauch,21187.00,8.69,53.60,26.48,103.39,0.00,0.00,0.00,0.00,0.00
1,3016667,Gardanne,20794.00,8.53,52.61,25.99,101.47,0.00,0.00,0.00,0.00,0.00
1,2987825,Pertuis,20380.00,8.36,51.56,25.48,99.45,0.00,0.00,0.00,0.00,0.00
1,2991551,Mougins,19489.00,7.99,49.31,24.36,95.11,0.00,0.00,0.00,0.00,0.00
1,2974188,Sorgues,22958.00,9.41,58.08,28.70,112.04,0.00,0.00,0.00,0.00,0.00
1,2970148,Vence,172924.00,70.90,437.50,216.16,843.87,0.00,0.00,0.00,0.00,0.00
1,2999891,La Crau,36715.00,15.05,92.89,45.89,179.17,0.00,0.00,0.00,0.00,0.00
1,3030057,Brignoles,46909.00,19.23,118.68,58.64,228.92,0.00,0.00,0.00,0.00,0.00
1,2976258,Sanary-sur-Mer,16696.00,6.85,42.24,20.87,81.48,0.00,0.00,0.00,0.00,0.00
1,6618043,Digne-les-Bains,18794.00,7.71,47.55,23.49,91.71,0.00,0.00,0.00,0.00,0.00
1,2973393,Tarascon,38700.00,15.87,97.91,48.38,188.86,0.00,0.00,0.00,0.00,0.00
1,3031387,Bouc-Bel-Air,196070.00,80.39,496.06,245.09,956.82,0.00,0.00,0.00,0.00,0.00
1,2982875,Roquebrune-sur-Argens,34836.00,14.28,88.14,43.55,170.00,0.00,0.00,0.00,0.00,0.00
1,2989590,Ollioules,13771.00,5.65,34.84,17.21,67.20,0.00,0.00,0.00,0.00,0.00
1,3003188,Cogolin,47701.00,19.56,120.68,59.63,232.78,0.00,0.00,0.00,0.00,0.00
1,3030142,Briançon,18581.00,7.62,47.01,23.23,90.68,0.00,0.00,0.00,0.00,0.00
1,3037352,Apt,33123.00,13.58,83.80,41.40,161.64,0.00,0.00,0.00,0.00,0.00
1,3003650,Le Luc,33885.00,13.89,85.73,42.36,165.36,0.00,0.00,0.00,0.00,0.00
1,2977214,Saint-Rémy-de-Provence,9829.00,4.03,24.87,12.29,47.97,0.00,0.00,0.00,0.00,0.00
1,3028534,Carqueiranne,9555.00,3.92,24.17,11.94,46.63,0.00,0.00,0.00,0.00,0.00
1,6615256,Valréas,13131.00,5.38,33.22,16.41,64.08,0.00,0.00,0.00,0.00,0.00
1,6447163,Roquevaire,8858.00,3.63,22.41,11.07,43.23,0.00,0.00,0.00,0.00,0.00
1,2988220,Pégomas,7992.00,3.28,20.22,9.99,39.00,0.00,0.00,0.00,0.00,0.00
1,6447121,Éguilles,30844.00,12.65,78.04,38.55,150.52,0.00,0.00,0.00,0.00,0.00
1,2974446,Sisteron,25708.00,10.54,65.04,32.13,125.46,0.00,0.00,0.00,0.00,0.00
1,3023842,Contes,7429.00,3.05,18.80,9.29,36.25,0.00,0.00,0.00,0.00,0.00
1,3019219,Eyguières,6926.00,2.84,17.52,8.66,33.80,0.00,0.00,0.00,0.00,0.00
1,2976656,Saint-Victoret,23202.00,9.51,58.70,29.00,113.23,0.00,0.00,0.00,0.00,0.00
1,3007401,La Penne-sur-Huveaune,6446.00,2.64,16.31,8.06,31.46,0.00,0.00,0.00,0.00,0.00
1,3000866,La Bouilladisse,6254.00,2.56,15.82,7.82,30.52,0.00,0.00,0.00,0.00,0.00
1,6446638,Embrun,10860.00,4.45,27.48,13.57,53.00,0.00,0.00,0.00,0.00,0.00
1,2994901,Mazan,6127.00,2.51,15.50,7.66,29.90,0.00,0.00,0.00,0.00,0.00
1,2975953,Sarrians,184275.00,75.55,466.22,230.34,899.26,0.00,0.00,0.00,0.00,0.00
1,2987297,Pierrefeu-du-Var,6065.00,2.49,15.34,7.58,29.60,0.00,0.00,0.00,0.00,0.00
1,2971154,Vaison-la-Romaine,5953.00,2.44,15.06,7.44,29.05,0.00,0.00,0.00,0.00,0.00
1,3002443,Le Puy-Sainte-Réparade,10077.00,4.13,25.49,12.60,49.18,0.00,0.00,0.00,0.00,0.00
1,2974337,Solliès-Toucas,5696.00,2.34,14.41,7.12,27.80,0.00,0.00,0.00,0.00,0.00
1,6618146,Saint-André-de-la-Roche,5577.00,2.29,14.11,6.97,27.22,0.00,0.00,0.00,0.00,0.00
1,2987547,Peypin,5547.00,2.27,14.03,6.93,27.07,0.00,0.00,0.00,0.00,0.00
1,3017798,Forcalquier,7743.00,3.17,19.59,9.68,37.79,0.00,0.00,0.00,0.00,0.00
1,2990987,Nans-les-Pins,36774.00,15.08,93.04,45.97,179.46,0.00,0.00,0.00,0.00,0.00
1,2998916,Levens,4726.00,1.94,11.96,5.91,23.06,0.00,0.00,0.00,0.00,0.00
1,3027745,Ceyreste,4656.00,1.91,11.78,5.82,22.72,0.00,0.00,0.00,0.00,0.00
1,2993832,Mimet,4348.00,1.78,11.00,5.43,21.22,0.00,0.00,0.00,0.00,0.00
1,3002357,Le Revest-les-Eaux,31025.00,12.72,78.49,38.78,151.40,0.00,0.00,0.00,0.00,0.00
1,2974162,Sospel,71892.00,29.48,181.89,89.86,350.83,0.00,0.00,0.00,0.00,0.00
1,6451561,Lapalud,3817.00,1.56,9.66,4.77,18.63,0.00,0.00,0.00,0.00,0.00
1,3009663,La Destrousse,27875.00,11.43,70.52,34.84,136.03,0.00,0.00,0.00,0.00,0.00
1,3007082,Laragne-Montéglin,5947.00,2.44,15.05,7.43,29.02,0.00,0.00,0.00,0.00,0.00
1,3014717,Gréoux-les-Bains,34147.00,14.00,86.39,42.68,166.64,0.00,0.00,0.00,0.00,0.00
1,3018513,Figanières,16250.00,6.66,41.11,20.31,79.30,0.00,0.00,0.00,0.00,0.00
1,3034991,Barcelonnette,3706.00,1.52,9.38,4.63,18.09,0.00,0.00,0.00,0.00,0.00
1,2999179,Le Thoronet,2507.00,1.03,6.34,3.13,12.23,0.00,0.00,0.00,0.00,0.00
1,2980759,Évenos,152779.00,62.64,386.53,190.97,745.56,0.00,0.00,0.00,0.00,0.00
1,3036067,Aups,3677.00,1.51,9.30,4.60,17.94,0.00,0.00,0.00,0.00,0.00
1,2973485,Tallard,8500.00,3.48,21.50,10.62,41.48,0.00,0.00,0.00,0.00,0.00
1,2973180,Tende,2179.00,0.89,5.51,2.72,10.63,0.00,0.00,0.00,0.00,0.00
1,2980325,Saintes-Maries-de-la-Mer,2157.00,0.88,5.46,2.70,10.53,0.00,0.00,0.00,0.00,0.00
1,3029125,Callas,77068.00,31.60,194.98,96.33,376.09,0.00,0.00,0.00,0.00,0.00
1,2991750,Mormoiron,3237.00,1.33,8.19,4.05,15.80,0.00,0.00,0.00,0.00,0.00
1,2985142,Puget-Théniers,1860.00,0.76,4.71,2.33,9.08,0.00,0.00,0.00,0.00,0.00
1,2982881,Roquebillière,3263.00,1.34,8.26,4.08,15.92,0.00,0.00,0.00,0.00,0.00
1,2983580,Riez,17038.00,6.99,43.11,21.30,83.15,0.00,0.00,0.00,0.00,0.00
1,3015661,Gordes,39029.00,16.00,98.74,48.79,190.46,0.00,0.00,0.00,0.00,0.00
1,2980247,Saint-Étienne-de-Tinée,1513.00,0.62,3.83,1.89,7.38,0.00,0.00,0.00,0.00,0.00
1,3028382,Castellane,3540.00,1.45,8.96,4.42,17.28,0.00,0.00,0.00,0.00,0.00
1,3006511,La Saulce,4660.00,1.91,11.79,5.83,22.74,0.00,0.00,0.00,0.00,0.00
1,2974661,Seyne,2437.00,1.00,6.17,3.05,11.89,0.00,0.00,0.00,0.00,0.00
