# ORIGEM	DESTINO	DISTANCIA(km) DURAÇÃO(s)
param: K: dist	dur:=
110001	110001	0	0
110001	110002	315	20206
110001	110003	398	22364
110001	110004	113	6894
110001	110005	392	21980
110001	110006	354	19897
110001	110007	332	22808
110001	110008	328	19415
110001	110009	144	8445
110001	110010	835	48063
110001	110011	221	12775
110001	110012	139	8483
110001	110013	371	23161
110001	110014	61	3900
110001	110015	181	10878
110001	110018	113	6695
110001	110020	509	30914
110001	110025	105	6643
110001	110026	362	22547
110001	110028	48	3076
110001	110029	28	1810
110001	110030	296	16889
110001	110032	115	7805
110001	110033	789	45512
110001	110034	94	7543
110001	110037	44	2828
110001	110040	369	23559
110001	110045	436	27905
110001	110050	27	2017
110001	110060	303	19201
110001	110070	419	27200
110001	110080	490	30224
110001	110090	62	4015
110001	110092	251	14596
110001	110094	429	26809
110001	110100	263	15866
110001	110110	402	25187
110001	110120	141	8829
110001	110130	173	12748
110001	110140	362	22867
110001	110143	225	13779
110001	110145	89	6065
110001	110146	443	27325
110001	110147	108	6424
110001	110148	57	4179
110001	110149	219	13339
110001	110150	148	9466
110001	110155	155	10967
110001	110160	254	15194
110001	110170	124	9290
110001	110175	309	19161
110001	110180	216	13226
110002	110001	315	20198
110002	110002	0	0
110002	110003	617	37322
110002	110004	285	17866
110002	110005	611	36938
110002	110006	573	34856
110002	110007	551	37767
110002	110008	517	30946
110002	110009	335	21521
110002	110010	525	28193
110002	110011	95	7524
110002	110012	178	11879
110002	110013	149	10113
110002	110014	284	20512
110002	110015	138	10066
110002	110018	332	21625
110002	110020	199	11045
110002	110025	213	13820
110002	110026	52	2677
110002	110028	285	18015
110002	110029	306	19253
110002	110030	516	31848
110002	110032	298	18918
110002	110033	480	25642
110002	110034	232	15137
110002	110037	339	21202
110002	110040	59	3689
110002	110045	129	8148
110002	110050	288	18393
110002	110060	62	4786
110002	110070	111	7443
110002	110080	180	10355
110002	110090	253	16202
110002	110092	471	29555
110002	110094	120	6940
110002	110100	126	9749
110002	110110	92	5318
110002	110120	263	18789
110002	110130	194	13996
110002	110140	54	3110
110002	110143	173	12526
110002	110145	367	22812
110002	110146	663	42283
110002	110147	346	21428
110002	110148	335	20927
110002	110149	407	24869
110002	110150	337	20997
110002	110155	169	11538
110002	110160	117	9084
110002	110170	201	13361
110002	110175	129	9191
110002	110180	154	11708
110003	110001	399	22385
110003	110002	617	37269
110003	110003	0	0
110003	110004	335	19756
110003	110005	69	3977
110003	110006	46	2792
110003	110007	107	6243
110003	110008	678	38400
110003	110009	317	17572
110003	110010	1137	65125
110003	110011	523	29838
110003	110012	441	25546
110003	110013	673	40224
110003	110014	412	22884
110003	110015	483	27941
110003	110018	286	15822
110003	110020	811	47977
110003	110025	407	23706
110003	110026	664	39609
110003	110028	353	19556
110003	110029	373	20751
110003	110030	130	7188
110003	110032	465	26789
110003	110033	1091	62575
110003	110034	454	26389
110003	110037	405	22699
110003	110040	671	40621
110003	110045	738	44968
110003	110050	378	21002
110003	110060	605	36264
110003	110070	721	44263
110003	110080	792	47287
110003	110090	408	23000
110003	110092	157	12697
110003	110094	731	43872
110003	110100	565	32928
110003	110110	704	42250
110003	110120	370	22077
110003	110130	533	31601
110003	110140	664	39930
110003	110143	527	30842
110003	110145	383	21486
110003	110146	63	7492
110003	110147	313	17318
110003	110148	344	19190
110003	110149	569	32323
110003	110150	498	28451
110003	110155	495	28423
110003	110160	556	32257
110003	110170	484	28143
110003	110175	611	36223
110003	110180	518	30289
110004	110001	113	6870
110004	110002	284	17778
110004	110003	335	19780
110004	110004	0	0
110004	110005	328	19396
110004	110006	291	17314
110004	110007	269	20225
110004	110008	408	22781
110004	110009	56	3831
110004	110010	804	45635
110004	110011	190	10347
110004	110012	108	6055
110004	110013	340	20734
110004	110014	126	7369
110004	110015	150	8451
110004	110018	50	4083
110004	110020	478	28486
110004	110025	74	4215
110004	110026	331	20119
110004	110028	67	4041
110004	110029	87	5235
110004	110030	233	14306
110004	110032	189	10753
110004	110033	758	43084
110004	110034	121	6899
110004	110037	119	7184
110004	110040	338	21131
110004	110045	405	25478
110004	110050	92	5487
110004	110060	272	16773
110004	110070	388	24773
110004	110080	459	27796
110004	110090	75	4872
110004	110092	188	12013
110004	110094	398	24382
110004	110100	232	13438
110004	110110	371	22759
110004	110120	37	2587
110004	110130	199	12110
110004	110140	331	20439
110004	110143	194	11351
110004	110145	97	5971
110004	110146	380	24741
110004	110147	77	4587
110004	110148	65	4086
110004	110149	298	16704
110004	110150	227	12832
110004	110155	162	8932
110004	110160	223	12767
110004	110170	151	8652
110004	110175	278	16733
110004	110180	185	10799
110005	110001	392	21998
110005	110002	610	36881
110005	110003	69	3973
110005	110004	328	19368
110005	110005	0	0
110005	110006	39	2404
110005	110007	39	2430
110005	110008	672	38012
110005	110009	311	17185
110005	110010	1130	64738
110005	110011	516	29451
110005	110012	435	25158
110005	110013	666	39837
110005	110014	405	22496
110005	110015	476	27554
110005	110018	280	15435
110005	110020	804	47589
110005	110025	400	23318
110005	110026	657	39222
110005	110028	346	19168
110005	110029	366	20363
110005	110030	124	6801
110005	110032	458	26402
110005	110033	1085	62187
110005	110034	447	26002
110005	110037	398	22312
110005	110040	664	40234
110005	110045	732	44581
110005	110050	371	20614
110005	110060	598	35876
110005	110070	715	43876
110005	110080	785	46899
110005	110090	401	22612
110005	110092	89	8884
110005	110094	725	43485
110005	110100	558	32541
110005	110110	697	41862
110005	110120	363	21690
110005	110130	526	31213
110005	110140	657	39543
110005	110143	520	30454
110005	110145	221	20121
110005	110146	52	5433
110005	110147	306	16930
110005	110148	337	18803
110005	110149	562	31935
110005	110150	491	28063
110005	110155	488	28035
110005	110160	549	31870
110005	110170	477	27755
110005	110175	604	35836
110005	110180	511	29902
110006	110001	354	19919
110006	110002	573	34803
110006	110003	46	2792
110006	110004	291	17290
110006	110005	39	2408
110006	110006	0	0
110006	110007	76	4675
110006	110008	634	35934
110006	110009	273	15106
110006	110010	1093	62660
110006	110011	479	27372
110006	110012	397	23080
110006	110013	629	37758
110006	110014	368	20418
110006	110015	439	25476
110006	110018	242	13356
110006	110020	767	45511
110006	110025	362	21240
110006	110026	619	37144
110006	110028	308	17090
110006	110029	328	18285
110006	110030	86	4722
110006	110032	421	24323
110006	110033	1047	60109
110006	110034	410	23923
110006	110037	361	20233
110006	110040	626	38156
110006	110045	694	42502
110006	110050	333	18536
110006	110060	561	33798
110006	110070	677	41797
110006	110080	748	44821
110006	110090	364	20534
110006	110092	112	10275
110006	110094	687	41406
110006	110100	521	30463
110006	110110	659	39784
110006	110120	325	19611
110006	110130	488	29135
110006	110140	620	37464
110006	110143	483	28376
110006	110145	339	19021
110006	110146	91	7753
110006	110147	269	14852
110006	110148	300	16725
110006	110149	525	29857
110006	110150	454	25985
110006	110155	451	25957
110006	110160	512	29791
110006	110170	440	25677
110006	110175	567	33758
110006	110180	474	27823
110007	110001	334	23005
110007	110002	552	37888
110007	110003	107	6243
110007	110004	270	20375
110007	110005	39	2430
110007	110006	76	4674
110007	110007	0	0
110007	110008	614	39019
110007	110009	253	18192
110007	110010	1072	65745
110007	110011	458	30458
110007	110012	377	26165
110007	110013	608	40844
110007	110014	347	23503
110007	110015	418	28561
110007	110018	222	16442
110007	110020	746	48596
110007	110025	342	24325
110007	110026	599	40229
110007	110028	288	20175
110007	110029	308	21370
110007	110030	161	9070
110007	110032	400	27409
110007	110033	1027	63194
110007	110034	389	27009
110007	110037	217	22014
110007	110040	606	41241
110007	110045	674	45588
110007	110050	313	21621
110007	110060	540	36883
110007	110070	657	44883
110007	110080	727	47906
110007	110090	343	23619
110007	110092	82	8464
110007	110094	667	44492
110007	110100	500	33548
110007	110110	639	42869
110007	110120	305	22697
110007	110130	468	32220
110007	110140	599	40550
110007	110143	462	31461
110007	110145	182	17734
110007	110146	62	6132
110007	110147	248	17937
110007	110148	279	19810
110007	110149	504	32942
110007	110150	433	29070
110007	110155	430	29042
110007	110160	491	32877
110007	110170	419	28762
110007	110175	546	36843
110007	110180	453	30909
110008	110001	328	19406
110008	110002	516	30899
110008	110003	678	38387
110008	110004	407	22783
110008	110005	671	38003
110008	110006	634	35920
110008	110007	612	38831
110008	110008	0	0
110008	110009	424	24468
110008	110010	442	38454
110008	110011	422	23468
110008	110012	365	20488
110008	110013	573	33854
110008	110014	268	15743
110008	110015	382	21571
110008	110018	393	22718
110008	110020	710	41607
110008	110025	343	19122
110008	110026	563	33239
110008	110028	327	19014
110008	110029	348	20272
110008	110030	576	32913
110008	110032	220	12445
110008	110033	523	44437
110008	110034	288	16079
110008	110037	369	21822
110008	110040	570	34251
110008	110045	638	38598
110008	110050	305	17854
110008	110060	504	29894
110008	110070	621	37893
110008	110080	691	40917
110008	110090	339	19852
110008	110092	531	30619
110008	110094	631	37502
110008	110100	464	26558
110008	110110	603	35880
110008	110120	425	24130
110008	110130	366	21220
110008	110140	563	33560
110008	110143	382	22457
110008	110145	409	23832
110008	110146	723	43348
110008	110147	388	22447
110008	110148	377	21946
110008	110149	110	6186
110008	110150	182	10147
110008	110155	348	19439
110008	110160	455	25887
110008	110170	317	17762
110008	110175	510	29853
110008	110180	417	23919
110009	110001	144	8431
110009	110002	335	21473
110009	110003	317	17577
110009	110004	56	3808
110009	110005	311	17193
110009	110006	273	15111
110009	110007	251	18022
110009	110008	424	24445
110009	110009	0	0
110009	110010	855	49329
110009	110011	241	14042
110009	110012	159	9750
110009	110013	391	24428
110009	110014	157	8930
110009	110015	201	12145
110009	110018	32	1880
110009	110020	529	32181
110009	110025	125	7910
110009	110026	382	23813
110009	110028	98	5601
110009	110029	118	6796
110009	110030	216	12103
110009	110032	211	12835
110009	110033	809	46779
110009	110034	172	10593
110009	110037	151	8745
110009	110040	389	24825
110009	110045	456	29172
110009	110050	123	7048
110009	110060	323	20468
110009	110070	439	28467
110009	110080	510	31491
110009	110090	126	8566
110009	110092	171	9810
110009	110094	449	28076
110009	110100	283	17132
110009	110110	422	26454
110009	110120	84	6122
110009	110130	250	15805
110009	110140	382	24134
110009	110143	245	15046
110009	110145	129	7532
110009	110146	363	22538
110009	110147	58	3364
110009	110148	89	5236
110009	110149	314	18369
110009	110150	244	14496
110009	110155	213	12627
110009	110160	274	16461
110009	110170	202	12347
110009	110175	329	20427
110009	110180	236	14493
110010	110001	870	51438
110010	110002	561	31627
110010	110003	1173	68562
110010	110004	840	49106
110010	110005	1166	68179
110010	110006	1129	66096
110010	110007	1106	69007
110010	110008	442	38512
110010	110009	891	52761
110010	110010	0	0
110010	110011	650	38764
110010	110012	733	43119
110010	110013	709	41631
110010	110014	839	51752
110010	110015	693	41306
110010	110018	888	52865
110010	110020	371	21258
110010	110025	769	45060
110010	110026	556	30857
110010	110028	841	49256
110010	110029	861	50493
110010	110030	1071	63088
110010	110032	853	50158
110010	110033	82	6033
110010	110034	787	46377
110010	110037	894	52442
110010	110040	566	32007
110010	110045	260	25339
110010	110050	844	49633
110010	110060	618	36026
110010	110070	297	31088
110010	110080	384	22003
110010	110090	809	47442
110010	110092	1026	60795
110010	110094	581	32721
110010	110100	682	40989
110010	110110	472	26616
110010	110120	818	50029
110010	110130	750	45236
110010	110140	330	29837
110010	110143	729	43767
110010	110145	922	54053
110010	110146	1218	73524
110010	110147	902	52668
110010	110148	890	52167
110010	110149	552	44671
110010	110150	623	48631
110010	110155	725	42778
110010	110160	672	40325
110010	110170	757	44601
110010	110175	689	40709
110010	110180	709	42948
110011	110001	221	12725
110011	110002	94	7482
110011	110003	523	29849
110011	110004	190	10392
110011	110005	516	29465
110011	110006	479	27382
110011	110007	456	30294
110011	110008	422	23473
110011	110009	241	14048
110011	110010	614	35338
110011	110011	0	0
110011	110012	83	4406
110011	110013	151	10437
110011	110014	189	13039
110011	110015	43	2593
110011	110018	238	14152
110011	110020	288	18190
110011	110025	119	6347
110011	110026	141	9822
110011	110028	191	10542
110011	110029	211	11780
110011	110030	421	24375
110011	110032	203	11445
110011	110033	569	32788
110011	110034	137	7664
110011	110037	244	13728
110011	110040	148	10834
110011	110045	216	15181
110011	110050	194	10920
110011	110060	82	6477
110011	110070	199	14476
110011	110080	269	17500
110011	110090	159	8729
110011	110092	376	22081
110011	110094	209	14085
110011	110100	42	3141
110011	110110	181	12463
110011	110120	168	11316
110011	110130	100	6523
110011	110140	141	10143
110011	110143	79	5053
110011	110145	272	15339
110011	110146	568	34810
110011	110147	252	13955
110011	110148	240	13453
110011	110149	313	17396
110011	110150	242	13524
110011	110155	75	4065
110011	110160	33	2470
110011	110170	107	5887
110011	110175	88	6436
110011	110180	59	4234
110012	110001	139	8477
110012	110002	177	11877
110012	110003	442	25601
110012	110004	109	6145
110012	110005	435	25217
110012	110006	398	23135
110012	110007	375	26046
110012	110008	365	20520
110012	110009	160	9800
110012	110010	697	39733
110012	110011	83	4446
110012	110012	0	0
110012	110013	233	14832
110012	110014	150	8802
110012	110015	43	2549
110012	110018	156	9904
110012	110020	371	22585
110012	110025	38	2099
110012	110026	224	14217
110012	110028	109	6294
110012	110029	130	7532
110012	110030	340	20127
110012	110032	146	8493
110012	110033	652	37182
110012	110034	78	4638
110012	110037	163	9481
110012	110040	231	15229
110012	110045	299	19576
110012	110050	113	6672
110012	110060	165	10871
110012	110070	282	18871
110012	110080	352	21895
110012	110090	78	4481
110012	110092	295	17834
110012	110094	292	18480
110012	110100	125	7536
110012	110110	264	16857
110012	110120	87	7068
110012	110130	108	6919
110012	110140	224	14538
110012	110143	87	5450
110012	110145	191	11092
110012	110146	487	30562
110012	110147	170	9707
110012	110148	159	9206
110012	110149	256	14444
110012	110150	185	10571
110012	110155	55	3030
110012	110160	116	6865
110012	110170	87	4853
110012	110175	171	10831
110012	110180	78	4897
110013	110001	371	23110
110013	110002	149	10083
110013	110003	673	40234
110013	110004	340	20778
110013	110005	666	39851
110013	110006	629	37768
110013	110007	607	40679
110013	110008	572	33858
110013	110009	391	24433
110013	110010	673	38180
110013	110011	151	10436
110013	110012	233	14791
110013	110013	0	0
110013	110014	340	23424
110013	110015	194	12978
110013	110018	388	24537
110013	110020	347	21031
110013	110025	269	16732
110013	110026	200	12664
110013	110028	341	20928
110013	110029	362	22165
110013	110030	571	34760
110013	110032	353	21830
110013	110033	627	35629
110013	110034	287	18049
110013	110037	394	24114
110013	110040	207	13676
110013	110045	274	18022
110013	110050	344	21305
110013	110060	208	14660
110013	110070	257	17317
110013	110080	328	20341
110013	110090	309	19114
110013	110092	526	32467
110013	110094	81	9552
110013	110100	182	12661
110013	110110	240	15304
110013	110120	318	21701
110013	110130	250	16908
110013	110140	200	12984
110013	110143	229	15439
110013	110145	422	25725
110013	110146	718	45196
110013	110147	402	24340
110013	110148	390	23839
110013	110149	463	27781
110013	110150	392	23909
110013	110155	225	14450
110013	110160	118	8035
110013	110170	257	16273
110013	110175	63	4098
110013	110180	153	10647
110014	110001	62	3869
110014	110002	284	20444
110014	110003	412	22850
110014	110004	127	7380
110014	110005	406	22466
110014	110006	368	20383
110014	110007	346	23294
110014	110008	268	15708
110014	110009	158	8931
110014	110010	804	48301
110014	110011	190	13013
110014	110012	151	8783
110014	110013	340	23400
110014	110014	0	0
110014	110015	150	11117
110014	110018	127	7181
110014	110020	478	31152
110014	110025	117	6943
110014	110026	331	22785
110014	110028	61	3477
110014	110029	82	4735
110014	110030	310	17376
110014	110032	54	4097
110014	110033	758	45750
110014	110034	56	5625
110014	110037	104	6285
110014	110040	338	23797
110014	110045	405	28144
110014	110050	39	2317
110014	110060	272	19439
110014	110070	388	27438
110014	110080	459	30462
110014	110090	74	4315
110014	110092	265	15082
110014	110094	398	27048
110014	110100	232	16104
110014	110110	371	25425
110014	110120	155	9315
110014	110130	133	10765
110014	110140	331	23105
110014	110143	150	12002
110014	110145	143	8295
110014	110146	457	27811
110014	110147	122	6910
110014	110148	111	6409
110014	110149	158	9631
110014	110150	88	5759
110014	110155	115	8984
110014	110160	223	15432
110014	110170	85	7307
110014	110175	278	19399
110014	110180	185	13465
110015	110001	180	10828
110015	110002	137	10024
110015	110003	483	27952
110015	110004	150	8496
110015	110005	476	27568
110015	110006	439	25486
110015	110007	416	28397
110015	110008	382	21576
110015	110009	201	12151
110015	110010	657	37880
110015	110011	43	2593
110015	110012	43	2509
110015	110013	194	12979
110015	110014	149	11142
110015	110015	0	0
110015	110018	197	12255
110015	110020	331	20732
110015	110025	79	4450
110015	110026	184	12364
110015	110028	151	8645
110015	110029	171	9883
110015	110030	381	22478
110015	110032	163	9548
110015	110033	612	35329
110015	110034	97	5767
110015	110037	204	11832
110015	110040	191	13376
110015	110045	259	17723
110015	110050	154	9023
110015	110060	125	9018
110015	110070	242	17018
110015	110080	312	20041
110015	110090	119	6832
110015	110092	336	20185
110015	110094	252	16627
110015	110100	86	5683
110015	110110	224	15004
110015	110120	128	9419
110015	110130	68	5066
110015	110140	184	12685
110015	110143	47	3596
110015	110145	232	13443
110015	110146	528	32913
110015	110147	212	12058
110015	110148	200	11557
110015	110149	273	15499
110015	110150	202	11627
110015	110155	35	2168
110015	110160	76	5012
110015	110170	67	3991
110015	110175	131	8978
110015	110180	38	3044
110018	110001	113	6713
110018	110002	332	21561
110018	110003	287	15854
110018	110004	50	4047
110018	110005	280	15470
110018	110006	242	13388
110018	110007	220	16299
110018	110008	393	22728
110018	110009	32	1864
110018	110010	852	49417
110018	110011	238	14130
110018	110012	156	9837
110018	110013	388	24516
110018	110014	126	7212
110018	110015	197	12233
110018	110018	0	0
110018	110020	525	32269
110018	110025	121	7998
110018	110026	378	23901
110018	110028	67	3884
110018	110029	87	5079
110018	110030	185	10380
110018	110032	180	11117
110018	110033	806	46866
110018	110034	169	10681
110018	110037	120	7027
110018	110040	385	24913
110018	110045	453	29260
110018	110050	92	5330
110018	110060	320	20555
110018	110070	436	28555
110018	110080	506	31579
110018	110090	123	7328
110018	110092	140	8086
110018	110094	446	28164
110018	110100	280	17220
110018	110110	418	26541
110018	110120	84	6369
110018	110130	247	15892
110018	110140	378	24222
110018	110143	241	15133
110018	110145	98	5815
110018	110146	332	20815
110018	110147	28	1646
110018	110148	59	3519
110018	110149	284	16651
110018	110150	213	12779
110018	110155	210	12714
110018	110160	270	16549
110018	110170	198	12434
110018	110175	325	20515
110018	110180	232	14581
110020	110001	512	31040
110020	110002	203	11229
110020	110003	815	48164
110020	110004	482	28707
110020	110005	808	47780
110020	110006	770	45697
110020	110007	748	48608
110020	110008	714	41787
110020	110009	533	32362
110020	110010	334	17781
110020	110011	292	18366
110020	110012	375	22720
110020	110013	351	21232
110020	110014	481	31353
110020	110015	335	20907
110020	110018	529	32466
110020	110020	0	0
110020	110025	410	24661
110020	110026	198	10458
110020	110028	482	28857
110020	110029	503	30094
110020	110030	713	42689
110020	110032	495	29759
110020	110033	288	15230
110020	110034	429	25979
110020	110037	536	32043
110020	110040	207	11608
110020	110045	326	18989
110020	110050	486	29234
110020	110060	259	15627
110020	110070	309	18284
110020	110080	26	1604
110020	110090	451	27043
110020	110092	668	40396
110020	110094	222	12322
110020	110100	323	20590
110020	110110	114	6217
110020	110120	460	29630
110020	110130	392	24837
110020	110140	251	13951
110020	110143	370	23368
110020	110145	564	33654
110020	110146	860	53125
110020	110147	543	32270
110020	110148	532	31768
110020	110149	605	35710
110020	110150	534	31838
110020	110155	367	22379
110020	110160	314	19926
110020	110170	398	24202
110020	110175	331	20310
110020	110180	351	22549
110025	110001	104	6604
110025	110002	213	13788
110025	110003	406	23728
110025	110004	73	4272
110025	110005	399	23344
110025	110006	362	21262
110025	110007	340	24173
110025	110008	342	19109
110025	110009	124	7927
110025	110010	733	41645
110025	110011	119	6357
110025	110012	37	2065
110025	110013	269	16744
110025	110014	115	6929
110025	110015	79	4461
110025	110018	121	8031
110025	110020	407	24496
110025	110025	0	0
110025	110026	259	16129
110025	110028	74	4421
110025	110029	95	5659
110025	110030	304	18254
110025	110032	123	7081
110025	110033	687	39094
110025	110034	55	3226
110025	110037	127	7607
110025	110040	266	17141
110025	110045	334	21488
110025	110050	77	4799
110025	110060	201	12783
110025	110070	317	20783
110025	110080	388	23806
110025	110090	42	2608
110025	110092	259	15960
110025	110094	327	20392
110025	110100	161	9448
110025	110110	299	18769
110025	110120	91	5618
110025	110130	134	8438
110025	110140	260	16449
110025	110143	123	7361
110025	110145	155	9218
110025	110146	451	28689
110025	110147	135	7834
110025	110148	123	7332
110025	110149	232	13032
110025	110150	162	9160
110025	110155	91	4942
110025	110160	152	8777
110025	110170	85	4980
110025	110175	207	12743
110025	110180	114	6809
110026	110001	361	22493
110026	110002	52	2682
110026	110003	664	39617
110026	110004	331	20160
110026	110005	657	39233
110026	110006	619	37150
110026	110007	597	40061
110026	110008	563	33240
110026	110009	382	23815
110026	110010	520	27419
110026	110011	141	9819
110026	110012	224	14173
110026	110013	200	12685
110026	110014	330	22806
110026	110015	184	12360
110026	110018	378	23919
110026	110020	194	10271
110026	110025	259	16114
110026	110026	0	0
110026	110028	331	20310
110026	110029	352	21547
110026	110030	562	34142
110026	110032	344	21212
110026	110033	474	24868
110026	110034	278	17432
110026	110037	385	23496
110026	110040	56	3061
110026	110045	175	10442
110026	110050	335	20687
110026	110060	108	7080
110026	110070	158	9737
110026	110080	175	9581
110026	110090	300	18496
110026	110092	517	31849
110026	110094	115	6166
110026	110100	172	12043
110026	110110	87	4543
110026	110120	309	21083
110026	110130	241	16290
110026	110140	100	5404
110026	110143	219	14821
110026	110145	413	25107
110026	110146	709	44578
110026	110147	392	23723
110026	110148	381	23221
110026	110149	454	27164
110026	110150	383	23291
110026	110155	216	13832
110026	110160	163	11379
110026	110170	247	15655
110026	110175	180	11763
110026	110180	200	14002
110028	110001	48	3075
110028	110002	285	17986
110028	110003	353	19555
110028	110004	67	4085
110028	110005	346	19171
110028	110006	308	17088
110028	110007	286	20000
110028	110008	326	19002
110028	110009	98	5636
110028	110010	805	45843
110028	110011	191	10555
110028	110012	109	6263
110028	110013	341	20941
110028	110014	60	3486
110028	110015	151	8659
110028	110018	67	3886
110028	110020	479	28694
110028	110025	74	4423
110028	110026	332	20327
110028	110028	0	0
110028	110029	22	1440
110028	110030	251	14081
110028	110032	113	7391
110028	110033	759	43292
110028	110034	122	7107
110028	110037	55	3389
110028	110040	338	21339
110028	110045	406	25685
110028	110050	26	1604
110028	110060	273	16981
110028	110070	389	24980
110028	110080	460	28004
110028	110090	60	3602
110028	110092	206	11787
110028	110094	399	24590
110028	110100	233	13646
110028	110110	372	22967
110028	110120	94	5961
110028	110130	200	12318
110028	110140	332	20647
110028	110143	195	11559
110028	110145	83	5000
110028	110146	398	24516
110028	110147	63	3616
110028	110148	51	3114
110028	110149	217	12925
110028	110150	146	9053
110028	110155	163	9140
110028	110160	224	12974
110028	110170	152	8860
110028	110175	279	16941
110028	110180	186	11007
110029	110001	28	1816
110029	110002	305	19223
110029	110003	372	20732
110029	110004	87	5262
110029	110005	366	20348
110029	110006	328	18266
110029	110007	306	21177
110029	110008	348	20289
110029	110009	118	6813
110029	110010	825	47079
110029	110011	211	11792
110029	110012	130	7499
110029	110013	362	22178
110029	110014	81	4773
110029	110015	171	9895
110029	110018	87	5063
110029	110020	499	29931
110029	110025	95	5660
110029	110026	352	21563
110029	110028	22	1445
110029	110029	0	0
110029	110030	270	15258
110029	110032	135	8678
110029	110033	780	44528
110029	110034	142	8343
110029	110037	35	2130
110029	110040	359	22575
110029	110045	427	26922
110029	110050	47	2891
110029	110060	293	18217
110029	110070	410	26217
110029	110080	480	29241
110029	110090	78	4889
110029	110092	225	12964
110029	110094	420	25826
110029	110100	254	14882
110029	110110	392	24203
110029	110120	115	7198
110029	110130	221	13554
110029	110140	352	21884
110029	110143	215	12796
110029	110145	62	4310
110029	110146	417	25693
110029	110147	82	4793
110029	110148	30	2424
110029	110149	239	14212
110029	110150	168	10340
110029	110155	183	10376
110029	110160	244	14211
110029	110170	172	10096
110029	110175	299	18177
110029	110180	206	12243
110030	110001	296	16867
110030	110002	515	31751
110030	110003	130	7148
110030	110004	233	14237
110030	110005	123	6764
110030	110006	86	4681
110030	110007	161	9030
110030	110008	576	32882
110030	110009	215	12054
110030	110010	1035	59607
110030	110011	421	24320
110030	110012	339	20028
110030	110013	571	34706
110030	110014	310	17366
110030	110015	381	22423
110030	110018	184	10304
110030	110020	709	42459
110030	110025	304	18188
110030	110026	561	34091
110030	110028	250	14037
110030	110029	270	15232
110030	110030	0	0
110030	110032	363	21271
110030	110033	989	57056
110030	110034	352	20871
110030	110037	303	17181
110030	110040	568	35103
110030	110045	636	39450
110030	110050	275	15484
110030	110060	503	30746
110030	110070	619	38745
110030	110080	690	41769
110030	110090	306	17482
110030	110092	143	8249
110030	110094	629	38354
110030	110100	463	27410
110030	110110	601	36732
110030	110120	267	16559
110030	110130	430	26082
110030	110140	562	34412
110030	110143	425	25324
110030	110145	281	15968
110030	110146	175	12109
110030	110147	211	11800
110030	110148	242	13672
110030	110149	467	26805
110030	110150	396	22932
110030	110155	393	22905
110030	110160	454	26739
110030	110170	382	22625
110030	110175	509	30705
110030	110180	416	24771
110032	110001	114	7720
110032	110002	299	18899
110032	110003	464	26701
110032	110004	190	10783
110032	110005	457	26317
110032	110006	420	24235
110032	110007	398	27146
110032	110008	219	12308
110032	110009	210	12782
110032	110010	819	46755
110032	110011	205	11468
110032	110012	147	8488
110032	110013	355	21854
110032	110014	54	4057
110032	110015	165	9571
110032	110018	179	11032
110032	110020	493	29607
110032	110025	125	7121
110032	110026	346	21239
110032	110028	113	7328
110032	110029	134	8586
110032	110030	362	21227
110032	110032	0	0
110032	110033	773	44205
110032	110034	71	4079
110032	110037	155	10136
110032	110040	353	22251
110032	110045	420	26598
110032	110050	91	6169
110032	110060	287	17894
110032	110070	403	25893
110032	110080	474	28917
110032	110090	105	7945
110032	110092	317	18933
110032	110094	413	25502
110032	110100	247	14558
110032	110110	386	23880
110032	110120	207	12130
110032	110130	148	9220
110032	110140	346	21560
110032	110143	165	10457
110032	110145	195	12146
110032	110146	509	31662
110032	110147	174	10762
110032	110148	163	10260
110032	110149	110	6231
110032	110150	39	2359
110032	110155	130	7439
110032	110160	238	13887
110032	110170	99	5762
110032	110175	293	17853
110032	110180	200	11919
110033	110001	789	45455
110033	110002	480	25644
110033	110003	1091	62579
110033	110004	758	43123
110033	110005	1084	62196
110033	110006	1047	60113
110033	110007	1025	63024
110033	110008	487	41016
110033	110009	809	46778
110033	110010	46	2601
110033	110011	568	32781
110033	110012	651	37136
110033	110013	627	35648
110033	110014	758	45769
110033	110015	612	35323
110033	110018	806	46882
110033	110020	290	15275
110033	110025	687	39077
110033	110026	474	24874
110033	110028	759	43272
110033	110029	780	44510
110033	110030	989	57105
110033	110032	771	44175
110033	110033	0	0
110033	110034	705	40394
110033	110037	812	46459
110033	110040	484	26024
110033	110045	178	19356
110033	110050	762	43650
110033	110060	536	30043
110033	110070	215	25105
110033	110080	303	16020
110033	110090	727	41459
110033	110092	944	54812
110033	110094	499	26738
110033	110100	600	35006
110033	110110	390	20633
110033	110120	736	44046
110033	110130	668	39253
110033	110140	248	23854
110033	110143	647	37784
110033	110145	840	48070
110033	110146	1136	67540
110033	110147	820	46685
110033	110148	808	46184
110033	110149	597	47175
110033	110150	810	46254
110033	110155	643	36795
110033	110160	590	34341
110033	110170	675	38618
110033	110175	608	34726
110033	110180	627	36965
110034	110001	94	7541
110034	110002	231	15094
110034	110003	453	26317
110034	110004	120	6860
110034	110005	446	25933
110034	110006	409	23850
110034	110007	386	26761
110034	110008	288	16087
110034	110009	171	10516
110034	110010	751	42951
110034	110011	137	7663
110034	110012	77	4565
110034	110013	287	18050
110034	110014	55	5653
110034	110015	97	5767
110034	110018	167	10620
110034	110020	425	25802
110034	110025	55	3199
110034	110026	278	17435
110034	110028	120	7010
110034	110029	141	8248
110034	110030	351	20843
110034	110032	69	4059
110034	110033	705	40400
110034	110034	0	0
110034	110037	136	9957
110034	110040	285	18447
110034	110045	352	22794
110034	110050	68	5736
110034	110060	219	14089
110034	110070	335	22088
110034	110080	406	25112
110034	110090	78	4563
110034	110092	306	18549
110034	110094	346	21698
110034	110100	179	10754
110034	110110	318	20075
110034	110120	138	8207
110034	110130	80	5415
110034	110140	278	17755
110034	110143	97	6652
110034	110145	202	11807
110034	110146	498	31278
110034	110147	182	10423
110034	110148	170	9921
110034	110149	179	10010
110034	110150	108	6137
110034	110155	62	3634
110034	110160	170	10082
110034	110170	32	1957
110034	110175	225	14049
110034	110180	132	8115
110037	110001	45	2835
110037	110002	338	21170
110037	110003	405	22680
110037	110004	120	7209
110037	110005	398	22296
110037	110006	361	20213
110037	110007	217	22012
110037	110008	370	21831
110037	110009	151	8761
110037	110010	858	49026
110037	110011	244	13739
110037	110012	163	9447
110037	110013	394	24125
110037	110014	103	6315
110037	110015	204	11842
110037	110018	120	7011
110037	110020	532	31878
110037	110025	128	7607
110037	110026	385	23510
110037	110028	55	3392
110037	110029	35	2126
110037	110030	303	17205
110037	110032	156	10220
110037	110033	812	46476
110037	110034	136	9958
110037	110037	0	0
110037	110040	392	24523
110037	110045	460	28869
110037	110050	69	4433
110037	110060	326	20165
110037	110070	442	28164
110037	110080	513	31188
110037	110090	103	6431
110037	110092	258	14912
110037	110094	453	27773
110037	110100	286	16830
110037	110110	425	26151
110037	110120	148	9145
110037	110130	214	15164
110037	110140	385	23831
110037	110143	248	14743
110037	110145	38	4480
110037	110146	450	27641
110037	110147	115	6740
110037	110148	64	4495
110037	110149	260	15754
110037	110150	189	11882
110037	110155	216	12324
110037	110160	277	16158
110037	110170	166	11706
110037	110175	332	20125
110037	110180	239	14190
110040	110001	368	23516
110040	110002	59	3705
110040	110003	671	40640
110040	110004	338	21184
110040	110005	664	40256
110040	110006	626	38174
110040	110007	604	41085
110040	110008	570	34264
110040	110009	389	24839
110040	110010	530	28605
110040	110011	148	10842
110040	110012	231	15197
110040	110013	207	13709
110040	110014	337	23830
110040	110015	191	13384
110040	110018	385	24943
110040	110020	204	11457
110040	110025	266	17138
110040	110026	57	3089
110040	110028	338	21333
110040	110029	359	22571
110040	110030	569	35166
110040	110032	351	22236
110040	110033	484	26054
110040	110034	285	18455
110040	110037	392	24520
110040	110040	0	0
110040	110045	182	11466
110040	110050	342	21711
110040	110060	115	8104
110040	110070	165	10761
110040	110080	185	10767
110040	110090	307	19520
110040	110092	524	32872
110040	110094	124	7352
110040	110100	179	13066
110040	110110	97	5730
110040	110120	316	22107
110040	110130	248	17314
110040	110140	107	6428
110040	110143	226	15844
110040	110145	420	26130
110040	110146	716	45601
110040	110147	399	24746
110040	110148	388	24244
110040	110149	461	28187
110040	110150	390	24315
110040	110155	223	14856
110040	110160	170	12402
110040	110170	254	16678
110040	110175	187	12787
110040	110180	207	15025
110045	110001	436	27819
110045	110002	128	8109
110045	110003	738	44943
110045	110004	405	25486
110045	110005	731	44559
110045	110006	694	42476
110045	110007	672	45388
110045	110008	638	38567
110045	110009	456	29142
110045	110010	224	21986
110045	110011	216	15145
110045	110012	298	19500
110045	110013	274	18012
110045	110014	405	28133
110045	110015	259	17687
110045	110018	453	29246
110045	110020	322	18815
110045	110025	334	21441
110045	110026	175	10447
110045	110028	406	25636
110045	110029	427	26874
110045	110030	636	39469
110045	110032	419	26539
110045	110033	178	19435
110045	110034	352	22758
110045	110037	459	28822
110045	110040	182	11460
110045	110045	0	0
110045	110050	409	26014
110045	110060	183	12407
110045	110070	94	7340
110045	110080	303	18125
110045	110090	374	23823
110045	110092	591	37175
110045	110094	243	14710
110045	110100	247	17369
110045	110110	215	13088
110045	110120	383	26410
110045	110130	315	21617
110045	110140	75	5162
110045	110143	294	20147
110045	110145	487	30433
110045	110146	783	49904
110045	110147	467	29049
110045	110148	455	28547
110045	110149	528	32490
110045	110150	457	28618
110045	110155	290	19159
110045	110160	238	16705
110045	110170	322	20981
110045	110175	255	17090
110045	110180	274	19328
110050	110001	27	2015
110050	110002	289	18399
110050	110003	378	20997
110050	110004	92	5526
110050	110005	371	20613
110050	110006	333	18530
110050	110007	311	21441
110050	110008	305	17856
110050	110009	123	7078
110050	110010	809	46255
110050	110011	195	10968
110050	110012	113	6675
110050	110013	345	21354
110050	110014	39	2340
110050	110015	154	9071
110050	110018	92	5328
110050	110020	482	29107
110050	110025	78	4836
110050	110026	335	20739
110050	110028	26	1623
110050	110029	47	2882
110050	110030	276	15522
110050	110032	92	6245
110050	110033	763	43704
110050	110034	68	5735
110050	110037	69	4431
110050	110040	342	21751
110050	110045	410	26098
110050	110050	0	0
110050	110060	277	17393
110050	110070	393	25393
110050	110080	463	28417
110050	110090	35	2208
110050	110092	231	13229
110050	110094	403	25002
110050	110100	237	14058
110050	110110	375	23379
110050	110120	120	7462
110050	110130	146	10941
110050	110140	335	21060
110050	110143	198	11972
110050	110145	108	6441
110050	110146	423	25958
110050	110147	88	5057
110050	110148	76	4555
110050	110149	196	11779
110050	110150	125	7907
110050	110155	128	9160
110050	110160	227	13387
110050	110170	98	7483
110050	110175	282	17353
110050	110180	189	11419
110060	110001	303	19151
110060	110002	62	4743
110060	110003	605	36275
110060	110004	272	16818
110060	110005	598	35891
110060	110006	561	33808
110060	110007	538	36719
110060	110008	504	29898
110060	110009	323	20474
110060	110010	582	32600
110060	110011	82	6477
110060	110012	165	10831
110060	110013	208	14646
110060	110014	271	19464
110060	110015	125	9018
110060	110018	320	20577
110060	110020	255	15451
110060	110025	201	12772
110060	110026	108	7084
110060	110028	273	16968
110060	110029	293	18205
110060	110030	503	30800
110060	110032	285	17871
110060	110033	536	30049
110060	110034	219	14090
110060	110037	326	20154
110060	110040	115	8096
110060	110045	183	12443
110060	110050	276	17345
110060	110060	0	0
110060	110070	166	11738
110060	110080	236	14761
110060	110090	241	15154
110060	110092	458	28507
110060	110094	176	11347
110060	110100	60	5249
110060	110110	148	9724
110060	110120	250	17742
110060	110130	128	11583
110060	110140	108	7405
110060	110143	161	11479
110060	110145	354	21765
110060	110146	650	41236
110060	110147	334	20381
110060	110148	322	19879
110060	110149	395	23822
110060	110150	324	19949
110060	110155	157	10490
110060	110160	104	8037
110060	110170	189	12313
110060	110175	159	12003
110060	110180	141	10660
110070	110001	427	27143
110070	110002	120	7433
110070	110003	730	44267
110070	110004	397	24810
110070	110005	723	43883
110070	110006	686	41800
110070	110007	663	44712
110070	110008	629	37891
110070	110009	448	28466
110070	110010	261	27656
110070	110011	207	14469
110070	110012	290	18824
110070	110013	266	17336
110070	110014	396	27457
110070	110015	250	17011
110070	110018	445	28570
110070	110020	314	18139
110070	110025	326	20765
110070	110026	166	9772
110070	110028	398	24960
110070	110029	418	26198
110070	110030	628	38793
110070	110032	410	25863
110070	110033	215	25105
110070	110034	344	22082
110070	110037	451	28146
110070	110040	173	10784
110070	110045	103	7377
110070	110050	401	25338
110070	110060	175	11731
110070	110070	0	0
110070	110080	295	17449
110070	110090	366	23147
110070	110092	583	36499
110070	110094	234	14034
110070	110100	238	16693
110070	110110	206	12412
110070	110120	375	25734
110070	110130	307	20941
110070	110140	67	4486
110070	110143	286	19471
110070	110145	479	29757
110070	110146	775	49228
110070	110147	459	28373
110070	110148	447	27871
110070	110149	520	31814
110070	110150	449	27942
110070	110155	282	18483
110070	110160	229	16029
110070	110170	314	20305
110070	110175	246	16414
110070	110180	266	18652
110080	110001	491	30277
110080	110002	182	10466
110080	110003	793	47401
110080	110004	461	27944
110080	110005	787	47017
110080	110006	749	44934
110080	110007	727	47846
110080	110008	693	41025
110080	110009	511	31600
110080	110010	348	18512
110080	110011	271	17603
110080	110012	353	21958
110080	110013	330	20470
110080	110014	460	30591
110080	110015	314	20145
110080	110018	508	31704
110080	110020	22	1364
110080	110025	389	23899
110080	110026	177	9695
110080	110028	461	28094
110080	110029	482	29332
110080	110030	692	41927
110080	110032	474	28997
110080	110033	302	15961
110080	110034	407	25216
110080	110037	514	31280
110080	110040	186	10846
110080	110045	304	18227
110080	110050	464	28472
110080	110060	238	14865
110080	110070	287	17522
110080	110080	0	0
110080	110090	429	26281
110080	110092	647	39633
110080	110094	201	11559
110080	110100	302	19827
110080	110110	93	5454
110080	110120	438	28868
110080	110130	370	24075
110080	110140	230	13189
110080	110143	349	22605
110080	110145	543	32891
110080	110146	839	52362
110080	110147	522	31507
110080	110148	511	31005
110080	110149	583	34948
110080	110150	513	31076
110080	110155	345	21617
110080	110160	293	19163
110080	110170	377	23439
110080	110175	310	19548
110080	110180	330	21786
110090	110001	62	3996
110090	110002	253	16191
110090	110003	412	22977
110090	110004	75	4911
110090	110005	405	22594
110090	110006	368	20511
110090	110007	345	23422
110090	110008	339	19837
110090	110009	126	8567
110090	110010	774	44047
110090	110011	159	8760
110090	110012	78	4467
110090	110013	310	19146
110090	110014	73	4321
110090	110015	119	6863
110090	110018	127	7309
110090	110020	447	26899
110090	110025	43	2628
110090	110026	300	18531
110090	110028	60	3604
110090	110029	81	4863
110090	110030	310	17503
110090	110032	103	7907
110090	110033	728	41496
110090	110034	78	4610
110090	110037	103	6412
110090	110040	307	19543
110090	110045	375	23890
110090	110050	35	2191
110090	110060	241	15185
110090	110070	358	23185
110090	110080	428	26209
110090	110090	0	0
110090	110092	265	15210
110090	110094	368	22794
110090	110100	202	11850
110090	110110	340	21171
110090	110120	93	6258
110090	110130	157	9821
110090	110140	300	18852
110090	110143	163	9763
110090	110145	142	8422
110090	110146	457	27939
110090	110147	122	7038
110090	110148	110	6536
110090	110149	230	13760
110090	110150	159	9888
110090	110155	132	7344
110090	110160	192	11179
110090	110170	108	6363
110090	110175	247	15145
110090	110180	154	9211
110092	110001	252	14619
110092	110002	470	29502
110092	110003	157	12698
110092	110004	188	11989
110092	110005	89	8885
110092	110006	112	10276
110092	110007	81	8294
110092	110008	531	30633
110092	110009	171	9806
110092	110010	990	57359
110092	110011	376	22072
110092	110012	295	17779
110092	110013	526	32458
110092	110014	265	15117
110092	110015	336	20175
110092	110018	140	8056
110092	110020	664	40210
110092	110025	260	15939
110092	110026	517	31843
110092	110028	206	11789
110092	110029	226	12984
110092	110030	144	8294
110092	110032	318	19022
110092	110033	944	54808
110092	110034	307	18623
110092	110037	258	14933
110092	110040	524	32855
110092	110045	592	37202
110092	110050	231	13235
110092	110060	458	28497
110092	110070	574	36497
110092	110080	645	39520
110092	110090	261	15233
110092	110092	0	0
110092	110094	585	36106
110092	110100	418	25162
110092	110110	557	34483
110092	110120	223	14311
110092	110130	386	23834
110092	110140	517	32163
110092	110143	380	23075
110092	110145	137	12469
110092	110146	140	14186
110092	110147	166	9551
110092	110148	197	11424
110092	110149	422	24556
110092	110150	351	20684
110092	110155	348	20656
110092	110160	409	24491
110092	110170	337	20376
110092	110175	464	28457
110092	110180	371	22523
110094	110001	429	26762
110094	110002	120	6951
110094	110003	731	43886
110094	110004	399	24429
110094	110005	725	43502
110094	110006	687	41419
110094	110007	665	44330
110094	110008	631	37509
110094	110009	449	28084
110094	110010	545	29290
110094	110011	209	14087
110094	110012	292	18442
110094	110013	81	9556
110094	110014	398	27075
110094	110015	252	16629
110094	110018	446	28188
110094	110020	218	12142
110094	110025	327	20383
110094	110026	115	6180
110094	110028	399	24579
110094	110029	420	25816
110094	110030	630	38411
110094	110032	412	25481
110094	110033	499	26739
110094	110034	346	21700
110094	110037	452	27765
110094	110040	124	7330
110094	110045	242	14711
110094	110050	402	24956
110094	110060	176	11349
110094	110070	225	14006
110094	110080	199	11452
110094	110090	367	22765
110094	110092	585	36118
110094	110094	0	0
110094	110100	240	16312
110094	110110	111	6414
110094	110120	377	25352
110094	110130	308	20559
110094	110140	168	9673
110094	110143	287	19090
110094	110145	481	29376
110094	110146	777	48847
110094	110147	460	27992
110094	110148	449	27490
110094	110149	521	31432
110094	110150	451	27560
110094	110155	283	18101
110094	110160	231	15648
110094	110170	315	19924
110094	110175	127	12606
110094	110180	268	18271
110100	110001	263	15812
110100	110002	126	9710
110100	110003	565	32936
110100	110004	232	13479
110100	110005	558	32552
110100	110006	521	30470
110100	110007	498	33381
110100	110008	464	26560
110100	110009	283	17135
110100	110010	646	37566
110100	110011	42	3138
110100	110012	125	7493
110100	110013	182	12665
110100	110014	231	16126
110100	110015	86	5680
110100	110018	280	17239
110100	110020	319	20418
110100	110025	161	9434
110100	110026	172	12050
110100	110028	233	13629
110100	110029	253	14867
110100	110030	463	27462
110100	110032	245	14532
110100	110033	600	35016
110100	110034	179	10751
110100	110037	286	16815
110100	110040	179	13063
110100	110045	247	17409
110100	110050	236	14007
110100	110060	60	5249
110100	110070	230	16704
110100	110080	300	19728
110100	110090	201	11816
110100	110092	418	25168
110100	110094	240	16313
110100	110100	0	0
110100	110110	212	14691
110100	110120	210	14403
110100	110130	91	8051
110100	110140	172	12371
110100	110143	121	8140
110100	110145	314	18426
110100	110146	610	37897
110100	110147	294	17042
110100	110148	282	16540
110100	110149	355	20483
110100	110150	284	16611
110100	110155	117	7152
110100	110160	64	4698
110100	110170	149	8974
110100	110175	119	8664
110100	110180	101	7321
110110	110001	402	25177
110110	110002	93	5366
110110	110003	704	42301
110110	110004	371	22844
110110	110005	697	41917
110110	110006	660	39834
110110	110007	638	42745
110110	110008	603	35924
110110	110009	422	26499
110110	110010	436	23178
110110	110011	182	12503
110110	110012	264	16857
110110	110013	240	15369
110110	110014	371	25490
110110	110015	225	15044
110110	110018	419	26603
110110	110020	110	6029
110110	110025	300	18798
110110	110026	87	4595
110110	110028	372	22994
110110	110029	393	24231
110110	110030	602	36826
110110	110032	384	23896
110110	110033	390	20627
110110	110034	318	20116
110110	110037	425	26180
110110	110040	97	5746
110110	110045	215	13126
110110	110050	375	23371
110110	110060	149	9764
110110	110070	198	12421
110110	110080	91	5339
110110	110090	340	21180
110110	110092	557	34533
110110	110094	112	6459
110110	110100	213	14727
110110	110110	0	0
110110	110120	349	23767
110110	110130	281	18974
110110	110140	141	8088
110110	110143	260	17505
110110	110145	453	27791
110110	110146	749	47262
110110	110147	433	26407
110110	110148	421	25905
110110	110149	494	29848
110110	110150	423	25975
110110	110155	256	16516
110110	110160	203	14063
110110	110170	288	18339
110110	110175	221	14447
110110	110180	240	16686
110120	110001	141	8826
110120	110002	261	18713
110120	110003	370	22085
110120	110004	37	2628
110120	110005	363	21701
110120	110006	326	19619
110120	110007	303	22530
110120	110008	425	24159
110120	110009	84	6122
110120	110010	781	46569
110120	110011	167	11282
110120	110012	85	6990
110120	110013	317	21668
110120	110014	154	9324
110120	110015	127	9385
110120	110018	84	6388
110120	110020	455	29421
110120	110025	91	5593
110120	110026	307	21053
110120	110028	94	5953
110120	110029	115	7191
110120	110030	268	16611
110120	110032	206	12131
110120	110033	735	44018
110120	110034	139	8277
110120	110037	148	9139
110120	110040	314	22065
110120	110045	382	26412
110120	110050	120	7442
110120	110060	249	17708
110120	110070	365	25707
110120	110080	435	28731
110120	110090	93	6250
110120	110092	223	14317
110120	110094	375	25316
110120	110100	209	14372
110120	110110	347	23694
110120	110120	0	0
110120	110130	217	13488
110120	110140	308	21374
110120	110143	171	12286
110120	110145	128	8081
110120	110146	415	27046
110120	110147	107	6697
110120	110148	96	6195
110120	110149	316	18082
110120	110150	245	14210
110120	110155	139	9867
110120	110160	200	13701
110120	110170	169	10030
110120	110175	254	17667
110120	110180	162	11733
110130	110001	173	12746
110130	110002	194	13968
110130	110003	532	31578
110130	110004	199	12121
110130	110005	525	31194
110130	110006	488	29111
110130	110007	466	32022
110130	110008	366	21226
110130	110009	250	15776
110130	110010	714	41824
110130	110011	100	6537
110130	110012	108	6874
110130	110013	250	16923
110130	110014	133	10792
110130	110015	68	5061
110130	110018	247	15880
110130	110020	388	24676
110130	110025	135	8459
110130	110026	241	16308
110130	110028	200	12271
110130	110029	221	13508
110130	110030	430	26103
110130	110032	147	9198
110130	110033	668	39273
110130	110034	80	5417
110130	110037	214	15162
110130	110040	248	17320
110130	110045	315	21667
110130	110050	146	10941
110130	110060	128	11583
110130	110070	298	20962
110130	110080	369	23985
110130	110090	157	9823
110130	110092	385	23810
110130	110094	309	20571
110130	110100	91	8051
110130	110110	281	18948
110130	110120	217	13468
110130	110130	0	0
110130	110140	241	16629
110130	110143	22	1617
110130	110145	281	17068
110130	110146	577	36539
110130	110147	261	15684
110130	110148	249	15182
110130	110149	256	15149
110130	110150	185	11277
110130	110155	78	5195
110130	110160	133	8956
110130	110170	49	3572
110130	110175	188	12922
110130	110180	102	7377
110140	110001	361	22774
110140	110002	54	3064
110140	110003	664	39898
110140	110004	331	20442
110140	110005	657	39514
110140	110006	619	37432
110140	110007	597	40343
110140	110008	563	33522
110140	110009	382	24097
110140	110010	294	26477
110140	110011	141	10100
110140	110012	224	14455
110140	110013	200	12967
110140	110014	330	23088
110140	110015	184	12642
110140	110018	378	24201
110140	110020	247	13770
110140	110025	259	16396
110140	110026	100	5403
110140	110028	331	20591
110140	110029	352	21829
110140	110030	562	34424
110140	110032	344	21494
110140	110033	248	23927
110140	110034	278	17713
110140	110037	385	23778
110140	110040	107	6415
110140	110045	75	5153
110140	110050	335	20969
110140	110060	108	7362
110140	110070	58	4448
110140	110080	228	13080
110140	110090	300	18778
110140	110092	517	32130
110140	110094	168	9665
110140	110100	172	12324
110140	110110	140	8043
110140	110120	309	21365
110140	110130	241	16572
110140	110140	0	0
110140	110143	219	15102
110140	110145	413	25388
110140	110146	709	44859
110140	110147	392	24004
110140	110148	381	23502
110140	110149	454	27445
110140	110150	383	23573
110140	110155	216	14114
110140	110160	163	11660
110140	110170	247	15936
110140	110175	180	12045
110140	110180	200	14283
110143	110001	224	13724
110143	110002	173	12498
110143	110003	527	30848
110143	110004	194	11392
110143	110005	520	30464
110143	110006	482	28382
110143	110007	460	31293
110143	110008	382	22463
110143	110009	245	15047
110143	110010	693	40354
110143	110011	79	5067
110143	110012	87	5405
110143	110013	229	15453
110143	110014	149	12029
110143	110015	47	3592
110143	110018	241	15151
110143	110020	367	23206
110143	110025	122	7346
110143	110026	220	14838
110143	110028	194	11541
110143	110029	215	12779
110143	110030	425	25374
110143	110032	163	10435
110143	110033	647	37803
110143	110034	97	6654
110143	110037	248	14728
110143	110040	227	15850
110143	110045	294	20197
110143	110050	198	11919
110143	110060	161	11493
110143	110070	277	19492
110143	110080	348	22516
110143	110090	163	9728
110143	110092	380	23080
110143	110094	287	19101
110143	110100	121	8157
110143	110110	260	17479
110143	110120	172	12315
110143	110130	22	1617
110143	110140	220	15159
110143	110143	0	0
110143	110145	276	16338
110143	110146	572	35809
110143	110147	255	14954
110143	110148	244	14452
110143	110149	273	16386
110143	110150	202	12514
110143	110155	79	5064
110143	110160	112	7486
110143	110170	66	4809
110143	110175	167	11452
110143	110180	81	5907
110145	110001	89	6066
110145	110002	366	22768
110145	110003	383	21474
110145	110004	98	6004
110145	110005	221	20121
110145	110006	339	19007
110145	110007	182	17735
110145	110008	409	23834
110145	110009	129	7555
110145	110010	886	50624
110145	110011	272	15337
110145	110012	190	11044
110145	110013	422	25723
110145	110014	142	8318
110145	110015	232	13440
110145	110018	98	5805
110145	110020	560	33476
110145	110025	156	9205
110145	110026	413	25108
110145	110028	83	4989
110145	110029	62	4306
110145	110030	281	16000
110145	110032	196	12223
110145	110033	840	48073
110145	110034	203	11888
110145	110037	37	4475
110145	110040	420	26120
110145	110045	488	30467
110145	110050	108	6436
110145	110060	354	21762
110145	110070	470	29762
110145	110080	541	32785
110145	110090	138	8434
110145	110092	137	12470
110145	110094	481	29371
110145	110100	314	18427
110145	110110	453	27748
110145	110120	128	8084
110145	110130	282	17099
110145	110140	413	25429
110145	110143	276	16340
110145	110145	0	0
110145	110146	244	23823
110145	110147	93	5535
110145	110148	42	2622
110145	110149	299	17757
110145	110150	229	13884
110145	110155	244	13921
110145	110160	305	17756
110145	110170	233	13641
110145	110175	360	21722
110145	110180	267	15788
110146	110001	444	27342
110146	110002	662	42226
110146	110003	63	7492
110146	110004	380	24712
110146	110005	52	5430
110146	110006	91	7749
110146	110007	62	6135
110146	110008	723	43357
110146	110009	362	22529
110146	110010	1182	70082
110146	110011	568	34795
110146	110012	486	30503
110146	110013	718	45181
110146	110014	457	27841
110146	110015	528	32898
110146	110018	332	20779
110146	110020	856	52934
110146	110025	452	28663
110146	110026	709	44566
110146	110028	398	24512
110146	110029	418	25707
110146	110030	176	12145
110146	110032	510	31746
110146	110033	1136	67531
110146	110034	499	31346
110146	110037	450	27656
110146	110040	716	45578
110146	110045	783	49925
110146	110050	423	25959
110146	110060	650	41221
110146	110070	766	49220
110146	110080	837	52244
110146	110090	453	27957
110146	110092	141	14199
110146	110094	777	48829
110146	110100	610	37885
110146	110110	749	47207
110146	110120	415	27034
110146	110130	578	36557
110146	110140	709	44887
110146	110143	572	35799
110146	110145	244	23826
110146	110146	0	0
110146	110147	358	22275
110146	110148	389	24147
110146	110149	614	37280
110146	110150	543	33407
110146	110155	540	33380
110146	110160	601	37214
110146	110170	529	33100
110146	110175	656	41180
110146	110180	563	35246
110147	110001	109	6439
110147	110002	346	21387
110147	110003	313	17311
110147	110004	77	4623
110147	110005	306	16927
110147	110006	268	14844
110147	110007	246	17755
110147	110008	388	22453
110147	110009	58	3392
110147	110010	866	49244
110147	110011	252	13956
110147	110012	170	9664
110147	110013	402	24342
110147	110014	122	6937
110147	110015	212	12060
110147	110018	27	1642
110147	110020	539	32095
110147	110025	135	7824
110147	110026	392	23728
110147	110028	63	3609
110147	110029	83	4804
110147	110030	211	11836
110147	110032	175	10842
110147	110033	820	46693
110147	110034	183	10508
110147	110037	115	6753
110147	110040	399	24740
110147	110045	467	29086
110147	110050	88	5055
110147	110060	334	20382
110147	110070	450	28381
110147	110080	520	31405
110147	110090	118	7053
110147	110092	166	9543
110147	110094	460	27990
110147	110100	294	17047
110147	110110	432	26368
110147	110120	107	6704
110147	110130	261	15719
110147	110140	393	24048
110147	110143	255	14960
110147	110145	93	5540
110147	110146	358	22272
110147	110147	0	0
110147	110148	32	3229
110147	110149	279	16376
110147	110150	208	12504
110147	110155	224	12541
110147	110160	285	16375
110147	110170	213	12261
110147	110175	339	20342
110147	110180	246	14408
110148	110001	57	4185
110148	110002	334	20886
110148	110003	344	19183
110148	110004	66	4123
110148	110005	337	18799
110148	110006	299	16717
110148	110007	277	19628
110148	110008	377	21952
110148	110009	89	5264
110148	110010	854	48743
110148	110011	240	13455
110148	110012	159	9163
110148	110013	390	23842
110148	110014	110	6437
110148	110015	200	11559
110148	110018	59	3514
110148	110020	528	31594
110148	110025	124	7323
110148	110026	381	23227
110148	110028	51	3108
110148	110029	30	2424
110148	110030	242	13709
110148	110032	164	10342
110148	110033	808	46192
110148	110034	171	10007
110148	110037	64	4499
110148	110040	388	24239
110148	110045	456	28586
110148	110050	76	4554
110148	110060	322	19881
110148	110070	438	27881
110148	110080	509	30904
110148	110090	106	6552
110148	110092	197	11416
110148	110094	449	27490
110148	110100	282	16546
110148	110110	421	25867
110148	110120	96	6203
110148	110130	250	15218
110148	110140	381	23547
110148	110143	244	14459
110148	110145	42	2626
110148	110146	389	24144
110148	110147	32	3229
110148	110148	0	0
110148	110149	267	15876
110148	110150	197	12003
110148	110155	212	12040
110148	110160	273	15875
110148	110170	201	11760
110148	110175	328	19841
110148	110180	235	13907
110149	110001	219	13332
110149	110002	407	24826
110149	110003	569	32313
110149	110004	298	16710
110149	110005	562	31930
110149	110006	525	29847
110149	110007	502	32758
110149	110008	111	6218
110149	110009	315	18395
110149	110010	552	44638
110149	110011	313	17395
110149	110012	255	14415
110149	110013	463	27781
110149	110014	158	9670
110149	110015	273	15498
110149	110018	284	16645
110149	110020	601	35534
110149	110025	233	13048
110149	110026	454	27166
110149	110028	217	12940
110149	110029	239	14199
110149	110030	467	26839
110149	110032	111	6372
110149	110033	881	50131
110149	110034	179	10006
110149	110037	260	15748
110149	110040	461	28178
110149	110045	528	32525
110149	110050	196	11781
110149	110060	395	23820
110149	110070	511	31820
110149	110080	582	34843
110149	110090	230	13779
110149	110092	422	24546
110149	110094	521	31429
110149	110100	355	20485
110149	110110	494	29806
110149	110120	316	18057
110149	110130	256	15147
110149	110140	454	27487
110149	110143	273	16384
110149	110145	299	17758
110149	110146	614	37275
110149	110147	279	16374
110149	110148	267	15872
110149	110149	0	0
110149	110150	72	4073
110149	110155	238	13366
110149	110160	346	19814
110149	110170	207	11689
110149	110175	401	23780
110149	110180	308	17846
110150	110001	147	9435
110150	110002	336	20929
110150	110003	498	28417
110150	110004	227	12813
110150	110005	491	28033
110150	110006	453	25950
110150	110007	431	28861
110150	110008	182	10263
110150	110009	243	14498
110150	110010	624	48683
110150	110011	242	13498
110150	110012	184	10518
110150	110013	392	23884
110150	110014	87	5773
110150	110015	202	11601
110150	110018	212	12748
110150	110020	529	31637
110150	110025	162	9151
110150	110026	382	23269
110150	110028	146	9043
110150	110029	167	10302
110150	110030	396	22942
110150	110032	39	2475
110150	110033	810	46234
110150	110034	108	6109
110150	110037	189	11851
110150	110040	389	24281
110150	110045	457	28628
110150	110050	125	7884
110150	110060	324	19923
110150	110070	440	27923
110150	110080	510	30947
110150	110090	159	9882
110150	110092	351	20649
110150	110094	450	27532
110150	110100	284	16588
110150	110110	422	25909
110150	110120	244	14160
110150	110130	185	11250
110150	110140	383	23590
110150	110143	202	12487
110150	110145	228	13861
110150	110146	543	33378
110150	110147	208	12477
110150	110148	196	11975
110150	110149	73	4186
110150	110150	0	0
110150	110155	167	9469
110150	110160	274	15917
110150	110170	136	7792
110150	110175	329	19883
110150	110180	236	13949
110155	110001	155	10965
110155	110002	169	11497
110155	110003	495	28430
110155	110004	162	8973
110155	110005	488	28046
110155	110006	451	25964
110155	110007	428	28875
110155	110008	348	19445
110155	110009	213	12629
110155	110010	689	39353
110155	110011	75	4066
110155	110012	55	2987
110155	110013	225	14452
110155	110014	115	9011
110155	110015	35	2169
110155	110018	210	12733
110155	110020	363	22205
110155	110025	91	4928
110155	110026	216	13837
110155	110028	163	9123
110155	110029	183	10361
110155	110030	393	22956
110155	110032	129	7417
110155	110033	643	36802
110155	110034	62	3636
110155	110037	216	12309
110155	110040	223	14849
110155	110045	290	19196
110155	110050	128	9160
110155	110060	157	10492
110155	110070	273	18491
110155	110080	344	21515
110155	110090	131	7310
110155	110092	348	20662
110155	110094	283	18100
110155	110100	117	7156
110155	110110	256	16477
110155	110120	140	9897
110155	110130	78	5195
110155	110140	216	14158
110155	110143	79	5070
110155	110145	244	13920
110155	110146	540	33391
110155	110147	224	12536
110155	110148	212	12034
110155	110149	238	13368
110155	110150	168	9496
110155	110155	0	0
110155	110160	108	6485
110155	110170	32	1860
110155	110175	163	10451
110155	110180	70	4517
110160	110001	253	15149
110160	110002	116	9040
110160	110003	556	32273
110160	110004	223	12816
110160	110005	549	31889
110160	110006	512	29806
110160	110007	489	32717
110160	110008	455	25897
110160	110009	274	16472
110160	110010	636	36896
110160	110011	33	2475
110160	110012	116	6830
110160	110013	118	8041
110160	110014	222	15463
110160	110015	76	5017
110160	110018	271	16576
110160	110020	310	19748
110160	110025	152	8771
110160	110026	163	11380
110160	110028	224	12966
110160	110029	244	14204
110160	110030	454	26799
110160	110032	236	13869
110160	110033	591	34345
110160	110034	170	10088
110160	110037	277	16152
110160	110040	170	12392
110160	110045	238	16739
110160	110050	227	13344
110160	110060	104	8035
110160	110070	221	16034
110160	110080	291	19058
110160	110090	192	11153
110160	110092	409	24505
110160	110094	231	15643
110160	110100	64	4699
110160	110110	203	14020
110160	110120	201	13740
110160	110130	133	8947
110160	110140	163	11701
110160	110143	112	7477
110160	110145	305	17763
110160	110146	601	37234
110160	110147	285	16379
110160	110148	273	15877
110160	110149	346	19820
110160	110150	275	15947
110160	110155	108	6489
110160	110160	0	0
110160	110170	140	8311
110160	110175	55	4040
110160	110180	42	3111
110170	110001	124	9288
110170	110002	201	13319
110170	110003	483	28120
110170	110004	151	8663
110170	110005	477	27736
110170	110006	439	25653
110170	110007	417	28564
110170	110008	317	17768
110170	110009	201	12319
110170	110010	721	41176
110170	110011	107	5889
110170	110012	87	4809
110170	110013	257	16275
110170	110014	84	7334
110170	110015	67	3992
110170	110018	198	12422
110170	110020	395	24027
110170	110025	86	5001
110170	110026	247	15660
110170	110028	151	8813
110170	110029	172	10050
110170	110030	382	22645
110170	110032	98	5740
110170	110033	675	38625
110170	110034	32	1959
110170	110037	165	11704
110170	110040	254	16672
110170	110045	322	21019
110170	110050	98	7483
110170	110060	189	12314
110170	110070	305	20314
110170	110080	376	23337
110170	110090	108	6365
110170	110092	337	20352
110170	110094	315	19923
110170	110100	149	8979
110170	110110	287	18300
110170	110120	168	10010
110170	110130	49	3572
110170	110140	248	15981
110170	110143	66	4809
110170	110145	233	13610
110170	110146	529	33081
110170	110147	212	12226
110170	110148	201	11724
110170	110149	207	11691
110170	110150	137	7819
110170	110155	32	1860
110170	110160	140	8308
110170	110170	0	0
110170	110175	195	12274
110170	110180	102	6340
110175	110001	308	19110
110175	110002	129	9161
110175	110003	611	36234
110175	110004	278	16777
110175	110005	604	35850
110175	110006	567	33767
110175	110007	544	36678
110175	110008	510	29857
110175	110009	329	20433
110175	110010	653	37258
110175	110011	88	6436
110175	110012	171	10790
110175	110013	63	4098
110175	110014	277	19423
110175	110015	131	8977
110175	110018	325	20536
110175	110020	327	20109
110175	110025	207	12731
110175	110026	180	11742
110175	110028	278	16927
110175	110029	299	18164
110175	110030	509	30759
110175	110032	291	17830
110175	110033	607	34707
110175	110034	225	14049
110175	110037	332	20113
110175	110040	187	12754
110175	110045	255	17101
110175	110050	282	17304
110175	110060	159	11995
110175	110070	237	16396
110175	110080	308	19419
110175	110090	247	15113
110175	110092	464	28466
110175	110094	127	12603
110175	110100	119	8660
110175	110110	220	14382
110175	110120	256	17701
110175	110130	188	12908
110175	110140	180	12062
110175	110143	167	11438
110175	110145	360	21724
110175	110146	656	41195
110175	110147	339	20340
110175	110148	328	19838
110175	110149	401	23781
110175	110150	330	19908
110175	110155	163	10449
110175	110160	55	4035
110175	110170	194	12272
110175	110175	0	0
110175	110180	91	6647
110180	110001	215	13173
110180	110002	153	11665
110180	110003	518	30297
110180	110004	185	10840
110180	110005	511	29913
110180	110006	474	27830
110180	110007	451	30741
110180	110008	417	23921
110180	110009	236	14496
110180	110010	673	39521
110180	110011	59	4234
110180	110012	78	4854
110180	110013	153	10621
110180	110014	184	13487
110180	110015	38	3041
110180	110018	232	14600
110180	110020	347	22373
110180	110025	114	6795
110180	110026	200	14005
110180	110028	185	10990
110180	110029	206	12228
110180	110030	416	24823
110180	110032	198	11893
110180	110033	628	36971
110180	110034	132	8112
110180	110037	239	14176
110180	110040	207	15017
110180	110045	275	19364
110180	110050	189	11368
110180	110060	141	10660
110180	110070	258	18659
110180	110080	328	21683
110180	110090	154	9177
110180	110092	371	22529
110180	110094	268	18268
110180	110100	101	7324
110180	110110	240	16646
110180	110120	163	11764
110180	110130	103	7378
110180	110140	200	14326
110180	110143	81	5908
110180	110145	267	15787
110180	110146	563	35258
110180	110147	246	14403
110180	110148	235	13901
110180	110149	308	17844
110180	110150	237	13971
110180	110155	70	4513
110180	110160	42	3132
110180	110170	102	6335
110180	110175	90	6620
110180	110180	0	0
;

end;


