NIVEL	CODIGO	DESTINO	POP ATENDIDA	Physicians	Nurses	OtherCadres	CommunityBased	MRIUnit	Mammography	Radiotherapy
1,240010,Acari,20671.00,8.48,52.30,25.84,100.87,0.00,0.00,0.00,0.00,0.00
1,240020,Acu,86822.00,35.60,219.66,108.53,423.69,0.00,0.00,0.00,0.00,0.00
1,240030,Afonso_Bezerra,11908.00,4.88,30.13,14.88,58.11,0.00,0.00,0.00,0.00,0.00
1,240050,Alexandria,18775.00,7.70,47.50,23.47,91.62,0.00,0.00,0.00,0.00,0.00
1,240080,Angicos,15923.00,6.53,40.29,19.90,77.70,0.00,0.00,0.00,0.00,0.00
1,240090,Antonio_Martins,10562.00,4.33,26.72,13.20,51.54,0.00,0.00,0.00,0.00,0.00
1,240100,Apodi,38627.00,15.84,97.73,48.28,188.50,0.00,0.00,0.00,0.00,0.00
1,240110,Areia_Branca,29296.00,12.01,74.12,36.62,142.96,0.00,0.00,0.00,0.00,0.00
1,240130,Augusto_Severo,26051.00,10.68,65.91,32.56,127.13,0.00,0.00,0.00,0.00,0.00
1,240140,Baia_Formosa,9942.00,4.08,25.15,12.43,48.52,0.00,0.00,0.00,0.00,0.00
1,240145,Barauna,30193.00,12.38,76.39,37.74,147.34,0.00,0.00,0.00,0.00,0.00
1,240180,Brejinho,136414.00,55.93,345.13,170.52,665.70,0.00,0.00,0.00,0.00,0.00
1,240185,Caicara_Do_Norte,7050.00,2.89,17.84,8.81,34.40,0.00,0.00,0.00,0.00,0.00
1,240200,Caico,77823.00,31.91,196.89,97.28,379.78,0.00,0.00,0.00,0.00,0.00
1,240230,Caraubas,22049.00,9.04,55.78,27.56,107.60,0.00,0.00,0.00,0.00,0.00
1,240240,Carnauba_Dos_Dantas,8757.00,3.59,22.16,10.95,42.73,0.00,0.00,0.00,0.00,0.00
1,240250,Carnaubais,43100.00,17.67,109.04,53.88,210.33,0.00,0.00,0.00,0.00,0.00
1,240270,Cerro_Cora,14483.00,5.94,36.64,18.10,70.68,0.00,0.00,0.00,0.00,0.00
1,240310,Currais_Novos,55071.00,22.58,139.33,68.84,268.75,0.00,0.00,0.00,0.00,0.00
1,240360,Extremoz,30439.00,12.48,77.01,38.05,148.54,0.00,0.00,0.00,0.00,0.00
1,240370,Felipe_Guerra,6441.00,2.64,16.30,8.05,31.43,0.00,0.00,0.00,0.00,0.00
1,240410,Galinhos,2940.00,1.21,7.44,3.67,14.35,0.00,0.00,0.00,0.00,0.00
1,240420,Goianinha,84738.00,34.74,214.39,105.92,413.52,0.00,0.00,0.00,0.00,0.00
1,240430,Governador_Dix_Sept_Rosado,14018.00,5.75,35.47,17.52,68.41,0.00,0.00,0.00,0.00,0.00
1,240440,Grossos,11111.00,4.56,28.11,13.89,54.22,0.00,0.00,0.00,0.00,0.00
1,240450,Guamare,16555.00,6.79,41.88,20.69,80.79,0.00,0.00,0.00,0.00,0.00
1,240460,Ielmo_Marinho,14698.00,6.03,37.19,18.37,71.73,0.00,0.00,0.00,0.00,0.00
1,240490,Itau,16606.00,6.81,42.01,20.76,81.04,0.00,0.00,0.00,0.00,0.00
1,240500,Jacana,9735.00,3.99,24.63,12.17,47.51,0.00,0.00,0.00,0.00,0.00
1,240510,Jandaira,7402.00,3.03,18.73,9.25,36.12,0.00,0.00,0.00,0.00,0.00
1,240520,Janduis,5704.00,2.34,14.43,7.13,27.84,0.00,0.00,0.00,0.00,0.00
1,240540,Japi,5519.00,2.26,13.96,6.90,26.93,0.00,0.00,0.00,0.00,0.00
1,240560,Jardim_De_Piranhas,22337.00,9.16,56.51,27.92,109.00,0.00,0.00,0.00,0.00,0.00
1,240570,Jardim_Do_Serido,18559.00,7.61,46.95,23.20,90.57,0.00,0.00,0.00,0.00,0.00
1,240580,Joao_Camara,46198.00,18.94,116.88,57.75,225.45,0.00,0.00,0.00,0.00,0.00
1,240600,Jose_Da_Penha,48661.00,19.95,123.11,60.83,237.47,0.00,0.00,0.00,0.00,0.00
1,240610,Jucurutu,29546.00,12.11,74.75,36.93,144.18,0.00,0.00,0.00,0.00,0.00
1,240650,Lagoa_Nova,16693.00,6.84,42.23,20.87,81.46,0.00,0.00,0.00,0.00,0.00
1,240670,Lajes,26013.00,10.67,65.81,32.52,126.94,0.00,0.00,0.00,0.00,0.00
1,240690,Lucrecia,25253.00,10.35,63.89,31.57,123.23,0.00,0.00,0.00,0.00,0.00
1,240710,Macaiba,110247.00,45.20,278.92,137.81,538.01,0.00,0.00,0.00,0.00,0.00
1,240720,Macau,34065.00,13.97,86.18,42.58,166.24,0.00,0.00,0.00,0.00,0.00
1,240750,Maxaranguape,13152.00,5.39,33.27,16.44,64.18,0.00,0.00,0.00,0.00,0.00
1,240760,Messias_Targino,4927.00,2.02,12.47,6.16,24.04,0.00,0.00,0.00,0.00,0.00
1,240800,Mossoro,317175.00,130.04,802.45,396.47,1547.81,0.00,0.00,0.00,0.00,0.00
1,240810,Natal,946577.00,388.10,2394.84,1183.22,4619.30,0.00,0.00,0.00,0.00,0.00
1,240830,Nova_Cruz,68267.00,27.99,172.72,85.33,333.14,0.00,0.00,0.00,0.00,0.00
1,240890,Parelhas,23090.00,9.47,58.42,28.86,112.68,0.00,0.00,0.00,0.00,0.00
1,240895,Rio_Do_Fogo,11636.00,4.77,29.44,14.54,56.78,0.00,0.00,0.00,0.00,0.00
1,240910,Passa_E_Fica,29881.00,12.25,75.60,37.35,145.82,0.00,0.00,0.00,0.00,0.00
1,240930,Patu,21752.00,8.92,55.03,27.19,106.15,0.00,0.00,0.00,0.00,0.00
1,240940,Pau_Dos_Ferros,53827.00,22.07,136.18,67.28,262.68,0.00,0.00,0.00,0.00,0.00
1,240950,Pedra_Grande,12138.00,4.98,30.71,15.17,59.23,0.00,0.00,0.00,0.00,0.00
1,241010,Poco_Branco,29719.00,12.18,75.19,37.15,145.03,0.00,0.00,0.00,0.00,0.00
1,241025,Porto_Do_Mangue,7296.00,2.99,18.46,9.12,35.60,0.00,0.00,0.00,0.00,0.00
1,241040,Pureza,10263.00,4.21,25.97,12.83,50.08,0.00,0.00,0.00,0.00,0.00
1,241105,Tibau,4391.00,1.80,11.11,5.49,21.43,0.00,0.00,0.00,0.00,0.00
1,241110,Ruy_Barbosa,15817.00,6.48,40.02,19.77,77.19,0.00,0.00,0.00,0.00,0.00
1,241120,Santa_Cruz,70279.00,28.81,177.81,87.85,342.96,0.00,0.00,0.00,0.00,0.00
1,241140,Santana_Do_Matos,13972.00,5.73,35.35,17.46,68.18,0.00,0.00,0.00,0.00,0.00
1,241142,Santana_Do_Serido,9390.00,3.85,23.76,11.74,45.82,0.00,0.00,0.00,0.00,0.00
1,241150,Santo_Antonio,62856.00,25.77,159.03,78.57,306.74,0.00,0.00,0.00,0.00,0.00
1,241200,Sao_Goncalo_Do_Amarante,463769.00,190.15,1173.34,579.71,2263.19,0.00,0.00,0.00,0.00,0.00
1,241210,Sao_Joao_Do_Sabugi,9067.00,3.72,22.94,11.33,44.25,0.00,0.00,0.00,0.00,0.00
1,241230,Sao_Jose_Do_Campestre,13841.00,5.67,35.02,17.30,67.54,0.00,0.00,0.00,0.00,0.00
1,241250,Sao_Miguel,34985.00,14.34,88.51,43.73,170.73,0.00,0.00,0.00,0.00,0.00
1,241255,Sao_Miguel_Do_Gostoso,10280.00,4.21,26.01,12.85,50.17,0.00,0.00,0.00,0.00,0.00
1,241260,Sao_Paulo_Do_Potengi,64720.00,26.54,163.74,80.90,315.83,0.00,0.00,0.00,0.00,0.00
1,241280,Sao_Rafael,8857.00,3.63,22.41,11.07,43.22,0.00,0.00,0.00,0.00,0.00
1,241335,Serra_Do_Mel,12716.00,5.21,32.17,15.89,62.05,0.00,0.00,0.00,0.00,0.00
1,241340,Serra_Negra_Do_Norte,8698.00,3.57,22.01,10.87,42.45,0.00,0.00,0.00,0.00,0.00
1,241355,Serrinha_Dos_Pintos,14535.00,5.96,36.77,18.17,70.93,0.00,0.00,0.00,0.00,0.00
1,241360,Severiano_Melo,14408.00,5.91,36.45,18.01,70.31,0.00,0.00,0.00,0.00,0.00
1,241400,Tangara,22717.00,9.31,57.47,28.40,110.86,0.00,0.00,0.00,0.00,0.00
1,241410,Tenente_Ananias,11557.00,4.74,29.24,14.45,56.40,0.00,0.00,0.00,0.00,0.00
1,241415,Tenente_Laurentino_Cruz,6345.00,2.60,16.05,7.93,30.96,0.00,0.00,0.00,0.00,0.00
1,241420,Tibau_Do_Sul,18402.00,7.54,46.56,23.00,89.80,0.00,0.00,0.00,0.00,0.00
1,241440,Touros,36384.00,14.92,92.05,45.48,177.55,0.00,0.00,0.00,0.00,0.00
1,241445,Triunfo_Potiguar,7599.00,3.12,19.23,9.50,37.08,0.00,0.00,0.00,0.00,0.00
