NIVEL	CODIGO	DESTINO	POP ATENDIDA	Physicians	Nurses	OtherCadres	CommunityBased	MRIUnit	Mammography	Radiotherapy
1,330010,Angra_Dos_Reis,216149.00,88.62,546.86,270.19,1054.81,0.00,0.00,0.00,0.00,0.00
1,330020,Araruama,140685.00,57.68,355.93,175.86,686.54,0.00,0.00,0.00,0.00,0.00
1,330023,Armacao_Dos_Buzios,35851.00,14.70,90.70,44.81,174.95,0.00,0.00,0.00,0.00,0.00
1,330040,Barra_Mansa,198427.00,81.36,502.02,248.03,968.32,0.00,0.00,0.00,0.00,0.00
1,330045,Belford_Roxo,1232534.00,505.34,3118.31,1540.67,6014.77,0.00,0.00,0.00,0.00,0.00
1,330050,Bom_Jardim,29411.00,12.06,74.41,36.76,143.53,0.00,0.00,0.00,0.00,0.00
1,330060,Bom_Jesus_Do_Itabapoana,39890.00,16.35,100.92,49.86,194.66,0.00,0.00,0.00,0.00,0.00
1,330070,Cabo_Frio,413334.00,169.47,1045.74,516.67,2017.07,0.00,0.00,0.00,0.00,0.00
1,330080,Cachoeiras_De_Macacu,63160.00,25.90,159.79,78.95,308.22,0.00,0.00,0.00,0.00,0.00
1,330090,Cambuci,58373.00,23.93,147.68,72.97,284.86,0.00,0.00,0.00,0.00,0.00
1,330100,Campos_Dos_Goytacazes,542967.00,222.62,1373.71,678.71,2649.68,0.00,0.00,0.00,0.00,0.00
1,330110,Cantagalo,21762.00,8.92,55.06,27.20,106.20,0.00,0.00,0.00,0.00,0.00
1,330130,Casimiro_De_Abreu,46696.00,19.15,118.14,58.37,227.88,0.00,0.00,0.00,0.00,0.00
1,330140,Conceicao_De_Macabu,24876.00,10.20,62.94,31.09,121.39,0.00,0.00,0.00,0.00,0.00
1,330150,Cordeiro,29531.00,12.11,74.71,36.91,144.11,0.00,0.00,0.00,0.00,0.00
1,330160,Duas_Barras,12354.00,5.07,31.26,15.44,60.29,0.00,0.00,0.00,0.00,0.00
1,330170,Duque_De_Caxias,986206.00,404.34,2495.10,1232.76,4812.69,0.00,0.00,0.00,0.00,0.00
1,330190,Itaborai,1589964.00,651.89,4022.61,1987.45,7759.02,0.00,0.00,0.00,0.00,0.00
1,330200,Itaguai,135803.00,55.68,343.58,169.75,662.72,0.00,0.00,0.00,0.00,0.00
1,330205,Italva,30133.00,12.35,76.24,37.67,147.05,0.00,0.00,0.00,0.00,0.00
1,330220,Itaperuna,118381.00,48.54,299.50,147.98,577.70,0.00,0.00,0.00,0.00,0.00
1,330227,Japeri,273115.00,111.98,690.98,341.39,1332.80,0.00,0.00,0.00,0.00,0.00
1,330230,Laje_Do_Muriae,7966.00,3.27,20.15,9.96,38.87,0.00,0.00,0.00,0.00,0.00
1,330240,Macae,271396.00,111.27,686.63,339.25,1324.41,0.00,0.00,0.00,0.00,0.00
1,330250,Mage,327091.00,134.11,827.54,408.86,1596.20,0.00,0.00,0.00,0.00,0.00
1,330260,Mangaratiba,47121.00,19.32,119.22,58.90,229.95,0.00,0.00,0.00,0.00,0.00
1,330280,Mendes,127858.00,52.42,323.48,159.82,623.95,0.00,0.00,0.00,0.00,0.00
1,330285,Mesquita,189415.00,77.66,479.22,236.77,924.35,0.00,0.00,0.00,0.00,0.00
1,330290,Miguel_Pereira,57347.00,23.51,145.09,71.68,279.85,0.00,0.00,0.00,0.00,0.00
1,330300,Miracema,29331.00,12.03,74.21,36.66,143.14,0.00,0.00,0.00,0.00,0.00
1,330310,Natividade,48474.00,19.87,122.64,60.59,236.55,0.00,0.00,0.00,0.00,0.00
1,330330,Niteroi,551986.00,226.31,1396.52,689.98,2693.69,0.00,0.00,0.00,0.00,0.00
1,330340,Nova_Friburgo,205015.00,84.06,518.69,256.27,1000.47,0.00,0.00,0.00,0.00,0.00
1,330350,Nova_Iguacu,883196.00,362.11,2234.49,1103.99,4310.00,0.00,0.00,0.00,0.00,0.00
1,330360,Paracambi,164464.00,67.43,416.09,205.58,802.58,0.00,0.00,0.00,0.00,0.00
1,330370,Paraiba_Do_Sul,47505.00,19.48,120.19,59.38,231.82,0.00,0.00,0.00,0.00,0.00
1,330380,Paraty,45978.00,18.85,116.32,57.47,224.37,0.00,0.00,0.00,0.00,0.00
1,330390,Petropolis,329698.00,135.18,834.14,412.12,1608.93,0.00,0.00,0.00,0.00,0.00
1,330395,Pinheiral,26900.00,11.03,68.06,33.62,131.27,0.00,0.00,0.00,0.00,0.00
1,330400,Pirai,31277.00,12.82,79.13,39.10,152.63,0.00,0.00,0.00,0.00,0.00
1,330415,Quissama,43449.00,17.81,109.93,54.31,212.03,0.00,0.00,0.00,0.00,0.00
1,330420,Resende,210766.00,86.41,533.24,263.46,1028.54,0.00,0.00,0.00,0.00,0.00
1,330430,Rio_Bonito,64512.00,26.45,163.22,80.64,314.82,0.00,0.00,0.00,0.00,0.00
1,330440,Rio_Claro,19900.00,8.16,50.35,24.88,97.11,0.00,0.00,0.00,0.00,0.00
1,330452,Rio_Das_Ostras,157456.00,64.56,398.36,196.82,768.39,0.00,0.00,0.00,0.00,0.00
1,330455,Rio_De_Janeiro,7214328.00,2957.87,18252.25,9017.91,35205.92,0.00,0.00,0.00,0.00,0.00
1,330460,Santa_Maria_Madalena,11235.00,4.61,28.42,14.04,54.83,0.00,0.00,0.00,0.00,0.00
1,330470,Santo_Antonio_De_Padua,83283.00,34.15,210.71,104.10,406.42,0.00,0.00,0.00,0.00,0.00
1,330475,Sao_Francisco_De_Itabapoana,45516.00,18.66,115.16,56.90,222.12,0.00,0.00,0.00,0.00,0.00
1,330500,Sao_Joao_Da_Barra,38977.00,15.98,98.61,48.72,190.21,0.00,0.00,0.00,0.00,0.00
1,330515,Sao_Jose_Do_Vale_Do_Rio_Preto,23372.00,9.58,59.13,29.21,114.06,0.00,0.00,0.00,0.00,0.00
1,330530,Sao_Sebastiao_Do_Alto,10059.00,4.12,25.45,12.57,49.09,0.00,0.00,0.00,0.00,0.00
1,330540,Sapucaia,19635.00,8.05,49.68,24.54,95.82,0.00,0.00,0.00,0.00,0.00
1,330550,Saquarema,94593.00,38.78,239.32,118.24,461.61,0.00,0.00,0.00,0.00,0.00
1,330560,Silva_Jardim,23483.00,9.63,59.41,29.35,114.60,0.00,0.00,0.00,0.00,0.00
1,330570,Sumidouro,37029.00,15.18,93.68,46.29,180.70,0.00,0.00,0.00,0.00,0.00
1,330575,Tangua,36530.00,14.98,92.42,45.66,178.27,0.00,0.00,0.00,0.00,0.00
1,330580,Teresopolis,195094.00,79.99,493.59,243.87,952.06,0.00,0.00,0.00,0.00,0.00
1,330590,Trajano_De_Moraes,11444.00,4.69,28.95,14.30,55.85,0.00,0.00,0.00,0.00,0.00
1,330600,Tres_Rios,110517.00,45.31,279.61,138.15,539.32,0.00,0.00,0.00,0.00,0.00
1,330610,Valenca,92091.00,37.76,232.99,115.11,449.40,0.00,0.00,0.00,0.00,0.00
1,330620,Vassouras,39585.00,16.23,100.15,49.48,193.17,0.00,0.00,0.00,0.00,0.00
1,330630,Volta_Redonda,293363.00,120.28,742.21,366.70,1431.61,0.00,0.00,0.00,0.00,0.00
