NIVEL	CODIGO	DESTINO	POP ATENDIDA	Physicians	Nurses	OtherCadres	CommunityBased	Beds	CTScanner	MRIUnit	Mammography	Radiotherapy
3	3227183	Ajaccio	95903.00	190.85	861.21	240.72	0.00	174.54	1.91	1.61	1.50	0.98
3	3018443	Bastia	45715.00	90.97	410.52	114.74	0.00	83.20	0.91	0.77	0.71	0.47
3	2985947	Porto-Vecchio	18786.00	37.38	168.70	47.15	0.00	34.19	0.37	0.32	0.29	0.19
3	6616385	Borgo	28571.00	56.86	256.57	71.71	0.00	52.00	0.57	0.48	0.45	0.29
3	2988658	Corte	22412.00	44.60	201.26	56.25	0.00	40.79	0.45	0.38	0.35	0.23
3	3029090	Calvi	15327.00	30.50	137.64	38.47	0.00	27.90	0.31	0.26	0.24	0.16
3	3213049	Furiani	15269.00	30.39	137.12	38.33	0.00	27.79	0.30	0.26	0.24	0.16
3	6431123	Sartène	10719.00	21.33	96.26	26.90	0.00	19.51	0.21	0.18	0.17	0.11
3	3031801	Bonifacio	3189.00	6.35	28.64	8.00	0.00	5.80	0.06	0.05	0.05	0.03
