data;

# ORIGEM	DESTINO	DIST(km)	DUR(h)
# Duracao maxima de 10800 h
param:	K:	dist	dur:= 
   297	   297	0		0
   297	   140	78		7045
   297	   749	20		1828
   297	   915	65		5839
   297	   402	55		4930
   297	   420	45		4042
   297	   263	100		8978
   297	   778	41		3695
   297	   595	60		5388
   297	   762	86		7782
   297	   925	100		9039
   297	   686	53		4725
   297	   204	42		3757
   297	   857	42		3809
   297	   239	74		6672
   297	   921	64		5763
   297	   687	74		6642
   297	   844	47		4250
   140	   297	78		7045
   140	   140	0		0
   140	   749	59		5305
   140	   402	24		2131
   140	   263	30		2695
   140	   778	104		9373
   140	   595	42		3806
   140	   762	20		1801
   140	   925	22		2003
   140	   686	106		9538
   140	   204	92		8267
   140	   857	106		9557
   140	   239	60		5370
   140	   921	80		7181
   140	   687	56		4995
   140	   844	71		6366
   749	   297	20		1828
   749	   140	59		5305
   749	   749	0		0
   749	   915	85		7658
   749	   402	35		3175
   749	   420	65		5866
   749	   263	83		7432
   749	   778	57		5130
   749	   595	49		4372
   749	   762	66		5956
   749	   925	81		7308
   749	   686	66		5902
   749	   204	43		3869
   749	   857	51		4632
   749	   239	67		6015
   749	   921	65		5823
   749	   687	57		5086
   749	   844	48		4277
   915	   297	65		5839
   915	   749	85		7658
   915	   915	0		0
   915	   402	119		10753
   915	   420	20		1807
   915	   778	52		4681
   915	   595	117		10520
   915	   686	64		5736
   915	   204	79		7142
   915	   857	63		5663
   915	   921	102		9144
   915	   844	91		8233
   402	   297	55		4930
   402	   140	24		2131
   402	   749	35		3175
   402	   915	119		10753
   402	   402	0		0
   402	   420	99		8948
   402	   263	49		4452
   402	   778	84		7517
   402	   595	35		3111
   402	   762	34		3061
   402	   925	46		4134
   402	   686	87		7863
   402	   204	70		6328
   402	   857	83		7512
   402	   239	56		5018
   402	   921	68		6156
   402	   687	48		4292
   402	   844	56		4997
   420	   297	45		4042
   420	   749	65		5866
   420	   915	20		1807
   420	   402	99		8948
   420	   420	0		0
   420	   778	37		3346
   420	   595	98		8783
   420	   686	51		4589
   420	   204	64		5794
   420	   857	50		4530
   420	   239	106		9505
   420	   921	85		7686
   420	   687	114		10300
   420	   844	74		6629
   263	   297	100		8978
   263	   140	30		2695
   263	   749	83		7432
   263	   402	49		4452
   263	   263	0		0
   263	   778	117		10534
   263	   595	47		4244
   263	   762	44		3987
   263	   925	21		1920
   263	   686	115		10364
   263	   204	120		10778
   263	   239	54		4899
   263	   921	81		7258
   263	   687	85		7645
   263	   844	78		7004
   778	   297	41		3695
   778	   140	104		9373
   778	   749	57		5130
   778	   915	52		4681
   778	   402	84		7517
   778	   420	37		3346
   778	   263	117		10534
   778	   778	0		0
   778	   595	70		6309
   778	   762	118		10576
   778	   686	15		1330
   778	   204	79		7144
   778	   857	73		6545
   778	   239	73		6561
   778	   921	50		4466
   778	   687	113		10205
   778	   844	41		3709
   595	   297	60		5388
   595	   140	42		3806
   595	   749	49		4372
   595	   915	117		10520
   595	   402	35		3111
   595	   420	98		8783
   595	   263	47		4244
   595	   778	70		6309
   595	   595	0		0
   595	   762	61		5506
   595	   925	58		5216
   595	   686	68		6130
   595	   204	91		8226
   595	   857	99		8945
   595	   239	21		1922
   595	   921	38		3378
   595	   687	82		7388
   595	   844	31		2779
   762	   297	86		7782
   762	   140	20		1801
   762	   749	66		5956
   762	   402	34		3061
   762	   263	44		3987
   762	   778	118		10576
   762	   595	61		5506
   762	   762	0		0
   762	   925	27		2409
   762	   204	91		8172
   762	   857	107		9649
   762	   239	79		7154
   762	   921	98		8850
   762	   687	43		3885
   762	   844	88		7896
   925	   297	100		9039
   925	   140	22		2003
   925	   749	81		7308
   925	   402	46		4134
   925	   263	21		1920
   925	   595	58		5216
   925	   762	27		2409
   925	   925	0		0
   925	   204	113		10163
   925	   239	71		6359
   925	   921	95		8519
   925	   687	70		6282
   925	   844	88		7958
   686	   297	53		4725
   686	   140	106		9538
   686	   749	66		5902
   686	   915	64		5736
   686	   402	87		7863
   686	   420	51		4589
   686	   263	115		10364
   686	   778	15		1330
   686	   595	68		6130
   686	   686	0		0
   686	   204	93		8335
   686	   857	87		7834
   686	   239	67		5990
   686	   921	41		3655
   686	   844	37		3360
   204	   297	42		3757
   204	   140	92		8267
   204	   749	43		3869
   204	   915	79		7142
   204	   402	70		6328
   204	   420	64		5794
   204	   263	120		10778
   204	   778	79		7144
   204	   595	91		8226
   204	   762	91		8172
   204	   925	113		10163
   204	   686	93		8335
   204	   204	0		0
   204	   857	19		1669
   204	   239	110		9878
   204	   921	105		9413
   204	   687	58		5264
   204	   844	87		7861
   857	   297	42		3809
   857	   140	106		9557
   857	   749	51		4632
   857	   915	63		5663
   857	   402	83		7512
   857	   420	50		4530
   857	   778	73		6545
   857	   595	99		8945
   857	   762	107		9649
   857	   686	87		7834
   857	   204	19		1669
   857	   857	0		0
   857	   239	116		10413
   857	   921	106		9551
   857	   687	77		6921
   857	   844	90		8055
   239	   297	74		6672
   239	   140	60		5370
   239	   749	67		6015
   239	   402	56		5018
   239	   420	106		9505
   239	   263	54		4899
   239	   778	73		6561
   239	   595	21		1922
   239	   762	79		7154
   239	   925	71		6359
   239	   686	67		5990
   239	   204	110		9878
   239	   857	116		10413
   239	   239	0		0
   239	   921	27		2470
   239	   687	103		9305
   239	   844	32		2889
   921	   297	64		5763
   921	   140	80		7181
   921	   749	65		5823
   921	   915	102		9144
   921	   402	68		6156
   921	   420	85		7686
   921	   263	81		7258
   921	   778	50		4466
   921	   595	38		3378
   921	   762	98		8850
   921	   925	95		8519
   921	   686	41		3655
   921	   204	105		9413
   921	   857	106		9551
   921	   239	27		2470
   921	   921	0		0
   921	   687	113		10176
   921	   844	17		1559
   687	   297	74		6642
   687	   140	56		4995
   687	   749	57		5086
   687	   402	48		4292
   687	   420	114		10300
   687	   263	85		7645
   687	   778	113		10205
   687	   595	82		7388
   687	   762	43		3885
   687	   925	70		6282
   687	   204	58		5264
   687	   857	77		6921
   687	   239	103		9305
   687	   921	113		10176
   687	   687	0		0
   687	   844	98		8801
   844	   297	47		4250
   844	   140	71		6366
   844	   749	48		4277
   844	   915	91		8233
   844	   402	56		4997
   844	   420	74		6629
   844	   263	78		7004
   844	   778	41		3709
   844	   595	31		2779
   844	   762	88		7896
   844	   925	88		7958
   844	   686	37		3360
   844	   204	87		7861
   844	   857	90		8055
   844	   239	32		2889
   844	   921	17		1559
   844	   687	98		8801
   844	   844	0		0
;

end;

