data;

# ORIGEM	DESTINO	DIST(km)	DUR(h)
# Duracao maxima de 10800 h
param:	K:	dist	dur:= 
    91	    91	0		0
    91	    49	16		1407
    91	    92	15		1339
    91	   638	47		4224
    91	   444	49		4377
    91	   106	51		4568
    91	   543	33		2979
    91	   186	34		3066
    91	   257	29		2645
    91	   858	26		2322
    91	   245	27		2418
    91	   927	43		3835
    91	   710	86		7744
    91	   505	55		4953
    91	   753	29		2617
    91	   434	78		6989
    91	   235	12		1089
    91	   224	56		5077
    91	    78	116		10449
    91	   755	40		3598
    91	   149	53		4810
    91	   611	41		3708
    91	    18	54		4826
    91	   407	85		7658
    91	   616	63		5688
    91	   504	74		6680
    49	    91	16		1407
    49	    49	0		0
    49	    92	23		2061
    49	   638	59		5304
    49	   444	33		2975
    49	   106	48		4323
    49	   543	30		2672
    49	   186	38		3376
    49	   257	17		1529
    49	   858	30		2659
    49	   245	32		2912
    49	   927	29		2628
    49	   710	73		6544
    49	   505	59		5334
    49	   753	38		3463
    49	   434	90		8136
    49	   235	4		330
    49	   224	44		3940
    49	    78	103		9303
    49	   755	26		2336
    49	   149	41		3652
    49	   611	49		4424
    49	    18	63		5634
    49	   407	96		8629
    49	   616	70		6304
    49	   504	83		7444
    92	    91	15		1339
    92	    49	23		2061
    92	    92	0		0
    92	   638	36		3258
    92	   444	54		4822
    92	   106	38		3418
    92	   543	22		2005
    92	   186	19		1745
    92	   257	40		3573
    92	   858	11		1029
    92	   245	12		1080
    92	   927	41		3657
    92	   710	96		8597
    92	   505	40		3615
    92	   753	16		1409
    92	   434	68		6100
    92	   235	20		1772
    92	   224	52		4698
    92	   755	49		4389
    92	   149	63		5713
    92	   611	27		2434
    92	    18	40		3611
    92	   407	73		6571
    92	   616	49		4391
    92	   504	61		5448
   638	    91	47		4224
   638	    49	59		5304
   638	    92	36		3258
   638	   638	0		0
   638	   444	89		8043
   638	   106	51		4620
   638	   543	48		4289
   638	   186	33		2948
   638	   257	75		6782
   638	   858	35		3139
   638	   245	31		2789
   638	   927	73		6581
   638	   505	33		2949
   638	   753	22		1944
   638	   434	32		2844
   638	   235	56		4997
   638	   224	81		7313
   638	   755	85		7640
   638	   149	99		8945
   638	   611	18		1645
   638	    18	15		1384
   638	   407	38		3462
   638	   616	28		2552
   638	   504	32		2887
   444	    91	49		4377
   444	    49	33		2975
   444	    92	54		4822
   444	   638	89		8043
   444	   444	0		0
   444	   106	61		5462
   444	   543	47		4263
   444	   186	61		5526
   444	   257	24		2194
   444	   858	56		5008
   444	   245	59		5343
   444	   927	24		2127
   444	   710	46		4179
   444	   505	81		7265
   444	   753	68		6107
   444	   235	37		3303
   444	   224	33		2936
   444	    78	77		6954
   444	   755	15		1386
   444	   149	23		2066
   444	   611	76		6855
   444	    18	90		8075
   444	   616	94		8465
   444	   504	108		9737
   106	    91	51		4568
   106	    49	48		4323
   106	    92	38		3418
   106	   638	51		4620
   106	   444	61		5462
   106	   106	0		0
   106	   543	18		1660
   106	   186	22		1945
   106	   257	62		5590
   106	   858	27		2428
   106	   245	29		2569
   106	   927	37		3363
   106	   710	107		9636
   106	   505	25		2243
   106	   753	36		3256
   106	   434	77		6940
   106	   235	47		4263
   106	   224	37		3336
   106	   755	66		5906
   106	   149	80		7221
   106	   611	33		2975
   106	    18	42		3782
   106	   407	73		6581
   106	   616	39		3554
   106	   504	54		4871
   543	    91	33		2979
   543	    49	30		2672
   543	    92	22		2005
   543	   638	48		4289
   543	   444	47		4263
   543	   106	18		1660
   543	   543	0		0
   543	   186	15		1385
   543	   257	45		4005
   543	   858	14		1264
   543	   245	18		1576
   543	   927	27		2399
   543	   710	93		8410
   543	   505	33		3005
   543	   753	27		2463
   543	   434	78		6990
   543	   235	29		2604
   543	   224	34		3027
   543	   755	49		4443
   543	   149	64		5799
   543	   611	31		2796
   543	    18	44		3949
   543	   407	78		7012
   543	   616	47		4209
   543	   504	61		5500
   186	    91	34		3066
   186	    49	38		3376
   186	    92	19		1745
   186	   638	33		2948
   186	   444	61		5526
   186	   106	22		1945
   186	   543	15		1385
   186	   186	0		0
   186	   257	54		4875
   186	   858	8		754
   186	   245	8		697
   186	   927	42		3772
   186	   710	107		9603
   186	   505	22		1962
   186	   753	15		1319
   186	   434	62		5607
   186	   235	35		3182
   186	   224	49		4377
   186	   755	61		5496
   186	   149	76		6865
   186	   611	16		1411
   186	    18	29		2579
   186	   407	63		5656
   186	   616	33		2984
   186	   504	47		4218
   257	    91	29		2645
   257	    49	17		1529
   257	    92	40		3573
   257	   638	75		6782
   257	   444	24		2194
   257	   106	62		5590
   257	   543	45		4005
   257	   186	54		4875
   257	   257	0		0
   257	   858	46		4177
   257	   245	49		4439
   257	   927	34		3031
   257	   710	57		5101
   257	   505	76		6821
   257	   753	55		4981
   257	   434	107		9594
   257	   235	20		1801
   257	   224	48		4307
   257	    78	87		7825
   257	   755	11		1011
   257	   149	24		2171
   257	   611	66		5953
   257	    18	80		7162
   257	   407	113		10144
   257	   616	87		7826
   257	   504	100		8973
   858	    91	26		2322
   858	    49	30		2659
   858	    92	11		1029
   858	   638	35		3139
   858	   444	56		5008
   858	   106	27		2428
   858	   543	14		1264
   858	   186	8		754
   858	   257	46		4177
   858	   858	0		0
   858	   245	4		350
   858	   927	38		3443
   858	   710	100		9008
   858	   505	30		2705
   858	   753	14		1230
   858	   434	66		5930
   858	   235	27		2447
   858	   224	47		4252
   858	   755	54		4851
   858	   149	69		6216
   858	   611	21		1854
   858	    18	34		3081
   858	   407	68		6152
   858	   616	41		3650
   858	   504	54		4827
   245	    91	27		2418
   245	    49	32		2912
   245	    92	12		1080
   245	   638	31		2789
   245	   444	59		5343
   245	   106	29		2569
   245	   543	18		1576
   245	   186	8		697
   245	   257	49		4439
   245	   858	4		350
   245	   245	0		0
   245	   927	42		3792
   245	   710	104		9319
   245	   505	28		2540
   245	   753	10		892
   245	   434	62		5582
   245	   235	30		2677
   245	   224	51		4586
   245	   755	57		5147
   245	   149	72		6507
   245	   611	17		1538
   245	    18	31		2766
   245	   407	65		5826
   245	   616	38		3397
   245	   504	50		4539
   927	    91	43		3835
   927	    49	29		2628
   927	    92	41		3657
   927	   638	73		6581
   927	   444	24		2127
   927	   106	37		3363
   927	   543	27		2399
   927	   186	42		3772
   927	   257	34		3031
   927	   858	38		3443
   927	   245	42		3792
   927	   927	0		0
   927	   710	70		6281
   927	   505	59		5305
   927	   753	52		4660
   927	   434	104		9350
   927	   235	32		2844
   927	   224	15		1328
   927	    78	100		9030
   927	   755	32		2894
   927	   149	45		4053
   927	   611	58		5176
   927	    18	71		6347
   927	   407	105		9410
   927	   616	73		6565
   927	   504	87		7873
   710	    91	86		7744
   710	    49	73		6544
   710	    92	96		8597
   710	   444	46		4179
   710	   106	107		9636
   710	   543	93		8410
   710	   186	107		9603
   710	   257	57		5101
   710	   858	100		9008
   710	   245	104		9319
   710	   927	70		6281
   710	   710	0		0
   710	   753	111		9982
   710	   235	76		6853
   710	   224	75		6792
   710	    78	31		2795
   710	   755	47		4209
   710	   149	33		2936
   505	    91	55		4953
   505	    49	59		5334
   505	    92	40		3615
   505	   638	33		2949
   505	   444	81		7265
   505	   106	25		2243
   505	   543	33		3005
   505	   186	22		1962
   505	   257	76		6821
   505	   858	30		2705
   505	   245	28		2540
   505	   927	59		5305
   505	   505	0		0
   505	   753	29		2578
   505	   434	53		4805
   505	   235	57		5144
   505	   224	61		5529
   505	   755	82		7390
   505	   149	97		8758
   505	   611	18		1608
   505	    18	19		1746
   505	   407	48		4339
   505	   616	15		1314
   505	   504	29		2637
   753	    91	29		2617
   753	    49	38		3463
   753	    92	16		1409
   753	   638	22		1944
   753	   444	68		6107
   753	   106	36		3256
   753	   543	27		2463
   753	   186	15		1319
   753	   257	55		4981
   753	   858	14		1230
   753	   245	10		892
   753	   927	52		4660
   753	   710	111		9982
   753	   505	29		2578
   753	   753	0		0
   753	   434	53		4776
   753	   235	35		3180
   753	   224	61		5477
   753	   755	64		5778
   753	   149	79		7113
   753	   611	12		1110
   753	    18	25		2216
   753	   407	57		5166
   753	   616	34		3094
   753	   504	45		4067
   434	    91	78		6989
   434	    49	90		8136
   434	    92	68		6100
   434	   638	32		2844
   434	   106	77		6940
   434	   543	78		6990
   434	   186	62		5607
   434	   257	107		9594
   434	   858	66		5930
   434	   245	62		5582
   434	   927	104		9350
   434	   505	53		4805
   434	   753	53		4776
   434	   434	0		0
   434	   235	87		7824
   434	   224	111		9963
   434	   755	116		10472
   434	   611	47		4197
   434	    18	35		3161
   434	   407	18		1604
   434	   616	41		3676
   434	   504	31		2795
   235	    91	12		1089
   235	    49	4		330
   235	    92	20		1772
   235	   638	56		4997
   235	   444	37		3303
   235	   106	47		4263
   235	   543	29		2604
   235	   186	35		3182
   235	   257	20		1801
   235	   858	27		2447
   235	   245	30		2677
   235	   927	32		2844
   235	   710	76		6853
   235	   505	57		5144
   235	   753	35		3180
   235	   434	87		7824
   235	   235	0		0
   235	   224	46		4137
   235	    78	107		9605
   235	   755	29		2650
   235	   149	44		3949
   235	   611	46		4167
   235	    18	60		5368
   235	   407	93		8343
   235	   616	67		6074
   235	   504	80		7190
   224	    91	56		5077
   224	    49	44		3940
   224	    92	52		4698
   224	   638	81		7313
   224	   444	33		2936
   224	   106	37		3336
   224	   543	34		3027
   224	   186	49		4377
   224	   257	48		4307
   224	   858	47		4252
   224	   245	51		4586
   224	   927	15		1328
   224	   710	75		6792
   224	   505	61		5529
   224	   753	61		5477
   224	   434	111		9963
   224	   235	46		4137
   224	   224	0		0
   224	    78	105		9424
   224	   755	45		4017
   224	   149	56		4996
   224	   611	64		5773
   224	    18	76		6845
   224	   407	109		9819
   224	   616	76		6840
   224	   504	91		8166
    78	    91	116		10449
    78	    49	103		9303
    78	   444	77		6954
    78	   257	87		7825
    78	   927	100		9030
    78	   710	31		2795
    78	   235	107		9605
    78	   224	105		9424
    78	    78	0		0
    78	   755	78		6978
    78	   149	63		5657
   755	    91	40		3598
   755	    49	26		2336
   755	    92	49		4389
   755	   638	85		7640
   755	   444	15		1386
   755	   106	66		5906
   755	   543	49		4443
   755	   186	61		5496
   755	   257	11		1011
   755	   858	54		4851
   755	   245	57		5147
   755	   927	32		2894
   755	   710	47		4209
   755	   505	82		7390
   755	   753	64		5778
   755	   434	116		10472
   755	   235	29		2650
   755	   224	45		4017
   755	    78	78		6978
   755	   755	0		0
   755	   149	15		1370
   755	   611	74		6683
   755	    18	88		7908
   755	   616	94		8478
   755	   504	108		9678
   149	    91	53		4810
   149	    49	41		3652
   149	    92	63		5713
   149	   638	99		8945
   149	   444	23		2066
   149	   106	80		7221
   149	   543	64		5799
   149	   186	76		6865
   149	   257	24		2171
   149	   858	69		6216
   149	   245	72		6507
   149	   927	45		4053
   149	   710	33		2936
   149	   505	97		8758
   149	   753	79		7113
   149	   235	44		3949
   149	   224	56		4996
   149	    78	63		5657
   149	   755	15		1370
   149	   149	0		0
   149	   611	89		8041
   149	    18	103		9263
   149	   616	109		9848
   611	    91	41		3708
   611	    49	49		4424
   611	    92	27		2434
   611	   638	18		1645
   611	   444	76		6855
   611	   106	33		2975
   611	   543	31		2796
   611	   186	16		1411
   611	   257	66		5953
   611	   858	21		1854
   611	   245	17		1538
   611	   927	58		5176
   611	   505	18		1608
   611	   753	12		1110
   611	   434	47		4197
   611	   235	46		4167
   611	   224	64		5773
   611	   755	74		6683
   611	   149	89		8041
   611	   611	0		0
   611	    18	14		1228
   611	   407	48		4300
   611	   616	22		1986
   611	   504	34		3023
    18	    91	54		4826
    18	    49	63		5634
    18	    92	40		3611
    18	   638	15		1384
    18	   444	90		8075
    18	   106	42		3782
    18	   543	44		3949
    18	   186	29		2579
    18	   257	80		7162
    18	   858	34		3081
    18	   245	31		2766
    18	   927	71		6347
    18	   505	19		1746
    18	   753	25		2216
    18	   434	35		3161
    18	   235	60		5368
    18	   224	76		6845
    18	   755	88		7908
    18	   149	103		9263
    18	   611	14		1228
    18	    18	0		0
    18	   407	34		3081
    18	   616	13		1176
    18	   504	21		1855
   407	    91	85		7658
   407	    49	96		8629
   407	    92	73		6571
   407	   638	38		3462
   407	   106	73		6581
   407	   543	78		7012
   407	   186	63		5656
   407	   257	113		10144
   407	   858	68		6152
   407	   245	65		5826
   407	   927	105		9410
   407	   505	48		4339
   407	   753	57		5166
   407	   434	18		1604
   407	   235	93		8343
   407	   224	109		9819
   407	   611	48		4300
   407	    18	34		3081
   407	   407	0		0
   407	   616	34		3040
   407	   504	20		1789
   616	    91	63		5688
   616	    49	70		6304
   616	    92	49		4391
   616	   638	28		2552
   616	   444	94		8465
   616	   106	39		3554
   616	   543	47		4209
   616	   186	33		2984
   616	   257	87		7826
   616	   858	41		3650
   616	   245	38		3397
   616	   927	73		6565
   616	   505	15		1314
   616	   753	34		3094
   616	   434	41		3676
   616	   235	67		6074
   616	   224	76		6840
   616	   755	94		8478
   616	   149	109		9848
   616	   611	22		1986
   616	    18	13		1176
   616	   407	34		3040
   616	   616	0		0
   616	   504	15		1326
   504	    91	74		6680
   504	    49	83		7444
   504	    92	61		5448
   504	   638	32		2887
   504	   444	108		9737
   504	   106	54		4871
   504	   543	61		5500
   504	   186	47		4218
   504	   257	100		8973
   504	   858	54		4827
   504	   245	50		4539
   504	   927	87		7873
   504	   505	29		2637
   504	   753	45		4067
   504	   434	31		2795
   504	   235	80		7190
   504	   224	91		8166
   504	   755	108		9678
   504	   611	34		3023
   504	    18	21		1855
   504	   407	20		1789
   504	   616	15		1326
   504	   504	0		0
;

end;

