NIVEL	CODIGO	DESTINO	POP ATENDIDA	Physicians	Nurses	OtherCadres	CommunityBased	Beds	CTScanner	MRIUnit	Mammography	Radiotherapy
2	91	Helsinki	703540.00	1174.91	844.25	1765.89	0.00	1878.45	4.64	3.52	2.18	0.21
2	49	Espoo	390009.00	651.32	468.01	978.92	0.00	1041.32	2.57	1.95	1.21	0.12
2	837	Tampere	268502.00	448.40	322.20	673.94	0.00	716.90	1.77	1.34	0.83	0.08
2	92	Vantaa	268791.00	448.88	322.55	674.67	0.00	717.67	1.77	1.34	0.83	0.08
2	564	Oulu	255608.00	426.87	306.73	641.58	0.00	682.47	1.69	1.28	0.79	0.08
2	853	Turku	206909.00	345.54	248.29	519.34	0.00	552.45	1.37	1.03	0.64	0.06
2	179	Jyväskylä	154085.00	257.32	184.90	386.75	0.00	411.41	1.02	0.77	0.48	0.05
2	297	Kuopio	125383.00	209.39	150.46	314.71	0.00	334.77	0.83	0.63	0.39	0.04
2	398	Lahti	135921.00	226.99	163.11	341.16	0.00	362.91	0.90	0.68	0.42	0.04
2	286	Kouvola	73577.00	122.87	88.29	184.68	0.00	196.45	0.49	0.37	0.23	0.02
2	609	Pori	81775.00	136.56	98.13	205.26	0.00	218.34	0.54	0.41	0.25	0.02
2	167	Joensuu	80365.00	134.21	96.44	201.72	0.00	214.57	0.53	0.40	0.25	0.02
2	405	Lappeenranta	72013.00	120.26	86.42	180.75	0.00	192.27	0.48	0.36	0.22	0.02
2	109	Hämeenlinna	68096.00	113.72	81.72	170.92	0.00	181.82	0.45	0.34	0.21	0.02
2	905	Vaasa	73027.00	121.96	87.63	183.30	0.00	194.98	0.48	0.37	0.23	0.02
2	698	Rovaniemi	66467.00	111.00	79.76	166.83	0.00	177.47	0.44	0.33	0.21	0.02
2	743	Seinäjoki	68050.00	113.64	81.66	170.81	0.00	181.69	0.45	0.34	0.21	0.02
2	491	Mikkeli	55752.00	93.11	66.90	139.94	0.00	148.86	0.37	0.28	0.17	0.02
2	285	Kotka	51701.00	86.34	62.04	129.77	0.00	138.04	0.34	0.26	0.16	0.02
2	734	Salo	60929.00	101.75	73.11	152.93	0.00	162.68	0.40	0.30	0.19	0.02
2	638	Porvoo	52037.00	86.90	62.44	130.61	0.00	138.94	0.34	0.26	0.16	0.02
2	272	Kokkola	52685.00	87.98	63.22	132.24	0.00	140.67	0.35	0.26	0.16	0.02
2	444	Lohja	81507.00	136.12	97.81	204.58	0.00	217.62	0.54	0.41	0.25	0.02
2	106	Hyvinkää	52007.00	86.85	62.41	130.54	0.00	138.86	0.34	0.26	0.16	0.02
2	186	Järvenpää	50377.00	84.13	60.45	126.45	0.00	134.51	0.33	0.25	0.16	0.02
2	684	Rauma	37478.00	62.59	44.97	94.07	0.00	100.07	0.25	0.19	0.12	0.01
2	257	Kirkkonummi	68303.00	114.07	81.96	171.44	0.00	182.37	0.45	0.34	0.21	0.02
2	858	Tuusula	39854.00	66.56	47.82	100.03	0.00	106.41	0.26	0.20	0.12	0.01
2	205	Kajaani	35851.00	59.87	43.02	89.99	0.00	95.72	0.24	0.18	0.11	0.01
2	740	Savonlinna	34341.00	57.35	41.21	86.20	0.00	91.69	0.23	0.17	0.11	0.01
2	245	Kerava	40261.00	67.24	48.31	101.06	0.00	107.50	0.27	0.20	0.12	0.01
2	536	Nokia	36680.00	61.26	44.02	92.07	0.00	97.94	0.24	0.18	0.11	0.01
2	980	Ylöjärvi	34423.00	57.49	41.31	86.40	0.00	91.91	0.23	0.17	0.11	0.01
2	202	Kaarina	38669.00	64.58	46.40	97.06	0.00	103.25	0.26	0.19	0.12	0.01
2	211	Kangasala	34456.00	57.54	41.35	86.48	0.00	92.00	0.23	0.17	0.11	0.01
2	694	Riihimäki	27742.00	46.33	33.29	69.63	0.00	74.07	0.18	0.14	0.09	0.01
2	153	Imatra	29357.00	49.03	35.23	73.69	0.00	78.38	0.19	0.15	0.09	0.01
2	790	Sastamala	21791.00	36.39	26.15	54.70	0.00	58.18	0.14	0.11	0.07	0.01
2	678	Raahe	22491.00	37.56	26.99	56.45	0.00	60.05	0.15	0.11	0.07	0.01
2	680	Raisio	24809.00	41.43	29.77	62.27	0.00	66.24	0.16	0.12	0.08	0.01
2	98	Hollola	21939.00	36.64	26.33	55.07	0.00	58.58	0.14	0.11	0.07	0.01
2	140	Iisalmi	32581.00	54.41	39.10	81.78	0.00	86.99	0.22	0.16	0.10	0.01
2	851	Tornio	20066.00	33.51	24.08	50.37	0.00	53.58	0.13	0.10	0.06	0.01
2	749	Siilinjärvi	20136.00	33.63	24.16	50.54	0.00	53.76	0.13	0.10	0.06	0.01
2	240	Kemi	17979.00	30.02	21.57	45.13	0.00	48.00	0.12	0.09	0.06	0.01
2	301	Kurikka	18203.00	30.40	21.84	45.69	0.00	48.60	0.12	0.09	0.06	0.01
2	182	Jämsä	17156.00	28.65	20.59	43.06	0.00	45.81	0.11	0.09	0.05	0.01
2	915	Varkaus	17961.00	29.99	21.55	45.08	0.00	47.96	0.12	0.09	0.06	0.01
2	908	Valkeakoski	19536.00	32.63	23.44	49.04	0.00	52.16	0.13	0.10	0.06	0.01
2	505	Mäntsälä	22840.00	38.14	27.41	57.33	0.00	60.98	0.15	0.11	0.07	0.01
2	75	Hamina	18025.00	30.10	21.63	45.24	0.00	48.13	0.12	0.09	0.06	0.01
2	111	Heinola	16672.00	27.84	20.01	41.85	0.00	44.51	0.11	0.08	0.05	0.01
2	499	Korsholm	19413.00	32.42	23.30	48.73	0.00	51.83	0.13	0.10	0.06	0.01
2	423	Lieto	21480.00	35.87	25.78	53.91	0.00	57.35	0.14	0.11	0.07	0.01
2	529	Naantali	20140.00	33.63	24.17	50.55	0.00	53.77	0.13	0.10	0.06	0.01
2	604	Pirkkala	21288.00	35.55	25.55	53.43	0.00	56.84	0.14	0.11	0.07	0.01
2	410	Laukaa	18487.00	30.87	22.18	46.40	0.00	49.36	0.12	0.09	0.06	0.01
2	593	Pieksämäki	18891.00	31.55	22.67	47.42	0.00	50.44	0.12	0.09	0.06	0.01
2	61	Forssa	19694.00	32.89	23.63	49.43	0.00	52.58	0.13	0.10	0.06	0.01
2	20	Akaa	40846.00	68.21	49.02	102.52	0.00	109.06	0.27	0.20	0.13	0.01
2	233	Kauhava	15633.00	26.11	18.76	39.24	0.00	41.74	0.10	0.08	0.05	0.00
2	430	Loimaa	15837.00	26.45	19.00	39.75	0.00	42.28	0.10	0.08	0.05	0.00
2	305	Kuusamo	14178.00	23.68	17.01	35.59	0.00	37.86	0.09	0.07	0.04	0.00
2	895	Uusikaupunki	16323.00	27.26	19.59	40.97	0.00	43.58	0.11	0.08	0.05	0.00
2	445	Pargas	14443.00	24.12	17.33	36.25	0.00	38.56	0.10	0.07	0.04	0.00
2	977	Ylivieska	17740.00	29.63	21.29	44.53	0.00	47.37	0.12	0.09	0.05	0.01
2	276	Kontiolahti	14809.00	24.73	17.77	37.17	0.00	39.54	0.10	0.07	0.05	0.00
2	408	Lapua	13327.00	22.26	15.99	33.45	0.00	35.58	0.09	0.07	0.04	0.00
2	232	Kauhajoki	11592.00	19.36	13.91	29.10	0.00	30.95	0.08	0.06	0.04	0.00
2	886	Ulvila	11551.00	19.29	13.86	28.99	0.00	30.84	0.08	0.06	0.04	0.00
2	208	Kalajoki	11844.00	19.78	14.21	29.73	0.00	31.62	0.08	0.06	0.04	0.00
2	145	Ilmajoki	12473.00	20.83	14.97	31.31	0.00	33.30	0.08	0.06	0.04	0.00
2	426	Liperi	11314.00	18.89	13.58	28.40	0.00	30.21	0.07	0.06	0.04	0.00
2	50	Eura	10353.00	17.29	12.42	25.99	0.00	27.64	0.07	0.05	0.03	0.00
2	10	Alavus	12553.00	20.96	15.06	31.51	0.00	33.52	0.08	0.06	0.04	0.00
2	422	Lieksa	17217.00	28.75	20.66	43.21	0.00	45.97	0.11	0.09	0.05	0.01
2	478	Mariehamn	17428.00	29.10	20.91	43.74	0.00	46.53	0.12	0.09	0.05	0.01
2	535	Nivala	9405.00	15.71	11.29	23.61	0.00	25.11	0.06	0.05	0.03	0.00
2	260	Kitee	8431.00	14.08	10.12	21.16	0.00	22.51	0.06	0.04	0.03	0.00
2	108	Hämeenkyrö	9755.00	16.29	11.71	24.49	0.00	26.05	0.06	0.05	0.03	0.00
2	765	Sotkamo	9798.00	16.36	11.76	24.59	0.00	26.16	0.06	0.05	0.03	0.00
2	102	Huittinen	9044.00	15.10	10.85	22.70	0.00	24.15	0.06	0.05	0.03	0.00
2	249	Keuruu	15036.00	25.11	18.04	37.74	0.00	40.15	0.10	0.08	0.05	0.00
2	402	Lapinlahti	8388.00	14.01	10.07	21.05	0.00	22.40	0.06	0.04	0.03	0.00
2	139	Ii	9430.00	15.75	11.32	23.67	0.00	25.18	0.06	0.05	0.03	0.00
2	420	Leppävirta	10498.00	17.53	12.60	26.35	0.00	28.03	0.07	0.05	0.03	0.00
2	425	Liminka	19906.00	33.24	23.89	49.96	0.00	53.15	0.13	0.10	0.06	0.01
2	729	Saarijärvi	9050.00	15.11	10.86	22.72	0.00	24.16	0.06	0.05	0.03	0.00
2	500	Muurame	11618.00	19.40	13.94	29.16	0.00	31.02	0.08	0.06	0.04	0.00
2	481	Masku	9397.00	15.69	11.28	23.59	0.00	25.09	0.06	0.05	0.03	0.00
2	562	Orivesi	8305.00	13.87	9.97	20.85	0.00	22.17	0.05	0.04	0.03	0.00
2	545	Närpes	9645.00	16.11	11.57	24.21	0.00	25.75	0.06	0.05	0.03	0.00
2	761	Somero	9981.00	16.67	11.98	25.05	0.00	26.65	0.07	0.05	0.03	0.00
2	290	Kuhmo	6738.00	11.25	8.09	16.91	0.00	17.99	0.04	0.03	0.02	0.00
2	758	Sodankylä	7409.00	12.37	8.89	18.60	0.00	19.78	0.05	0.04	0.02	0.00
2	400	Laitila	8198.00	13.69	9.84	20.58	0.00	21.89	0.05	0.04	0.03	0.00
2	241	Keminmaa	7294.00	12.18	8.75	18.31	0.00	19.47	0.05	0.04	0.02	0.00
2	777	Suomussalmi	8223.00	13.73	9.87	20.64	0.00	21.96	0.05	0.04	0.03	0.00
2	615	Pudasjärvi	10300.00	17.20	12.36	25.85	0.00	27.50	0.07	0.05	0.03	0.00
2	433	Loppi	7393.00	12.35	8.87	18.56	0.00	19.74	0.05	0.04	0.02	0.00
2	399	Laihia	38007.00	63.47	45.61	95.40	0.00	101.48	0.25	0.19	0.12	0.01
2	320	Kemijärvi	7137.00	11.92	8.56	17.91	0.00	19.06	0.05	0.04	0.02	0.00
2	563	Oulainen	18257.00	30.49	21.91	45.83	0.00	48.75	0.12	0.09	0.06	0.01
2	271	Kokemäki	6212.00	10.37	7.45	15.59	0.00	16.59	0.04	0.03	0.02	0.00
2	69	Haapajärvi	5926.00	9.90	7.11	14.87	0.00	15.82	0.04	0.03	0.02	0.00
2	778	Suonenjoki	6158.00	10.28	7.39	15.46	0.00	16.44	0.04	0.03	0.02	0.00
2	79	Harjavalta	6182.00	10.32	7.42	15.52	0.00	16.51	0.04	0.03	0.02	0.00
2	143	Ikaalinen	12047.00	20.12	14.46	30.24	0.00	32.17	0.08	0.06	0.04	0.00
2	71	Haapavesi	7446.00	12.43	8.94	18.69	0.00	19.88	0.05	0.04	0.02	0.00
2	309	Outokumpu	5606.00	9.36	6.73	14.07	0.00	14.97	0.04	0.03	0.02	0.00
2	508	Mänttä-Vilppula	8202.00	13.70	9.84	20.59	0.00	21.90	0.05	0.04	0.03	0.00
2	783	Säkylä	5927.00	9.90	7.11	14.88	0.00	15.83	0.04	0.03	0.02	0.00
2	148	Inari	8120.00	13.56	9.74	20.38	0.00	21.68	0.05	0.04	0.03	0.00
2	287	Kristinestad	9029.00	15.08	10.83	22.66	0.00	24.11	0.06	0.05	0.03	0.00
2	635	Pälkäne	7498.00	12.52	9.00	18.82	0.00	20.02	0.05	0.04	0.02	0.00
2	178	Juva	9673.00	16.15	11.61	24.28	0.00	25.83	0.06	0.05	0.03	0.00
2	261	Kittilä	14223.00	23.75	17.07	35.70	0.00	37.98	0.09	0.07	0.04	0.00
2	834	Tammela	5524.00	9.23	6.63	13.87	0.00	14.75	0.04	0.03	0.02	0.00
2	755	Siuntio	32285.00	53.92	38.74	81.04	0.00	86.20	0.21	0.16	0.10	0.01
2	704	Rusko	14140.00	23.61	16.97	35.49	0.00	37.75	0.09	0.07	0.04	0.00
2	989	Ähtäri	17005.00	28.40	20.41	42.68	0.00	45.40	0.11	0.09	0.05	0.01
2	51	Eurajoki	9513.00	15.89	11.42	23.88	0.00	25.40	0.06	0.05	0.03	0.00
2	531	Nakkila	5783.00	9.66	6.94	14.52	0.00	15.44	0.04	0.03	0.02	0.00
2	213	Kangasniemi	6203.00	10.36	7.44	15.57	0.00	16.56	0.04	0.03	0.02	0.00
2	149	Ingå	11888.00	19.85	14.27	29.84	0.00	31.74	0.08	0.06	0.04	0.00
2	846	Teuva	6874.00	11.48	8.25	17.25	0.00	18.35	0.05	0.03	0.02	0.00
2	169	Jokioinen	4526.00	7.56	5.43	11.36	0.00	12.08	0.03	0.02	0.01	0.00
2	700	Ruokolahti	4277.00	7.14	5.13	10.74	0.00	11.42	0.03	0.02	0.01	0.00
2	77	Hankasalmi	4100.00	6.85	4.92	10.29	0.00	10.95	0.03	0.02	0.01	0.00
2	611	Pornainen	23117.00	38.61	27.74	58.02	0.00	61.72	0.15	0.12	0.07	0.01
2	746	Sievi	4178.00	6.98	5.01	10.49	0.00	11.16	0.03	0.02	0.01	0.00
2	176	Juuka	3743.00	6.25	4.49	9.39	0.00	9.99	0.02	0.02	0.01	0.00
2	538	Nousiainen	6225.00	10.40	7.47	15.62	0.00	16.62	0.04	0.03	0.02	0.00
2	887	Urjala	4195.00	7.01	5.03	10.53	0.00	11.20	0.03	0.02	0.01	0.00
2	831	Taipalsaari	4316.00	7.21	5.18	10.83	0.00	11.52	0.03	0.02	0.01	0.00
2	152	Isokyrö	28580.00	47.73	34.30	71.74	0.00	76.31	0.19	0.14	0.09	0.01
2	595	Pielavesi	11112.00	18.56	13.33	27.89	0.00	29.67	0.07	0.06	0.03	0.00
2	848	Tohmajärvi	3676.00	6.14	4.41	9.23	0.00	9.81	0.02	0.02	0.01	0.00
2	748	Siikajoki	4223.00	7.05	5.07	10.60	0.00	11.28	0.03	0.02	0.01	0.00
2	172	Joutsa	3720.00	6.21	4.46	9.34	0.00	9.93	0.02	0.02	0.01	0.00
2	170	Jomala	11069.00	18.49	13.28	27.78	0.00	29.55	0.07	0.06	0.03	0.00
2	702	Ruovesi	10778.00	18.00	12.93	27.05	0.00	28.78	0.07	0.05	0.03	0.00
2	607	Polvijärvi	7536.00	12.59	9.04	18.92	0.00	20.12	0.05	0.04	0.02	0.00
2	922	Vesilahti	4262.00	7.12	5.11	10.70	0.00	11.38	0.03	0.02	0.01	0.00
2	226	Karstula	22348.00	37.32	26.82	56.09	0.00	59.67	0.15	0.11	0.07	0.01
2	19	Aura	3995.00	6.67	4.79	10.03	0.00	10.67	0.03	0.02	0.01	0.00
2	732	Salla	6459.00	10.79	7.75	16.21	0.00	17.25	0.04	0.03	0.02	0.00
2	300	Kuortane	3204.00	5.35	3.84	8.04	0.00	8.55	0.02	0.02	0.01	0.00
2	892	Uurainen	15586.00	26.03	18.70	39.12	0.00	41.61	0.10	0.08	0.05	0.00
2	739	Savitaipale	6875.00	11.48	8.25	17.26	0.00	18.36	0.05	0.03	0.02	0.00
2	578	Paltamo	7141.00	11.93	8.57	17.92	0.00	19.07	0.05	0.04	0.02	0.00
2	751	Simo	5661.00	9.45	6.79	14.21	0.00	15.11	0.04	0.03	0.02	0.00
2	625	Pyhäjoki	2717.00	4.54	3.26	6.82	0.00	7.25	0.02	0.01	0.01	0.00
2	845	Tervola	8576.00	14.32	10.29	21.53	0.00	22.90	0.06	0.04	0.03	0.00
2	204	Kaavi	3634.00	6.07	4.36	9.12	0.00	9.70	0.02	0.02	0.01	0.00
2	484	Merikarvia	17756.00	29.65	21.31	44.57	0.00	47.41	0.12	0.09	0.06	0.01
2	576	Padasjoki	2480.00	4.14	2.98	6.22	0.00	6.62	0.02	0.01	0.01	0.00
2	416	Lemi	2753.00	4.60	3.30	6.91	0.00	7.35	0.02	0.01	0.01	0.00
2	619	Punkalaidun	2336.00	3.90	2.80	5.86	0.00	6.24	0.02	0.01	0.01	0.00
2	738	Sauvo	2861.00	4.78	3.43	7.18	0.00	7.64	0.02	0.01	0.01	0.00
2	691	Reisjärvi	2401.00	4.01	2.88	6.03	0.00	6.41	0.02	0.01	0.01	0.00
2	142	Iitti	22915.00	38.27	27.50	57.52	0.00	61.18	0.15	0.11	0.07	0.01
2	636	Pöytyä	13850.00	23.13	16.62	34.76	0.00	36.98	0.09	0.07	0.04	0.00
2	165	Janakkala	15181.00	25.35	18.22	38.10	0.00	40.53	0.10	0.08	0.05	0.00
2	82	Hattula	8836.00	14.76	10.60	22.18	0.00	23.59	0.06	0.04	0.03	0.00
2	86	Hausjärvi	7405.00	12.37	8.89	18.59	0.00	19.77	0.05	0.04	0.02	0.00
2	60	Finström	3700.00	6.18	4.44	9.29	0.00	9.88	0.02	0.02	0.01	0.00
2	624	Pyhtää	4730.00	7.90	5.68	11.87	0.00	12.63	0.03	0.02	0.01	0.00
2	236	Kaustinen	12663.00	21.15	15.20	31.78	0.00	33.81	0.08	0.06	0.04	0.00
2	918	Vehmaa	3451.00	5.76	4.14	8.66	0.00	9.21	0.02	0.02	0.01	0.00
