NIVEL	CODIGO	DESTINO	POP ATENDIDA	Physicians	Nurses	OtherCadres	CommunityBased	MRIUnit	Mammography	Radiotherapy
1,250020,Aguiar,12681.00,5.20,32.08,15.85,61.88,0.00,0.00,0.00,0.00,0.00
1,250030,Alagoa_Grande,50041.00,20.52,126.60,62.55,244.20,0.00,0.00,0.00,0.00,0.00
1,250057,Algodao_De_Jandaira,2683.00,1.10,6.79,3.35,13.09,0.00,0.00,0.00,0.00,0.00
1,250070,Sao_Joao_Do_Rio_Do_Peixe,25721.00,10.55,65.07,32.15,125.52,0.00,0.00,0.00,0.00,0.00
1,250090,Arara,43368.00,17.78,109.72,54.21,211.64,0.00,0.00,0.00,0.00,0.00
1,250100,Araruna,43093.00,17.67,109.03,53.87,210.29,0.00,0.00,0.00,0.00,0.00
1,250110,Areia,46989.00,19.27,118.88,58.74,229.31,0.00,0.00,0.00,0.00,0.00
1,250130,Aroeiras,29809.00,12.22,75.42,37.26,145.47,0.00,0.00,0.00,0.00,0.00
1,250140,Baia_Da_Traicao,9635.00,3.95,24.38,12.04,47.02,0.00,0.00,0.00,0.00,0.00
1,250160,Barra_De_Santa_Rosa,16467.00,6.75,41.66,20.58,80.36,0.00,0.00,0.00,0.00,0.00
1,250180,Bayeux,104134.00,42.69,263.46,130.17,508.17,0.00,0.00,0.00,0.00,0.00
1,250190,Belem,50052.00,20.52,126.63,62.56,244.25,0.00,0.00,0.00,0.00,0.00
1,250200,Belem_Do_Brejo_Do_Cruz,7911.00,3.24,20.01,9.89,38.61,0.00,0.00,0.00,0.00,0.00
1,250240,Bonito_De_Santa_Fe,17889.00,7.33,45.26,22.36,87.30,0.00,0.00,0.00,0.00,0.00
1,250250,Boqueirao,19145.00,7.85,48.44,23.93,93.43,0.00,0.00,0.00,0.00,0.00
1,250280,Brejo_Do_Cruz,15092.00,6.19,38.18,18.86,73.65,0.00,0.00,0.00,0.00,0.00
1,250300,Caapora,64705.00,26.53,163.70,80.88,315.76,0.00,0.00,0.00,0.00,0.00
1,250310,Cabaceiras,8719.00,3.57,22.06,10.90,42.55,0.00,0.00,0.00,0.00,0.00
1,250320,Cabedelo,71918.00,29.49,181.95,89.90,350.96,0.00,0.00,0.00,0.00,0.00
1,250340,Cacimba_De_Areia,6613.00,2.71,16.73,8.27,32.27,0.00,0.00,0.00,0.00,0.00
1,250350,Cacimba_De_Dentro,47188.00,19.35,119.39,58.98,230.28,0.00,0.00,0.00,0.00,0.00
1,250370,Cajazeiras,87438.00,35.85,221.22,109.30,426.70,0.00,0.00,0.00,0.00,0.00
1,250400,Campina_Grande,444331.00,182.18,1124.16,555.41,2168.34,0.00,0.00,0.00,0.00,0.00
1,250430,Catole_Do_Rocha,54311.00,22.27,137.41,67.89,265.04,0.00,0.00,0.00,0.00,0.00
1,250440,Conceicao,30693.00,12.58,77.65,38.37,149.78,0.00,0.00,0.00,0.00,0.00
1,250470,Congo,16091.00,6.60,40.71,20.11,78.52,0.00,0.00,0.00,0.00,0.00
1,250480,Coremas,16634.00,6.82,42.08,20.79,81.17,0.00,0.00,0.00,0.00,0.00
1,250500,Cubati,8373.00,3.43,21.18,10.47,40.86,0.00,0.00,0.00,0.00,0.00
1,250510,Cuite,33429.00,13.71,84.58,41.79,163.13,0.00,0.00,0.00,0.00,0.00
1,250530,Curral_Velho,2719.00,1.11,6.88,3.40,13.27,0.00,0.00,0.00,0.00,0.00
1,250540,Desterro,40841.00,16.74,103.33,51.05,199.30,0.00,0.00,0.00,0.00,0.00
1,250550,Vista_Serrana,4069.00,1.67,10.29,5.09,19.86,0.00,0.00,0.00,0.00,0.00
1,250590,Emas,9096.00,3.73,23.01,11.37,44.39,0.00,0.00,0.00,0.00,0.00
1,250600,Esperanca,35595.00,14.59,90.06,44.49,173.70,0.00,0.00,0.00,0.00,0.00
1,250630,Guarabira,115400.00,47.31,291.96,144.25,563.15,0.00,0.00,0.00,0.00,0.00
1,250650,Gurjao,3670.00,1.50,9.29,4.59,17.91,0.00,0.00,0.00,0.00,0.00
1,250670,Imaculada,19733.00,8.09,49.92,24.67,96.30,0.00,0.00,0.00,0.00,0.00
1,250690,Itabaiana,99780.00,40.91,252.44,124.72,486.93,0.00,0.00,0.00,0.00,0.00
1,250700,Itaporanga,50373.00,20.65,127.44,62.97,245.82,0.00,0.00,0.00,0.00,0.00
1,250710,Itapororoca,76857.00,31.51,194.45,96.07,375.06,0.00,0.00,0.00,0.00,0.00
1,250720,Itatuba,11649.00,4.78,29.47,14.56,56.85,0.00,0.00,0.00,0.00,0.00
1,250740,Jerico,16502.00,6.77,41.75,20.63,80.53,0.00,0.00,0.00,0.00,0.00
1,250750,Joao_Pessoa,863187.00,353.91,2183.86,1078.98,4212.35,0.00,0.00,0.00,0.00,0.00
1,250770,Juazeirinho,26905.00,11.03,68.07,33.63,131.30,0.00,0.00,0.00,0.00,0.00
1,250800,Juru,21622.00,8.87,54.70,27.03,105.52,0.00,0.00,0.00,0.00,0.00
1,250820,Lagoa_De_Dentro,30259.00,12.41,76.56,37.82,147.66,0.00,0.00,0.00,0.00,0.00
1,250830,Lagoa_Seca,47083.00,19.30,119.12,58.85,229.77,0.00,0.00,0.00,0.00,0.00
1,250840,Lastro,2965.00,1.22,7.50,3.71,14.47,0.00,0.00,0.00,0.00,0.00
1,250860,Lucena,13961.00,5.72,35.32,17.45,68.13,0.00,0.00,0.00,0.00,0.00
1,250890,Mamanguape,57290.00,23.49,144.94,71.61,279.58,0.00,0.00,0.00,0.00,0.00
1,250910,Mari,43162.00,17.70,109.20,53.95,210.63,0.00,0.00,0.00,0.00,0.00
1,250920,Massaranduba,41938.00,17.19,106.10,52.42,204.66,0.00,0.00,0.00,0.00,0.00
1,250930,Mataraca,8981.00,3.68,22.72,11.23,43.83,0.00,0.00,0.00,0.00,0.00
1,250970,Monteiro,42466.00,17.41,107.44,53.08,207.23,0.00,0.00,0.00,0.00,0.00
1,250990,Natuba,11279.00,4.62,28.54,14.10,55.04,0.00,0.00,0.00,0.00,0.00
1,251020,Nova_Olinda,6448.00,2.64,16.31,8.06,31.47,0.00,0.00,0.00,0.00,0.00
1,251060,Ouro_Velho,5673.00,2.33,14.35,7.09,27.68,0.00,0.00,0.00,0.00,0.00
1,251065,Parari,4657.00,1.91,11.78,5.82,22.73,0.00,0.00,0.00,0.00,0.00
1,251080,Patos,131582.00,53.95,332.90,164.48,642.12,0.00,0.00,0.00,0.00,0.00
1,251090,Paulista,13223.00,5.42,33.45,16.53,64.53,0.00,0.00,0.00,0.00,0.00
1,251110,Pedra_Lavrada,8376.00,3.43,21.19,10.47,40.87,0.00,0.00,0.00,0.00,0.00
1,251130,Pianco,32041.00,13.14,81.06,40.05,156.36,0.00,0.00,0.00,0.00,0.00
1,251140,Picui,33830.00,13.87,85.59,42.29,165.09,0.00,0.00,0.00,0.00,0.00
1,251150,Pilar,30725.00,12.60,77.73,38.41,149.94,0.00,0.00,0.00,0.00,0.00
1,251200,Pocinhos,55616.00,22.80,140.71,69.52,271.41,0.00,0.00,0.00,0.00,0.00
1,251210,Pombal,50768.00,20.81,128.44,63.46,247.75,0.00,0.00,0.00,0.00,0.00
1,251250,Queimadas,73696.00,30.22,186.45,92.12,359.64,0.00,0.00,0.00,0.00,0.00
1,251278,Riacho_De_Santo_Antonio,14412.00,5.91,36.46,18.02,70.33,0.00,0.00,0.00,0.00,0.00
1,251300,Salgadinho,6535.00,2.68,16.53,8.17,31.89,0.00,0.00,0.00,0.00,0.00
1,251315,Santa_Cecilia,7090.00,2.91,17.94,8.86,34.60,0.00,0.00,0.00,0.00,0.00
1,251320,Santa_Cruz,10738.00,4.40,27.17,13.42,52.40,0.00,0.00,0.00,0.00,0.00
1,251340,Santa_Luzia,31659.00,12.98,80.10,39.57,154.50,0.00,0.00,0.00,0.00,0.00
1,251350,Santana_De_Mangueira,5606.00,2.30,14.18,7.01,27.36,0.00,0.00,0.00,0.00,0.00
1,251370,Santa_Rita,191438.00,78.49,484.34,239.30,934.22,0.00,0.00,0.00,0.00,0.00
1,251390,Sao_Bento,36451.00,14.94,92.22,45.56,177.88,0.00,0.00,0.00,0.00,0.00
1,251396,Sao_Domingos,3329.00,1.36,8.42,4.16,16.25,0.00,0.00,0.00,0.00,0.00
1,251420,Sao_Jose_Da_Lagoa_Tapada,8283.00,3.40,20.96,10.35,40.42,0.00,0.00,0.00,0.00,0.00
1,251450,Sao_Jose_De_Piranhas,24466.00,10.03,61.90,30.58,119.39,0.00,0.00,0.00,0.00,0.00
1,251455,Sao_Jose_De_Princesa,16178.00,6.63,40.93,20.22,78.95,0.00,0.00,0.00,0.00,0.00
1,251460,Sao_Jose_Do_Bonfim,8139.00,3.34,20.59,10.17,39.72,0.00,0.00,0.00,0.00,0.00
1,251465,Sao_Jose_Do_Brejo_Do_Cruz,1932.00,0.79,4.89,2.42,9.43,0.00,0.00,0.00,0.00,0.00
1,251490,Sao_Mamede,10434.00,4.28,26.40,13.04,50.92,0.00,0.00,0.00,0.00,0.00
1,251520,Sao_Sebastiao_Do_Umbuzeiro,8516.00,3.49,21.55,10.64,41.56,0.00,0.00,0.00,0.00,0.00
1,251530,Sape,71175.00,29.18,180.07,88.97,347.33,0.00,0.00,0.00,0.00,0.00
1,251550,Serra_Branca,25425.00,10.42,64.33,31.78,124.07,0.00,0.00,0.00,0.00,0.00
1,251570,Serra_Grande,3332.00,1.37,8.43,4.17,16.26,0.00,0.00,0.00,0.00,0.00
1,251590,Serraria,35308.00,14.48,89.33,44.13,172.30,0.00,0.00,0.00,0.00,0.00
1,251610,Soledade,31792.00,13.03,80.43,39.74,155.14,0.00,0.00,0.00,0.00,0.00
1,251615,Sossego,3792.00,1.55,9.59,4.74,18.50,0.00,0.00,0.00,0.00,0.00
1,251620,Sousa,97212.00,39.86,245.95,121.52,474.39,0.00,0.00,0.00,0.00,0.00
1,251630,Sume,18189.00,7.46,46.02,22.74,88.76,0.00,0.00,0.00,0.00,0.00
1,251650,Taperoa,16378.00,6.71,41.44,20.47,79.92,0.00,0.00,0.00,0.00,0.00
1,251660,Tavares,40800.00,16.73,103.22,51.00,199.10,0.00,0.00,0.00,0.00,0.00
1,251680,Triunfo,10210.00,4.19,25.83,12.76,49.82,0.00,0.00,0.00,0.00,0.00
1,251690,Uirauna,31744.00,13.02,80.31,39.68,154.91,0.00,0.00,0.00,0.00,0.00
1,251700,Umbuzeiro,10680.00,4.38,27.02,13.35,52.12,0.00,0.00,0.00,0.00,0.00
