# ORIGEM	DESTINO	DISTANCIA(km) DURAÇÃO(s)
param: K: dist	dur:=
130002	130002	0	0
130002	130006	596	213761
130002	130008	466	167582
130002	130010	431	154904
130002	130014	1761	322373
130002	130020	944	331313
130002	130030	1417	151815
130002	130040	731	78325
130002	130050	1173	390678
130002	130060	914	329058
130002	130063	487	175035
130002	130068	1242	415391
130002	130070	2221	326797
130002	130080	987	323805
130002	130083	897	96084
130002	130090	1745	377301
130002	130100	664	71209
130002	130110	787	218471
130002	130115	1240	132866
130002	130120	235	84407
130002	130130	501	163468
130002	130140	1523	163215
130002	130150	1669	178872
130002	130160	228	80807
130002	130165	2724	351917
130002	130170	1361	275772
130002	130180	1957	209735
130002	130185	650	207564
130002	130190	929	224014
130002	130195	1173	125662
130002	130200	997	228115
130002	130210	640	68554
130002	130220	317	34007
130002	130230	351	126308
130002	130240	1516	295046
130002	130250	563	202385
130002	130255	813	220606
130002	130260	666	207963
130002	130270	1719	403642
130002	130280	386	41387
130002	130290	1301	436771
130002	130300	2031	217680
130002	130310	901	292795
130002	130320	669	208237
130002	130330	2038	339167
130002	130340	1127	373768
130002	130350	2103	506461
130002	130353	784	214823
130002	130356	739	212737
130002	130360	700	75030
130002	130370	541	194367
130002	130380	954	102219
130002	130390	685	246112
130002	130395	1736	186021
130002	130400	994	228409
130002	130406	913	328493
130002	130410	1000	359535
130002	130420	41	4381
130002	130423	507	182083
130002	130426	58	20498
130002	130430	1764	189022
130002	130440	1656	177442
130006	130002	596	213761
130006	130006	0	0
130006	130008	1057	379875
130006	130010	1022	367198
130006	130014	2351	534666
130006	130020	355	118899
130006	130030	2260	242249
130006	130040	1445	154879
130006	130050	1764	602972
130006	130060	325	116645
130006	130063	1078	387328
130006	130068	1832	627684
130006	130070	2812	539091
130006	130080	1578	536099
130006	130083	1742	186735
130006	130090	2335	589595
130006	130100	498	53357
130006	130110	1378	430765
130006	130115	2086	223603
130006	130120	826	296701
130006	130130	1092	375762
130006	130140	920	98629
130006	130150	1111	119043
130006	130160	378	134485
130006	130165	3315	564211
130006	130170	1952	488066
130006	130180	1260	135065
130006	130185	1241	419858
130006	130190	1520	436308
130006	130195	766	82043
130006	130200	1588	440409
130006	130210	478	51268
130006	130220	536	57411
130006	130230	245	87807
130006	130240	2107	507339
130006	130250	1154	414679
130006	130255	1404	432900
130006	130260	1256	420257
130006	130270	2310	615935
130006	130280	756	81072
130006	130290	1892	649064
130006	130300	2877	308280
130006	130310	1492	505089
130006	130320	1260	420531
130006	130330	2629	551461
130006	130340	1718	586062
130006	130350	2694	718754
130006	130353	1374	427117
130006	130356	1330	425030
130006	130360	1083	116064
130006	130370	61	21427
130006	130380	853	91434
130006	130390	96	33699
130006	130395	2582	276753
130006	130400	1585	440703
130006	130406	324	116080
130006	130410	1590	571829
130006	130420	871	93366
130006	130423	92	32373
130006	130426	558	200278
130006	130430	2610	279745
130006	130440	2503	268196
130008	130002	466	167582
130008	130006	1057	379875
130008	130008	0	0
130008	130010	48	17195
130008	130014	1305	158576
130008	130020	1405	497427
130008	130030	567	60806
130008	130040	753	80690
130008	130050	718	226882
130008	130060	1375	495172
130008	130063	49	17542
130008	130068	786	251594
130008	130070	1766	163000
130008	130080	532	160008
130008	130083	80	8548
130008	130090	1289	213505
130008	130100	1403	150366
130008	130110	332	54675
130008	130115	405	43352
130008	130120	235	84523
130008	130130	118	25759
130008	130140	2238	239795
130008	130150	2345	251366
130008	130160	689	246921
130008	130165	2269	188121
130008	130170	906	111976
130008	130180	2694	288761
130008	130185	194	43767
130008	130190	473	60218
130008	130195	1842	197448
130008	130200	542	64319
130008	130210	1455	155960
130008	130220	1158	124054
130008	130230	812	292422
130008	130240	1060	131249
130008	130250	108	38589
130008	130255	358	56810
130008	130260	210	44167
130008	130270	1264	239845
130008	130280	1120	120067
130008	130290	845	272974
130008	130300	1218	130557
130008	130310	446	128998
130008	130320	213	44441
130008	130330	1582	175370
130008	130340	671	209972
130008	130350	1648	342664
130008	130353	328	51027
130008	130356	284	48940
130008	130360	1196	128146
130008	130370	1002	360481
130008	130380	1653	177127
130008	130390	1146	412226
130008	130395	917	98237
130008	130400	539	64613
130008	130406	1374	494607
130008	130410	562	202043
130008	130420	823	88233
130008	130423	968	348197
130008	130426	519	186612
130008	130430	945	101280
130008	130440	817	87526
130010	130002	431	154904
130010	130006	1022	367198
130010	130008	48	17195
130010	130010	0	0
130010	130014	1343	171986
130010	130020	1370	484749
130010	130030	631	67619
130010	130040	762	81658
130010	130050	755	240292
130010	130060	1341	482495
130010	130063	69	24648
130010	130068	824	265005
130010	130070	1804	176411
130010	130080	569	173419
130010	130083	153	16433
130010	130090	1327	226915
130010	130100	1333	142849
130010	130110	370	68085
130010	130115	476	50975
130010	130120	200	71846
130010	130130	70	8592
130010	130140	2164	231968
130010	130150	2271	243417
130010	130160	655	234243
130010	130165	2306	201531
130010	130170	943	125386
130010	130180	2622	280983
130010	130185	232	57178
130010	130190	511	73628
130010	130195	1769	189541
130010	130200	579	77729
130010	130210	1409	151019
130010	130220	1097	117580
130010	130230	778	279745
130010	130240	1098	144660
130010	130250	146	51999
130010	130255	396	70220
130010	130260	248	57577
130010	130270	1302	253256
130010	130280	1081	115814
130010	130290	883	286384
130010	130300	1290	138256
130010	130310	483	142409
130010	130320	251	57851
130010	130330	1620	188781
130010	130340	709	223382
130010	130350	1686	356074
130010	130353	366	64437
130010	130356	322	62350
130010	130360	1179	126356
130010	130370	967	347803
130010	130380	1623	173926
130010	130390	1111	399549
130010	130395	988	105920
130010	130400	577	78023
130010	130406	1339	481930
130010	130410	582	209149
130010	130420	766	82043
130010	130423	933	335520
130010	130426	484	173935
130010	130430	1017	108962
130010	130440	885	94815
130014	130002	1761	322499
130014	130006	2352	534793
130014	130008	1305	158703
130014	130010	1343	172113
130014	130014	0	0
130014	130020	2700	652344
130014	130030	922	98821
130014	130040	1727	185129
130014	130050	1361	226973
130014	130060	2670	650090
130014	130063	1344	172460
130014	130068	1430	251686
130014	130070	1275	98691
130014	130080	1419	230418
130014	130083	1019	109212
130014	130090	845	151637
130014	130100	1832	196309
130014	130110	974	104012
130014	130115	997	106898
130014	130120	1530	239441
130014	130130	1413	180677
130014	130140	2474	265103
130014	130150	2508	268818
130014	130160	1984	401838
130014	130165	1778	123812
130014	130170	400	46796
130014	130180	2920	312896
130014	130185	1137	117333
130014	130190	1364	130807
130014	130195	2078	222733
130014	130200	1432	134908
130014	130210	2209	236753
130014	130220	1792	192021
130014	130230	2107	447340
130014	130240	616	69381
130014	130250	1199	120357
130014	130255	1028	107310
130014	130260	1097	114582
130014	130270	752	173965
130014	130280	1939	207752
130014	130290	1489	273065
130014	130300	1477	158255
130014	130310	1333	199408
130014	130320	1293	125477
130014	130330	278	16875
130014	130340	1315	210063
130014	130350	1204	280796
130014	130353	1222	121738
130014	130356	1175	119529
130014	130360	2118	226956
130014	130370	2296	515398
130014	130380	2509	268895
130014	130390	2441	567144
130014	130395	1259	134899
130014	130400	1430	135202
130014	130406	2669	649525
130014	130410	1375	342510
130014	130420	1534	164395
130014	130423	2262	503115
130014	130426	1813	341530
130014	130430	1277	136822
130014	130440	1102	118097
130020	130002	1369	146699
130020	130006	552	59165
130020	130008	2193	234996
130020	130010	2127	227962
130020	130014	2650	284049
130020	130020	0	0
130020	130030	2758	295579
130020	130040	1997	214000
130020	130050	3288	352391
130020	130060	30	2266
130020	130063	2197	235419
130020	130068	3154	338066
130020	130070	1292	138497
130020	130080	2635	282420
130020	130083	2249	241021
130020	130090	1537	164717
130020	130100	827	88680
130020	130110	2449	262411
130020	130115	2594	277988
130020	130120	1755	188035
130020	130130	2026	217148
130020	130140	579	62046
130020	130150	767	82146
130020	130160	1119	119877
130020	130165	990	106086
130020	130170	1940	207952
130020	130180	765	81968
130020	130185	2503	268200
130020	130190	2939	315013
130020	130195	706	75650
130020	130200	3053	327207
130020	130210	1008	108030
130020	130220	1052	112697
130020	130230	943	101075
130020	130240	1521	162992
130020	130250	2396	256745
130020	130255	2432	260606
130020	130260	2549	273187
130020	130270	2237	239719
130020	130280	1308	140200
130020	130290	3112	333476
130020	130300	3397	364015
130020	130310	2763	296113
130020	130320	2341	250833
130020	130330	2445	262003
130020	130340	3375	361718
130020	130350	1148	123081
130020	130353	2594	277983
130020	130356	2644	283345
130020	130360	1621	173738
130020	130370	640	68563
130020	130380	1309	140244
130020	130390	383	41096
130020	130395	3099	332090
130020	130400	3005	322083
130020	130406	69	7409
130020	130410	1766	189306
130020	130420	1387	148621
130020	130423	708	75886
130020	130426	1299	139177
130020	130430	3127	335115
130020	130440	3009	322470
130030	130002	1417	151815
130030	130006	2260	242249
130030	130008	567	60806
130030	130010	631	67619
130030	130014	922	98821
130030	130020	2758	295579
130030	130030	0	0
130030	130040	1149	123112
130030	130050	548	58780
130030	130060	2718	291326
130030	130063	563	60302
130030	130068	412	44198
130030	130070	2421	259465
130030	130080	232	24877
130030	130083	521	55880
130030	130090	1499	160661
130030	130100	1959	209949
130030	130110	312	33420
130030	130115	198	21256
130030	130120	1005	107744
130030	130130	732	78438
130030	130140	2776	297492
130030	130150	2871	307662
130030	130160	1756	188167
130030	130165	3481	373032
130030	130170	1377	147590
130030	130180	3235	346749
130030	130185	274	29388
130030	130190	204	21842
130030	130195	2375	254488
130030	130200	345	36948
130030	130210	2005	214906
130030	130220	1725	184853
130030	130230	1914	205073
130030	130240	1678	179811
130030	130250	377	40442
130030	130255	333	35698
130030	130260	248	26612
130030	130270	775	83006
130030	130280	1660	177855
130030	130290	354	37948
130030	130300	693	74271
130030	130310	78	8351
130030	130320	512	54921
130030	130330	494	52941
130030	130340	640	68638
130030	130350	2207	236551
130030	130353	440	47188
130030	130356	263	28229
130030	130360	1666	178509
130030	130370	2199	235616
130030	130380	2159	231339
130030	130390	2441	261657
130030	130395	402	43112
130030	130400	294	31519
130030	130406	2696	288975
130030	130410	1130	121098
130030	130420	1390	148960
130030	130423	2161	231574
130030	130426	1508	161663
130030	130430	428	45919
130030	130440	266	28532
130040	130002	731	78325
130040	130006	1445	154879
130040	130008	753	80690
130040	130010	762	81658
130040	130014	1727	185129
130040	130020	1997	214000
130040	130030	1149	123112
130040	130040	0	0
130040	130050	1530	163958
130040	130060	1961	210143
130040	130063	825	88444
130040	130068	1421	152286
130040	130070	2235	239505
130040	130080	1191	127661
130040	130083	728	78013
130040	130090	1433	153583
130040	130100	1388	148784
130040	130110	956	102503
130040	130115	952	101993
130040	130120	777	83292
130040	130130	748	80130
130040	130140	2236	239601
130040	130150	2391	256228
130040	130160	878	94137
130040	130165	2906	311394
130040	130170	1631	174779
130040	130180	2653	284373
130040	130185	893	95724
130040	130190	1243	133181
130040	130195	1900	203650
130040	130200	1298	139146
130040	130210	1040	111409
130040	130220	998	106989
130040	130230	1054	112935
130040	130240	1635	175228
130040	130250	818	87639
130040	130255	869	93114
130040	130260	903	96795
130040	130270	1273	136442
130040	130280	695	74511
130040	130290	1431	153403
130040	130300	1577	169048
130040	130310	1202	128824
130040	130320	642	68849
130040	130330	1214	130098
130040	130340	1597	171167
130040	130350	1961	210199
130040	130353	772	82759
130040	130356	912	97742
130040	130360	539	57745
130040	130370	1360	145737
130040	130380	1055	113084
130040	130390	1622	173813
130040	130395	1323	141743
130040	130400	1265	135594
130040	130406	1928	206628
130040	130410	1161	124448
130040	130420	741	79394
130040	130423	1297	139018
130040	130426	748	80195
130040	130430	1347	144315
130040	130440	1305	139840
130050	130002	1175	390869
130050	130006	1766	603162
130050	130008	719	227072
130050	130010	757	240483
130050	130014	1361	226967
130050	130020	2114	720714
130050	130030	548	58780
130050	130040	1530	163958
130050	130050	0	0
130050	130060	2084	718459
130050	130063	758	240829
130050	130068	70	24944
130050	130070	2066	301746
130050	130080	518	186251
130050	130083	1039	111373
130050	130090	1590	352251
130050	130100	2500	267895
130050	130110	632	193421
130050	130115	694	74422
130050	130120	944	307810
130050	130130	827	249046
130050	130140	3323	356140
130050	130150	3419	366440
130050	130160	1398	470208
130050	130165	2569	326867
130050	130170	1206	250722
130050	130180	3782	405361
130050	130185	551	185703
130050	130190	781	199401
130050	130195	2923	313206
130050	130200	850	203502
130050	130210	2484	266256
130050	130220	2244	240531
130050	130230	1521	515710
130050	130240	1361	269995
130050	130250	613	188726
130050	130255	658	195556
130050	130260	509	182820
130050	130270	811	291406
130050	130280	2130	228299
130050	130290	129	46324
130050	130300	175	18788
130050	130310	432	155241
130050	130320	707	193846
130050	130330	1620	242614
130050	130340	50	17298
130050	130350	1948	481410
130050	130353	636	190210
130050	130356	592	188123
130050	130360	2068	221657
130050	130370	1710	583768
130050	130380	2581	276657
130050	130390	1855	635513
130050	130395	207	22222
130050	130400	847	203796
130050	130406	2083	717894
130050	130410	1270	425330
130050	130420	1907	204385
130050	130423	1676	571484
130050	130426	1227	409899
130050	130430	184	19684
130050	130440	284	30395
130060	130002	1330	142529
130060	130006	517	55392
130060	130008	2153	230750
130060	130010	2087	223709
130060	130014	2612	279952
130060	130020	30	2292
130060	130030	2718	291326
130060	130040	1961	210143
130060	130050	3249	348157
130060	130060	0	0
130060	130063	2157	231161
130060	130068	3115	333825
130060	130070	1272	136274
130060	130080	2595	278156
130060	130083	2209	236784
130060	130090	1500	160738
130060	130100	788	84472
130060	130110	2409	258153
130060	130115	2554	273749
130060	130120	1715	183774
130060	130130	1987	212895
130060	130140	575	61606
130060	130150	765	82035
130060	130160	1082	116008
130060	130165	1014	108686
130060	130170	1904	204068
130060	130180	785	84121
130060	130185	2463	263961
130060	130190	2900	310772
130060	130195	679	72812
130060	130200	3014	322977
130060	130210	977	104699
130060	130220	1013	108532
130060	130230	907	97242
130060	130240	1486	159260
130060	130250	2356	252506
130060	130255	2392	256363
130060	130260	2510	268953
130060	130270	2198	235515
130060	130280	1273	136461
130060	130290	3072	329223
130060	130300	3357	359803
130060	130310	2723	291852
130060	130320	2301	246642
130060	130330	2405	257754
130060	130340	3336	357486
130060	130350	1122	120195
130060	130353	2555	273824
130060	130356	2605	279132
130060	130360	1590	170367
130060	130370	605	64882
130060	130380	1285	137759
130060	130390	352	37719
130060	130395	3059	327870
130060	130400	2966	317851
130060	130406	40	4306
130060	130410	1727	185115
130060	130420	1348	144430
130060	130423	675	72308
130060	130426	1260	135070
130060	130430	3088	330893
130060	130440	2969	318226
130063	130002	487	175035
130063	130006	1078	387328
130063	130008	49	17542
130063	130010	69	24648
130063	130014	1344	172333
130063	130020	1426	504880
130063	130030	563	60302
130063	130040	825	88444
130063	130050	756	240639
130063	130060	1396	502625
130063	130063	0	0
130063	130068	825	265352
130063	130070	1804	176758
130063	130080	570	173766
130063	130083	145	15560
130063	130090	1328	227262
130063	130100	1397	149690
130063	130110	370	68432
130063	130115	420	45020
130063	130120	256	91976
130063	130130	139	33212
130063	130140	2221	238034
130063	130150	2324	249014
130063	130160	710	254374
130063	130165	2307	201878
130063	130170	944	125733
130063	130180	2680	287166
130063	130185	233	57525
130063	130190	512	73975
130063	130195	1823	195350
130063	130200	580	78076
130063	130210	1489	159555
130063	130220	1172	125568
130063	130230	833	299875
130063	130240	1099	145006
130063	130250	146	52346
130063	130255	396	70567
130063	130260	248	57924
130063	130270	1302	253602
130063	130280	1161	124402
130063	130290	884	286731
130063	130300	1233	132131
130063	130310	484	142756
130063	130320	252	58198
130063	130330	1621	189128
130063	130340	710	223729
130063	130350	1686	356421
130063	130353	367	64784
130063	130356	322	62697
130063	130360	1255	134515
130063	130370	1022	367934
130063	130380	1702	182440
130063	130390	1167	419679
130063	130395	931	99814
130063	130400	577	78370
130063	130406	1395	502060
130063	130410	514	184830
130063	130420	842	90232
130063	130423	989	355650
130063	130426	539	194065
130063	130430	960	102844
130063	130440	821	87990
130068	130002	1243	415581
130068	130006	1834	627875
130068	130008	788	251785
130068	130010	826	265195
130068	130014	1430	251680
130068	130020	2182	745426
130068	130030	412	44198
130068	130040	1421	152286
130068	130050	70	24944
130068	130060	2153	743172
130068	130063	826	265542
130068	130068	0	0
130068	130070	2135	326459
130068	130080	587	210963
130068	130083	906	97064
130068	130090	1658	376963
130068	130100	2364	253373
130068	130110	701	218134
130068	130115	561	60085
130068	130120	1012	332523
130068	130130	895	273759
130068	130140	3187	341541
130068	130150	3283	351848
130068	130160	1466	494920
130068	130165	2638	351579
130068	130170	1275	275435
130068	130180	3646	390762
130068	130185	620	210415
130068	130190	850	224114
130068	130195	2786	298605
130068	130200	918	228214
130068	130210	2360	252902
130068	130220	2112	226367
130068	130230	1590	540422
130068	130240	1429	294708
130068	130250	682	213439
130068	130255	727	220269
130068	130260	578	207533
130068	130270	879	316118
130068	130280	2007	215063
130068	130290	60	21545
130068	130300	291	31205
130068	130310	501	179953
130068	130320	776	218559
130068	130330	1689	267327
130068	130340	118	42011
130068	130350	2017	506123
130068	130353	705	214922
130068	130356	661	212836
130068	130360	1958	209809
130068	130370	1779	608480
130068	130380	2468	264507
130068	130390	1923	660226
130068	130395	122	13042
130068	130400	916	228508
130068	130406	2151	742607
130068	130410	1339	450043
130068	130420	1775	190238
130068	130423	1745	596197
130068	130426	1296	434612
130068	130430	115	12354
130068	130440	147	15798
130070	130002	2225	327044
130070	130006	2815	539337
130070	130008	1769	163247
130070	130010	1807	176657
130070	130014	1278	98778
130070	130020	3164	656889
130070	130030	2421	259465
130070	130040	2235	239505
130070	130050	2069	301835
130070	130060	3134	654634
130070	130063	1808	177004
130070	130068	2138	326548
130070	130070	0	0
130070	130080	1883	234962
130070	130083	2045	219114
130070	130090	1309	156181
130070	130100	973	104259
130070	130110	1438	108556
130070	130115	2332	249872
130070	130120	1994	243985
130070	130130	1877	185221
130070	130140	801	85830
130070	130150	727	77885
130070	130160	2448	406383
130070	130165	886	57451
130070	130170	878	52178
130070	130180	1141	122292
130070	130185	1601	121878
130070	130190	1828	135352
130070	130195	613	65704
130070	130200	1896	139452
130070	130210	1716	183884
130070	130220	1358	145509
130070	130230	2571	451884
130070	130240	1080	73925
130070	130250	1663	124901
130070	130255	1492	111854
130070	130260	1561	119126
130070	130270	1236	180047
130070	130280	1775	190176
130070	130290	2197	347928
130070	130300	3114	333676
130070	130310	1797	203952
130070	130320	1757	130021
130070	130330	1555	115573
130070	130340	2023	284925
130070	130350	1667	285340
130070	130353	1685	126282
130070	130356	1639	124074
130070	130360	2159	231425
130070	130370	2760	519943
130070	130380	2148	230229
130070	130390	2905	571688
130070	130395	2821	302363
130070	130400	1894	139746
130070	130406	3133	654069
130070	130410	1839	347055
130070	130420	1502	161019
130070	130423	2726	507659
130070	130426	2277	346074
130070	130430	2848	305256
130070	130440	2685	287769
130080	130002	989	323995
130080	130006	1580	536289
130080	130008	533	160199
130080	130010	571	173609
130080	130014	1420	230449
130080	130020	1928	653840
130080	130030	232	24877
130080	130040	1191	127661
130080	130050	518	186251
130080	130060	1898	651586
130080	130063	572	173956
130080	130068	587	210963
130080	130070	1880	234873
130080	130080	0	0
130080	130083	482	51650
130080	130090	1404	285378
130080	130100	1821	195133
130080	130110	446	126548
130080	130115	303	32435
130080	130120	758	240937
130080	130130	641	182173
130080	130140	2614	280103
130080	130150	2698	289172
130080	130160	1212	403334
130080	130165	2383	259993
130080	130170	1020	183849
130080	130180	3074	329444
130080	130185	365	118830
130080	130190	595	132528
130080	130195	2209	236784
130080	130200	664	136628
130080	130210	1948	208762
130080	130220	1626	174221
130080	130230	1335	448836
130080	130240	1175	203122
130080	130250	427	121853
130080	130255	472	128683
130080	130260	323	115947
130080	130270	293	105248
130080	130280	1616	173171
130080	130290	646	232343
130080	130300	901	96526
130080	130310	88	31415
130080	130320	521	126973
130080	130330	1697	247243
130080	130340	472	169341
130080	130350	1762	414537
130080	130353	450	123336
130080	130356	406	121250
130080	130360	1676	179616
130080	130370	1524	516894
130080	130380	2146	229943
130080	130390	1669	568640
130080	130395	624	66855
130080	130400	661	136922
130080	130406	1897	651021
130080	130410	1084	358457
130080	130420	1300	139299
130080	130423	1491	504611
130080	130426	1041	343026
130080	130430	648	69469
130080	130440	475	50867
130083	130002	897	96084
130083	130006	1742	186735
130083	130008	80	8548
130083	130010	153	16433
130083	130014	1019	109212
130083	130020	2249	241021
130083	130030	521	55880
130083	130040	728	78013
130083	130050	1039	111373
130083	130060	2209	236784
130083	130063	145	15560
130083	130068	906	97064
130083	130070	2045	219114
130083	130080	482	51650
130083	130083	0	0
130083	130090	1123	120322
130083	130100	1467	157205
130083	130110	244	26180
130083	130115	345	36979
130083	130120	515	55229
130083	130130	247	26449
130083	130140	2306	247168
130083	130150	2417	259025
130083	130160	1235	132323
130083	130165	3011	322722
130083	130170	1136	121733
130083	130180	2762	296028
130083	130185	254	27244
130083	130190	691	74074
130083	130195	1913	205010
130083	130200	805	86308
130083	130210	1487	159337
130083	130220	1208	129425
130083	130230	1392	149198
130083	130240	1323	141767
130083	130250	147	15760
130083	130255	188	20184
130083	130260	300	32195
130083	130270	619	66312
130083	130280	1145	122747
130083	130290	869	93111
130083	130300	1154	123650
130083	130310	546	58485
130083	130320	188	20201
130083	130330	492	52698
130083	130340	1127	120740
130083	130350	1805	193396
130083	130353	432	46299
130083	130356	408	43773
130083	130360	1195	128055
130083	130370	1679	179914
130083	130380	1665	178439
130083	130390	1924	206226
130083	130395	853	91415
130083	130400	757	81113
130083	130406	2186	234273
130083	130410	754	80786
130083	130420	871	93368
130083	130423	1640	175752
130083	130426	987	105805
130083	130430	881	94457
130083	130440	761	81545
130090	130002	1745	377475
130090	130006	2336	589769
130090	130008	1290	213678
130090	130010	1328	227089
130090	130014	845	151632
130090	130020	2684	707320
130090	130030	1499	160661
130090	130040	1433	153583
130090	130050	1590	352267
130090	130060	2654	705065
130090	130063	1328	227436
130090	130068	1658	376979
130090	130070	1306	156056
130090	130080	1404	285393
130090	130083	1123	120322
130090	130090	0	0
130090	130100	746	79985
130090	130110	958	158988
130090	130115	1404	150512
130090	130120	1514	294416
130090	130130	1397	235653
130090	130140	1358	145511
130090	130150	1414	151550
130090	130160	1968	456814
130090	130165	1808	181177
130090	130170	445	105032
130090	130180	1812	194194
130090	130185	1121	172309
130090	130190	1349	185783
130090	130195	957	102512
130090	130200	1417	189883
130090	130210	1329	142390
130090	130220	868	93068
130090	130230	2091	502316
130090	130240	229	82315
130090	130250	1183	175332
130090	130255	1012	162285
130090	130260	1081	169558
130090	130270	803	232901
130090	130280	1198	128430
130090	130290	1718	398359
130090	130300	2192	234929
130090	130310	1318	254383
130090	130320	1278	180452
130090	130330	1122	168427
130090	130340	1543	335356
130090	130350	816	293584
130090	130353	1206	176713
130090	130356	1159	174505
130090	130360	1531	164131
130090	130370	2281	570374
130090	130380	1728	185201
130090	130390	2425	622119
130090	130395	1897	203343
130090	130400	1414	190177
130090	130406	2653	704500
130090	130410	531	190873
130090	130420	797	85400
130090	130423	2247	558091
130090	130426	1798	396505
130090	130430	1925	206265
130090	130440	1765	189111
130100	130002	664	71209
130100	130006	498	53357
130100	130008	1403	150366
130100	130010	1333	142849
130100	130014	1832	196309
130100	130020	827	88680
130100	130030	1959	209949
130100	130040	1388	148784
130100	130050	2500	267895
130100	130060	788	84472
130100	130063	1397	149690
130100	130068	2364	253373
130100	130070	973	104259
130100	130080	1821	195133
130100	130083	1467	157205
130100	130090	746	79985
130100	130100	0	0
130100	130110	1647	176538
130100	130115	1808	193718
130100	130120	956	102421
130100	130130	1231	131917
130100	130140	861	92314
130100	130150	1005	107672
130100	130160	624	66826
130100	130165	1557	166890
130100	130170	1162	124525
130100	130180	1305	139878
130100	130185	1716	183880
130100	130190	2148	230243
130100	130195	513	55012
130100	130200	2270	243297
130100	130210	748	80209
130100	130220	409	43826
130100	130230	535	57288
130100	130240	791	84780
130100	130250	1611	172621
130100	130255	1642	175949
130100	130260	1766	189255
130100	130270	1409	151046
130100	130280	820	87906
130100	130290	2313	247875
130100	130300	2620	280836
130100	130310	1957	209756
130100	130320	1584	169747
130100	130330	1621	173678
130100	130340	2589	277481
130100	130350	706	75669
130100	130353	1849	198111
130100	130356	1873	200685
130100	130360	1207	129307
130100	130370	513	54957
130100	130380	1183	126750
130100	130390	617	66146
130100	130395	2319	248555
130100	130400	2221	237996
130100	130406	775	83078
130100	130410	939	100681
130100	130420	665	71262
130100	130423	549	58855
130100	130426	642	68768
130100	130430	2348	251597
130100	130440	2217	237611
130110	130002	788	218661
130110	130006	1379	430954
130110	130008	332	54864
130110	130010	370	68275
130110	130014	974	104073
130110	130020	1727	548506
130110	130030	312	33420
130110	130040	956	102503
130110	130050	632	193453
130110	130060	1697	546251
130110	130063	371	68621
130110	130068	701	218165
130110	130070	1435	108497
130110	130080	446	126579
130110	130083	244	26180
130110	130090	958	159002
130110	130100	1647	176538
130110	130110	0	0
130110	130115	203	21779
130110	130120	557	135602
130110	130130	440	76838
130110	130140	2466	264240
130110	130150	2563	274698
130110	130160	1011	298000
130110	130165	1938	133617
130110	130170	575	57473
130110	130180	2925	313466
130110	130185	164	13495
130110	130190	391	26969
130110	130195	2065	221332
130110	130200	459	31069
130110	130210	1723	184629
130110	130220	1421	152291
130110	130230	1134	343502
130110	130240	729	76746
130110	130250	226	16518
130110	130255	55	3471
130110	130260	124	10744
130110	130270	933	185342
130110	130280	1385	148484
130110	130290	760	239545
130110	130300	993	106449
130110	130310	360	95569
130110	130320	320	21638
130110	130330	1252	120867
130110	130340	586	176542
130110	130350	1317	288161
130110	130353	249	17899
130110	130356	202	15691
130110	130360	1438	154059
130110	130370	1323	411560
130110	130380	1909	204609
130110	130390	1468	463305
130110	130395	694	74357
130110	130400	457	31363
130110	130406	1696	545686
130110	130410	883	253122
130110	130420	1089	116688
130110	130423	1289	399276
130110	130426	840	237691
130110	130430	722	77342
130110	130440	574	61508
130115	130002	1240	132866
130115	130006	2086	223603
130115	130008	405	43352
130115	130010	476	50975
130115	130014	997	106898
130115	130020	2594	277988
130115	130030	198	21256
130115	130040	952	101993
130115	130050	694	74422
130115	130060	2554	273749
130115	130063	420	45020
130115	130068	561	60085
130115	130070	2332	249872
130115	130080	303	32435
130115	130083	345	36979
130115	130090	1404	150512
130115	130100	1808	193718
130115	130110	203	21779
130115	130115	0	0
130115	130120	852	91347
130115	130130	577	61885
130115	130140	2639	282874
130115	130150	2744	294024
130115	130160	1571	168348
130115	130165	3345	358481
130115	130170	1336	143209
130115	130180	3097	331929
130115	130185	92	9838
130115	130190	346	37121
130115	130195	2242	240305
130115	130200	463	49581
130115	130210	1816	194624
130115	130220	1552	166349
130115	130230	1732	185605
130115	130240	1594	170831
130115	130250	198	21244
130115	130255	167	17896
130115	130260	50	5405
130115	130270	746	79983
130115	130280	1468	157296
130115	130290	527	56517
130115	130300	814	87289
130115	130310	252	27009
130115	130320	314	33668
130115	130330	498	53359
130115	130340	782	83857
130115	130350	2105	225567
130115	130353	289	30926
130115	130356	131	14063
130115	130360	1467	157253
130115	130370	2022	216663
130115	130380	1961	210182
130115	130390	2269	243126
130115	130395	513	54950
130115	130400	413	44287
130115	130406	2531	271248
130115	130410	1030	110426
130115	130420	1215	130249
130115	130423	1981	212333
130115	130426	1328	142339
130115	130430	541	57990
130115	130440	416	44597
130120	130002	235	84407
130120	130006	826	296701
130120	130008	235	84523
130120	130010	200	71846
130120	130014	1530	239314
130120	130020	1174	414252
130120	130030	1005	107744
130120	130040	777	83292
130120	130050	942	307620
130120	130060	1145	411998
130120	130063	256	91976
130120	130068	1011	332332
130120	130070	1990	243738
130120	130080	756	240746
130120	130083	515	55229
130120	130090	1514	294243
130120	130100	956	102421
130120	130110	556	135413
130120	130115	852	91347
130120	130120	0	0
130120	130130	270	80409
130120	130140	1791	191940
130120	130150	1903	203977
130120	130160	458	163746
130120	130165	2493	268859
130120	130170	1130	192714
130120	130180	2247	240817
130120	130185	419	124505
130120	130190	698	140956
130120	130195	1398	149875
130120	130200	766	145057
130120	130210	1107	118594
130120	130220	742	79546
130120	130230	581	209248
130120	130240	1285	211987
130120	130250	332	119327
130120	130255	582	137548
130120	130260	435	124905
130120	130270	1488	320583
130120	130280	818	87704
130120	130290	1070	353712
130120	130300	1666	178578
130120	130310	670	209736
130120	130320	438	125179
130120	130330	1807	256108
130120	130340	896	290710
130120	130350	1872	423402
130120	130353	553	131765
130120	130356	508	129678
130120	130360	1026	109926
130120	130370	771	277306
130120	130380	1389	148828
130120	130390	915	329052
130120	130395	1365	146256
130120	130400	763	145351
130120	130406	1143	411433
130120	130410	769	276477
130120	130420	431	46186
130120	130423	737	265023
130120	130426	288	103438
130120	130430	1393	149301
130120	130440	1262	135212
130130	130002	501	163470
130130	130006	1092	375764
130130	130008	118	25762
130130	130010	70	8595
130130	130014	1413	180553
130130	130020	1440	493315
130130	130030	732	78438
130130	130040	748	80130
130130	130050	825	248858
130130	130060	1410	491061
130130	130063	139	33215
130130	130068	894	273571
130130	130070	1873	184977
130130	130080	639	181985
130130	130083	247	26449
130130	130090	1397	235481
130130	130100	1231	131917
130130	130110	439	76651
130130	130115	577	61885
130130	130120	270	80412
130130	130130	0	0
130130	130140	2063	221128
130130	130150	2171	232716
130130	130160	724	242809
130130	130165	2376	210097
130130	130170	1013	133953
130130	130180	2520	270111
130130	130185	302	65744
130130	130190	581	82195
130130	130195	1668	178778
130130	130200	649	86295
130130	130210	1324	141856
130130	130220	1000	107126
130130	130230	847	288311
130130	130240	1168	153226
130130	130250	215	60565
130130	130255	465	78786
130130	130260	317	66143
130130	130270	1371	261822
130130	130280	1003	107451
130130	130290	953	294951
130130	130300	1392	149155
130130	130310	553	150975
130130	130320	321	66418
130130	130330	1690	197347
130130	130340	779	231948
130130	130350	1755	364641
130130	130353	436	73003
130130	130356	391	70917
130130	130360	1127	120819
130130	130370	1036	356369
130130	130380	1554	166558
130130	130390	1181	408115
130130	130395	1090	116823
130130	130400	646	86589
130130	130406	1409	490496
130130	130410	652	217716
130130	130420	671	71875
130130	130423	1003	344086
130130	130426	554	182501
130130	130430	1118	119865
130130	130440	987	105737
130140	130002	1523	163215
130140	130006	920	98629
130140	130008	2238	239795
130140	130010	2164	231968
130140	130014	2474	265103
130140	130020	579	62046
130140	130030	2776	297492
130140	130040	2236	239601
130140	130050	3323	356140
130140	130060	575	61606
130140	130063	2221	238034
130140	130068	3187	341541
130140	130070	801	85830
130140	130080	2614	280103
130140	130083	2306	247168
130140	130090	1358	145511
130140	130100	861	92314
130140	130110	2466	264240
130140	130115	2639	282874
130140	130120	1791	191940
130140	130130	2063	221128
130140	130140	0	0
130140	130150	196	21008
130140	130160	1398	149787
130140	130165	705	75607
130140	130170	1705	182757
130140	130180	460	49341
130140	130185	2548	273110
130140	130190	2972	318541
130140	130195	405	43444
130140	130200	3100	332280
130140	130210	1391	149092
130140	130220	1238	132638
130140	130230	1246	133570
130140	130240	1266	135661
130140	130250	2446	262152
130140	130255	2473	264980
130140	130260	2601	278740
130140	130270	2135	228799
130140	130280	1605	171967
130140	130290	3126	335034
130140	130300	3454	370136
130140	130310	2764	296266
130140	130320	2435	261013
130140	130330	2385	255613
130140	130340	3414	365906
130140	130350	756	81002
130140	130353	2702	289607
130140	130356	2715	290929
130140	130360	1971	211203
130140	130370	1008	107989
130140	130380	1770	189683
130140	130390	831	89019
130140	130395	3152	337802
130140	130400	3050	326873
130140	130406	609	65235
130140	130410	1677	179674
130140	130420	1526	163499
130140	130423	1083	116023
130140	130426	1488	159514
130140	130430	3180	340839
130140	130440	3040	325748
130150	130002	1669	178872
130150	130006	1111	119043
130150	130008	2345	251366
130150	130010	2271	243417
130150	130014	2508	268818
130150	130020	767	82146
130150	130030	2871	307662
130150	130040	2391	256228
130150	130050	3419	366440
130150	130060	765	82035
130150	130063	2324	249014
130150	130068	3283	351848
130150	130070	727	77885
130150	130080	2698	289172
130150	130083	2417	259025
130150	130090	1414	151550
130150	130100	1005	107672
130150	130110	2563	274698
130150	130115	2744	294024
130150	130120	1903	203977
130150	130130	2171	232716
130150	130140	196	21008
130150	130150	0	0
130150	130160	1570	168204
130150	130165	631	67621
130150	130170	1731	185468
130150	130180	422	45220
130150	130185	2653	284357
130150	130190	3070	329021
130150	130195	506	54253
130150	130200	3202	343108
130150	130210	1577	169057
130150	130220	1397	149671
130150	130230	1424	152634
130150	130240	1297	138953
130150	130250	2553	273646
130150	130255	2577	276155
130150	130260	2707	290117
130150	130270	2200	235768
130150	130280	1777	190397
130150	130290	3218	344821
130150	130300	3555	381041
130150	130310	2855	305932
130150	130320	2555	273807
130150	130330	2460	263685
130150	130340	3511	376278
130150	130350	752	80584
130150	130353	2823	302534
130150	130356	2825	302762
130150	130360	2148	230226
130150	130370	1197	128255
130150	130380	1962	210307
130150	130390	1026	109974
130150	130395	3254	348777
130150	130400	3151	337655
130150	130406	801	85803
130150	130410	1754	187979
130150	130420	1668	178790
130150	130423	1271	136240
130150	130426	1643	176038
130150	130430	3283	351798
130150	130440	3136	336103
130160	130002	228	80807
130160	130006	378	134485
130160	130008	689	246921
130160	130010	655	234243
130160	130014	1984	401712
130160	130020	726	252036
130160	130030	1756	188167
130160	130040	878	94137
130160	130050	1396	470017
130160	130060	697	249782
130160	130063	710	254374
130160	130068	1465	494730
130160	130070	2444	406136
130160	130080	1210	403144
130160	130083	1235	132323
130160	130090	1968	456640
130160	130100	624	66826
130160	130110	1010	297810
130160	130115	1571	168348
130160	130120	458	163746
130160	130130	724	242807
130160	130140	1398	149787
130160	130150	1570	168204
130160	130160	0	0
130160	130165	2947	431256
130160	130170	1584	355112
130160	130180	1792	191997
130160	130185	873	286903
130160	130190	1152	303353
130160	130195	1116	119613
130160	130200	1220	307454
130160	130210	274	29342
130160	130220	240	25675
130160	130230	134	47032
130160	130240	1739	374385
130160	130250	786	281724
130160	130255	1036	299945
130160	130260	889	287302
130160	130270	1942	482981
130160	130280	207	22198
130160	130290	1524	516110
130160	130300	2338	250583
130160	130310	1124	372134
130160	130320	892	287576
130160	130330	2261	418506
130160	130340	1350	453107
130160	130350	2326	585800
130160	130353	1007	294162
130160	130356	962	292076
130160	130360	587	62858
130160	130370	323	115090
130160	130380	639	68527
130160	130390	468	166836
130160	130395	2050	219708
130160	130400	1217	307748
130160	130406	695	249217
130160	130410	1223	438874
130160	130420	405	43357
130160	130423	289	102807
130160	130426	190	67323
130160	130430	2077	222642
130160	130440	1983	212556
130165	130002	2724	351968
130165	130006	3315	564262
130165	130008	2269	188172
130165	130010	2306	201582
130165	130014	1777	123703
130165	130020	3663	681813
130165	130030	3481	373032
130165	130040	2906	311394
130165	130050	2569	326760
130165	130060	3633	679559
130165	130063	2307	201929
130165	130068	2637	351472
130165	130070	884	57331
130165	130080	2383	259887
130165	130083	3011	322722
130165	130090	1808	181106
130165	130100	1557	166890
130165	130110	1937	133481
130165	130115	3345	358481
130165	130120	2493	268910
130165	130130	2376	210146
130165	130140	705	75607
130165	130150	631	67621
130165	130160	2947	431307
130165	130165	0	0
130165	130170	1378	77103
130165	130180	253	27110
130165	130185	2100	146802
130165	130190	2328	160276
130165	130195	1107	118608
130165	130200	2396	164377
130165	130210	1980	212179
130165	130220	1911	204808
130165	130230	3070	476809
130165	130240	1579	98850
130165	130250	2162	149826
130165	130255	1991	136779
130165	130260	2060	144051
130165	130270	1736	204972
130165	130280	2244	240538
130165	130290	2697	372852
130165	130300	4159	445743
130165	130310	2297	228876
130165	130320	2257	154946
130165	130330	2055	140497
130165	130340	2522	309850
130165	130350	2167	310265
130165	130353	2185	151207
130165	130356	2138	148998
130165	130360	2587	277234
130165	130370	3260	544867
130165	130380	2298	246330
130165	130390	3404	596613
130165	130395	3857	413409
130165	130400	2393	164671
130165	130406	3632	678994
130165	130410	2339	371979
130165	130420	2216	237488
130165	130423	3226	532584
130165	130426	2777	370999
130165	130430	3886	416446
130165	130440	3745	401319
130170	130002	1361	275896
130170	130006	1952	488189
130170	130008	906	112099
130170	130010	943	125509
130170	130014	400	46792
130170	130020	2300	605741
130170	130030	1377	147590
130170	130040	1631	174779
130170	130050	1206	250687
130170	130060	2270	603486
130170	130063	944	125856
130170	130068	1274	275400
130170	130070	875	52088
130170	130080	1020	183814
130170	130083	1136	121733
130170	130090	445	105033
130170	130100	1162	124525
130170	130110	574	57408
130170	130115	1336	143209
130170	130120	1130	192837
130170	130130	1013	134073
130170	130140	1705	182757
130170	130150	1731	185468
130170	130160	1584	355235
130170	130165	1378	77208
130170	130170	0	0
130170	130180	2145	229868
130170	130185	737	70730
130170	130190	965	84204
130170	130195	1319	141373
130170	130200	1033	88304
130170	130210	1716	183853
130170	130220	1257	134712
130170	130230	1707	400736
130170	130240	216	22777
130170	130250	799	73753
130170	130255	628	60706
130170	130260	697	67978
130170	130270	359	128062
130170	130280	1541	165183
130170	130290	1333	296780
130170	130300	2053	220035
130170	130310	934	152804
130170	130320	893	78873
130170	130330	678	63587
130170	130340	1159	233777
130170	130350	804	234192
130170	130353	822	75134
130170	130356	775	72926
130170	130360	1836	196734
130170	130370	1897	468795
130170	130380	2095	224562
130170	130390	2041	520540
130170	130395	1777	190469
130170	130400	1030	88598
130170	130406	2269	602921
130170	130410	976	295907
130170	130420	1118	119805
130170	130423	1863	456511
130170	130426	1414	294926
130170	130430	1802	193141
130170	130440	1629	174582
130180	130002	1957	209735
130180	130006	1260	135065
130180	130008	2694	288761
130180	130010	2622	280983
130180	130014	2920	312896
130180	130020	765	81968
130180	130030	3235	346749
130180	130040	2653	284373
130180	130050	3782	405361
130180	130060	785	84121
130180	130063	2680	287166
130180	130068	3646	390762
130180	130070	1141	122292
130180	130080	3074	329444
130180	130083	2762	296028
130180	130090	1812	194194
130180	130100	1305	139878
130180	130110	2925	313466
130180	130115	3097	331929
130180	130120	2247	240817
130180	130130	2520	270111
130180	130140	460	49341
130180	130150	422	45220
130180	130160	1792	191997
130180	130165	253	27110
130180	130170	2145	229868
130180	130180	0	0
130180	130185	3006	322146
130180	130190	3431	367740
130180	130195	865	92729
130180	130200	3559	381395
130180	130210	1738	186239
130180	130220	1658	177725
130180	130230	1627	174397
130180	130240	1708	183027
130180	130250	2903	311122
130180	130255	2930	314042
130180	130260	3058	327733
130180	130270	2593	277863
130180	130280	1995	213830
130180	130290	3586	384331
130180	130300	3912	419215
130180	130310	3225	345583
130180	130320	2887	309431
130180	130330	2845	304891
130180	130340	3873	415110
130180	130350	1171	125529
130180	130353	3153	337905
130180	130356	3170	339751
130180	130360	2342	250965
130180	130370	1352	144879
130180	130380	2069	221789
130180	130390	1124	120432
130180	130395	3610	386876
130180	130400	3508	376000
130180	130406	825	88423
130180	130410	2136	228948
130180	130420	1963	210393
130180	130423	1426	152858
130180	130426	1913	205010
130180	130430	3638	389914
130180	130440	3499	374966
130185	130002	651	207732
130185	130006	1241	420025
130185	130008	195	43935
130185	130010	233	57346
130185	130014	1136	117222
130185	130020	1590	537577
130185	130030	274	29388
130185	130040	893	95724
130185	130050	548	185528
130185	130060	1560	535322
130185	130063	234	57693
130185	130068	617	210241
130185	130070	1596	121647
130185	130080	362	118655
130185	130083	254	27244
130185	130090	1120	172151
130185	130100	1716	183880
130185	130110	162	13321
130185	130115	92	9838
130185	130120	420	124673
130185	130130	303	65909
130185	130140	2548	273110
130185	130150	2653	284357
130185	130160	874	287071
130185	130165	2099	146767
130185	130170	736	70622
130185	130180	3006	322146
130185	130185	0	0
130185	130190	304	18864
130185	130195	2152	230589
130185	130200	372	22965
130185	130210	1732	185593
130185	130220	1462	156664
130185	130230	997	332573
130185	130240	891	89896
130185	130250	89	5589
130185	130255	188	15456
130185	130260	40	2813
130185	130270	1094	198492
130185	130280	1385	148472
130185	130290	676	231620
130185	130300	906	97089
130185	130310	276	87645
130185	130320	183	10709
130185	130330	1413	134017
130185	130340	502	168618
130185	130350	1478	301310
130185	130353	159	9673
130185	130356	114	7586
130185	130360	1399	149926
130185	130370	1186	400631
130185	130380	1887	202232
130185	130390	1331	452376
130185	130395	604	64755
130185	130400	369	23259
130185	130406	1559	534757
130185	130410	746	242193
130185	130420	1125	120593
130185	130423	1152	388347
130185	130426	703	226762
130185	130430	633	67797
130185	130440	507	54308
130190	130002	930	224113
130190	130006	1521	436406
130190	130008	475	60316
130190	130010	512	73727
130190	130014	1364	130923
130190	130020	1869	553958
130190	130030	204	21842
130190	130040	1243	133181
130190	130050	781	199281
130190	130060	1839	551703
130190	130063	513	74073
130190	130068	849	223994
130190	130070	1824	135348
130190	130080	595	132408
130190	130083	691	74074
130190	130090	1348	185852
130190	130100	2148	230243
130190	130110	390	27022
130190	130115	346	37121
130190	130120	699	141054
130190	130130	582	82290
130190	130140	2972	318541
130190	130150	3070	329021
130190	130160	1153	303452
130190	130165	2327	160468
130190	130170	964	84323
130190	130180	3431	367740
130190	130185	306	18947
130190	130190	0	0
130190	130195	2572	275667
130190	130200	153	9321
130190	130210	2155	230978
130190	130220	1899	203470
130190	130230	1276	348954
130190	130240	1119	103596
130190	130250	368	21970
130190	130255	416	29157
130190	130260	273	16566
130190	130270	1322	212193
130190	130280	1804	193341
130190	130290	908	245373
130190	130300	490	52463
130190	130310	509	101398
130190	130320	462	27090
130190	130330	1641	147718
130190	130340	734	182371
130190	130350	1706	315011
130190	130353	323	20216
130190	130356	191	11687
130190	130360	1774	190164
130190	130370	1465	417012
130190	130380	2279	244280
130190	130390	1610	468757
130190	130395	201	21527
130190	130400	151	9615
130190	130406	1838	551138
130190	130410	1026	258574
130190	130420	1562	167368
130190	130423	1432	404728
130190	130426	982	243143
130190	130430	226	24216
130190	130440	70	7476
130195	130002	1173	125662
130195	130006	766	82043
130195	130008	1842	197448
130195	130010	1769	189541
130195	130014	2078	222733
130195	130020	706	75650
130195	130030	2375	254488
130195	130040	1900	203650
130195	130050	2923	313206
130195	130060	679	72812
130195	130063	1823	195350
130195	130068	2786	298605
130195	130070	613	65704
130195	130080	2209	236784
130195	130083	1913	205010
130195	130090	957	102512
130195	130100	513	55012
130195	130110	2065	221332
130195	130115	2242	240305
130195	130120	1398	149875
130195	130130	1668	178778
130195	130140	405	43444
130195	130150	506	54253
130195	130160	1116	119613
130195	130165	1107	118608
130195	130170	1319	141373
130195	130180	865	92729
130195	130185	2152	230589
130195	130190	2572	275667
130195	130195	0	0
130195	130200	2702	289569
130195	130210	1179	126320
130195	130220	919	98473
130195	130230	993	106437
130195	130240	881	94375
130195	130250	2051	219770
130195	130255	2075	222416
130195	130260	2205	236297
130195	130270	1730	185418
130195	130280	1320	141462
130195	130290	2724	291914
130195	130300	3056	327473
130195	130310	2362	253097
130195	130320	2049	219588
130195	130330	1980	212174
130195	130340	3014	323006
130195	130350	443	47438
130195	130353	2317	248305
130195	130356	2321	248776
130195	130360	1703	182464
130195	130370	834	89341
130195	130380	1598	171210
130195	130390	760	81461
130195	130395	2754	295163
130195	130400	2651	284138
130195	130406	694	74384
130195	130410	1271	136235
130195	130420	1169	125294
130195	130423	900	96478
130195	130426	1155	123766
130195	130430	2782	298194
130195	130440	2639	282826
130200	130002	999	228236
130200	130006	1589	440530
130200	130008	543	64440
130200	130010	581	77850
130200	130014	1432	135047
130200	130020	1937	558081
130200	130030	345	36948
130200	130040	1298	139146
130200	130050	849	203404
130200	130060	1908	555826
130200	130063	581	78197
130200	130068	918	228117
130200	130070	1893	139471
130200	130080	663	136531
130200	130083	805	86308
130200	130090	1416	189975
130200	130100	2270	243297
130200	130110	459	31145
130200	130115	463	49581
130200	130120	768	145178
130200	130130	650	86414
130200	130140	3100	332280
130200	130150	3202	343108
130200	130160	1222	307575
130200	130165	2396	164591
130200	130170	1032	88447
130200	130180	3559	381395
130200	130185	375	23070
130200	130190	153	9343
130200	130195	2702	289569
130200	130200	0	0
130200	130210	2245	240593
130200	130220	2007	215142
130200	130230	1345	353077
130200	130240	1187	107720
130200	130250	437	26093
130200	130255	485	33280
130200	130260	341	20689
130200	130270	1391	216316
130200	130280	1891	202653
130200	130290	977	249497
130200	130300	354	37936
130200	130310	577	105521
130200	130320	531	31214
130200	130330	1709	151841
130200	130340	803	186494
130200	130350	1775	319135
130200	130353	392	24340
130200	130356	260	15811
130200	130360	1836	196722
130200	130370	1534	421135
130200	130380	2347	251518
130200	130390	1678	472881
130200	130395	58	6236
130200	130400	36	2726
130200	130406	1906	555261
130200	130410	1094	262698
130200	130420	1670	178989
130200	130423	1500	408852
130200	130426	1051	247267
130200	130430	84	8973
130200	130440	103	10985
130210	130002	640	68554
130210	130006	478	51268
130210	130008	1455	155960
130210	130010	1409	151019
130210	130014	2209	236753
130210	130020	1008	108030
130210	130030	2005	214906
130210	130040	1040	111409
130210	130050	2484	266256
130210	130060	977	104699
130210	130063	1489	159555
130210	130068	2360	252902
130210	130070	1716	183884
130210	130080	1948	208762
130210	130083	1487	159337
130210	130090	1329	142390
130210	130100	748	80209
130210	130110	1723	184629
130210	130115	1816	194624
130210	130120	1107	118594
130210	130130	1324	141856
130210	130140	1391	149092
130210	130150	1577	169057
130210	130160	274	29342
130210	130165	1980	212179
130210	130170	1716	183853
130210	130180	1738	186239
130210	130185	1732	185593
130210	130190	2155	230978
130210	130195	1179	126320
130210	130200	2245	240593
130210	130210	0	0
130210	130220	460	49343
130210	130230	222	23786
130210	130240	1449	155338
130210	130250	1628	174481
130210	130255	1674	179412
130210	130260	1766	189303
130210	130270	1723	184699
130210	130280	356	38193
130210	130290	2342	250970
130210	130300	2563	274648
130210	130310	2032	217814
130210	130320	1519	162744
130210	130330	1835	196628
130210	130340	2563	274679
130210	130350	1454	155787
130210	130353	1737	186201
130210	130356	1830	196109
130210	130360	613	65728
130210	130370	387	41514
130210	130380	434	46544
130210	130390	625	66982
130210	130395	2281	244477
130210	130400	2203	236078
130210	130406	940	100691
130210	130410	1330	142495
130210	130420	678	72661
130210	130423	312	33459
130210	130426	534	57245
130210	130430	2308	247351
130210	130440	2224	238339
130220	130002	317	34007
130220	130006	536	57411
130220	130008	1158	124054
130220	130010	1097	117580
130220	130014	1792	192021
130220	130020	1052	112697
130220	130030	1725	184853
130220	130040	998	106989
130220	130050	2244	240531
130220	130060	1013	108532
130220	130063	1172	125568
130220	130068	2112	226367
130220	130070	1358	145509
130220	130080	1626	174221
130220	130083	1208	129425
130220	130090	868	93068
130220	130100	409	43826
130220	130110	1421	152291
130220	130115	1552	166349
130220	130120	742	79546
130220	130130	1000	107126
130220	130140	1238	132638
130220	130150	1397	149671
130220	130160	240	25675
130220	130165	1911	204808
130220	130170	1257	134712
130220	130180	1658	177725
130220	130185	1462	156664
130220	130190	1899	203470
130220	130195	919	98473
130220	130200	2007	215142
130220	130210	460	49343
130220	130220	0	0
130220	130230	254	27191
130220	130240	996	106761
130220	130250	1355	145182
130220	130255	1394	149373
130220	130260	1506	161386
130220	130270	1319	141352
130220	130280	417	44710
130220	130290	2076	222467
130220	130300	2348	251604
130220	130310	1737	186203
130220	130320	1290	138232
130220	130330	1471	157638
130220	130340	2330	249699
130220	130350	1083	116023
130220	130353	1542	165289
130220	130356	1595	170977
130220	130360	803	86101
130220	130370	479	51331
130220	130380	868	93058
130220	130390	717	76816
130220	130395	2052	219862
130220	130400	1961	210119
130220	130406	986	105680
130220	130410	892	95627
130220	130420	337	36153
130220	130423	454	48699
130220	130426	255	27350
130220	130430	2080	222870
130220	130440	1968	210944
130230	130002	351	126308
130230	130006	245	87807
130230	130008	812	292422
130230	130010	778	279745
130230	130014	2107	447213
130230	130020	593	205358
130230	130030	1914	205073
130230	130040	1054	112935
130230	130050	1519	515519
130230	130060	564	203104
130230	130063	833	299875
130230	130068	1588	540232
130230	130070	2568	451638
130230	130080	1333	448646
130230	130083	1392	149198
130230	130090	2091	502142
130230	130100	535	57288
130230	130110	1133	343312
130230	130115	1732	185605
130230	130120	581	209248
130230	130130	847	288309
130230	130140	1246	133570
130230	130150	1424	152634
130230	130160	134	47032
130230	130165	3070	476758
130230	130170	1707	400613
130230	130180	1627	174397
130230	130185	996	332405
130230	130190	1275	348855
130230	130195	993	106437
130230	130200	1343	352956
130230	130210	222	23786
130230	130220	254	27191
130230	130230	0	0
130230	130240	1862	419887
130230	130250	909	327226
130230	130255	1159	345447
130230	130260	1012	332804
130230	130270	2065	528483
130230	130280	369	39584
130230	130290	1647	561611
130230	130300	2507	268703
130230	130310	1247	417636
130230	130320	1015	333078
130230	130330	2384	464008
130230	130340	1473	498609
130230	130350	2450	631301
130230	130353	1130	339664
130230	130356	1085	337577
130230	130360	724	77640
130230	130370	190	68412
130230	130380	653	69967
130230	130390	335	120158
130230	130395	2217	237609
130230	130400	1341	353250
130230	130406	562	202539
130230	130410	1346	484376
130230	130420	535	57334
130230	130423	156	56129
130230	130426	313	112825
130230	130430	2245	240564
130230	130440	2146	230005
130240	130002	1516	295219
130240	130006	2107	507513
130240	130008	1061	131423
130240	130010	1099	144833
130240	130014	616	69377
130240	130020	2455	625064
130240	130030	1678	179811
130240	130040	1635	175228
130240	130050	1361	270011
130240	130060	2426	622810
130240	130063	1099	145180
130240	130068	1429	294723
130240	130070	1077	73801
130240	130080	1175	203138
130240	130083	1323	141767
130240	130090	229	82315
130240	130100	791	84780
130240	130110	730	76732
130240	130115	1594	170831
130240	130120	1285	212161
130240	130130	1168	153397
130240	130140	1266	135661
130240	130150	1297	138953
130240	130160	1739	374558
130240	130165	1579	98921
130240	130170	216	22777
130240	130180	1708	183027
130240	130185	893	90053
130240	130190	1120	103527
130240	130195	881	94375
130240	130200	1188	107628
130240	130210	1449	155338
130240	130220	996	106761
130240	130230	1862	420060
130240	130240	0	0
130240	130250	954	93077
130240	130255	783	80030
130240	130260	852	87302
130240	130270	575	150646
130240	130280	1358	145519
130240	130290	1489	316103
130240	130300	2370	253986
130240	130310	1089	172128
130240	130320	1049	98197
130240	130330	893	86171
130240	130340	1315	253101
130240	130350	588	211474
130240	130353	977	94458
130240	130356	930	92249
130240	130360	1706	182878
130240	130370	2052	488118
130240	130380	1864	199805
130240	130390	2196	539864
130240	130395	2079	222774
130240	130400	1185	107922
130240	130406	2424	622245
130240	130410	760	273189
130240	130420	975	104502
130240	130423	2018	475835
130240	130426	1569	314250
130240	130430	2106	225651
130240	130440	1942	208074
130250	130002	563	202356
130250	130006	1154	414650
130250	130008	108	38560
130250	130010	145	51970
130250	130014	1198	120194
130250	130020	1502	532201
130250	130030	377	40442
130250	130040	818	87639
130250	130050	611	188499
130250	130060	1472	529947
130250	130063	146	52317
130250	130068	679	213212
130250	130070	1659	124618
130250	130080	425	121626
130250	130083	147	15760
130250	130090	1182	175123
130250	130100	1611	172621
130250	130110	225	16293
130250	130115	198	21244
130250	130120	332	119298
130250	130130	215	60534
130250	130140	2446	262152
130250	130150	2553	273646
130250	130160	786	281695
130250	130165	2162	149738
130250	130170	799	73594
130250	130180	2903	311122
130250	130185	88	5385
130250	130190	367	21836
130250	130195	2051	219770
130250	130200	435	25936
130250	130210	1628	174481
130250	130220	1355	145182
130250	130230	909	327197
130250	130240	954	92867
130250	130250	0	0
130250	130255	251	18428
130250	130260	103	5785
130250	130270	1157	201463
130250	130280	1283	137547
130250	130290	739	234592
130250	130300	1010	108237
130250	130310	339	90616
130250	130320	107	6059
130250	130330	1476	136988
130250	130340	565	171589
130250	130350	1541	304282
130250	130353	222	12644
130250	130356	177	10558
130250	130360	1311	140460
130250	130370	1098	395255
130250	130380	1792	192077
130250	130390	1243	447001
130250	130395	709	75936
130250	130400	432	26230
130250	130406	1471	529382
130250	130410	659	236818
130250	130420	1018	109116
130250	130423	1065	382972
130250	130426	615	221387
130250	130430	737	78979
130250	130440	614	65788
130255	130002	814	220753
130255	130006	1404	433047
130255	130008	358	56956
130255	130010	396	70367
130255	130014	1028	107330
130255	130020	1753	550598
130255	130030	333	35698
130255	130040	869	93114
130255	130050	658	195545
130255	130060	1723	548343
130255	130063	397	70714
130255	130068	727	220257
130255	130070	1489	111754
130255	130080	472	128671
130255	130083	188	20184
130255	130090	1012	162258
130255	130100	1642	175949
130255	130110	55	3428
130255	130115	167	17896
130255	130120	583	137694
130255	130130	466	78931
130255	130140	2473	264980
130255	130150	2577	276155
130255	130160	1037	300092
130255	130165	1992	136874
130255	130170	628	60730
130255	130180	2930	314042
130255	130185	190	15587
130255	130190	417	29061
130255	130195	2075	222416
130255	130200	485	33161
130255	130210	1674	179412
130255	130220	1394	149373
130255	130230	1160	345594
130255	130240	783	80003
130255	130250	252	18610
130255	130255	0	0
130255	130260	150	12836
130255	130270	987	188599
130255	130280	1331	142625
130255	130290	786	241637
130255	130300	981	105173
130255	130310	386	97661
130255	130320	346	23730
130255	130330	1305	124124
130255	130340	612	178634
130255	130350	1371	291418
130255	130353	274	19991
130255	130356	228	17783
130255	130360	1362	145934
130255	130370	1349	413652
130255	130380	1842	197438
130255	130390	1494	465397
130255	130395	680	72834
130255	130400	483	33456
130255	130406	1722	547778
130255	130410	909	255214
130255	130420	1058	113386
130255	130423	1315	401369
130255	130426	866	239783
130255	130430	708	75874
130255	130440	577	61880
130260	130002	666	208072
130260	130006	1256	420366
130260	130008	210	44276
130260	130010	248	57686
130260	130014	1098	114702
130260	130020	1604	537917
130260	130030	248	26612
130260	130040	903	96795
130260	130050	509	182799
130260	130060	1575	535662
130260	130063	248	58033
130260	130068	578	207512
130260	130070	1559	119126
130260	130080	323	115926
130260	130083	300	32195
130260	130090	1082	169631
130260	130100	1766	189255
130260	130110	125	10801
130260	130115	50	5405
130260	130120	435	125014
130260	130130	317	66250
130260	130140	2601	278740
130260	130150	2707	290117
130260	130160	889	287411
130260	130165	2061	144247
130260	130170	698	68102
130260	130180	3058	327733
130260	130185	42	2906
130260	130190	272	16628
130260	130195	2205	236297
130260	130200	341	20728
130260	130210	1766	189303
130260	130220	1506	161386
130260	130230	1012	332913
130260	130240	853	87375
130260	130250	104	5929
130260	130255	151	12936
130260	130260	0	0
130260	130270	1057	195971
130260	130280	1418	151937
130260	130290	637	228892
130260	130300	855	91597
130260	130310	237	84916
130260	130320	198	11050
130260	130330	1375	131497
130260	130340	463	165889
130260	130350	1441	298790
130260	130353	127	7436
130260	130356	83	5350
130260	130360	1417	151904
130260	130370	1201	400971
130260	130380	1911	204784
130260	130390	1345	452717
130260	130395	553	59299
130260	130400	338	21022
130260	130406	1573	535098
130260	130410	761	242534
130260	130420	1169	125260
130260	130423	1167	388688
130260	130426	718	227103
130260	130430	582	62342
130260	130440	463	49627
130270	130002	1719	403765
130270	130006	2310	616059
130270	130008	1264	239968
130270	130010	1302	253379
130270	130014	752	173961
130270	130020	2658	733610
130270	130030	775	83006
130270	130040	1273	136442
130270	130050	811	291406
130270	130060	2629	731355
130270	130063	1302	253726
130270	130068	879	316118
130270	130070	1233	179957
130270	130080	293	105248
130270	130083	619	66312
130270	130090	803	232902
130270	130100	1409	151046
130270	130110	933	185278
130270	130115	746	79983
130270	130120	1488	320706
130270	130130	1371	261943
130270	130140	2135	228799
130270	130150	2200	235768
130270	130160	1942	483104
130270	130165	1736	205077
130270	130170	359	128062
130270	130180	2593	277863
130270	130185	1096	198599
130270	130190	1323	212073
130270	130195	1730	185418
130270	130200	1391	216173
130270	130210	1723	184699
130270	130220	1319	141352
130270	130230	2065	528606
130270	130240	574	150647
130270	130250	1157	201622
130270	130255	986	188575
130270	130260	1055	195848
130270	130270	0	0
130270	130280	1447	155047
130270	130290	939	337498
130270	130300	1453	155746
130270	130310	380	136570
130270	130320	1252	206742
130270	130330	1029	190756
130270	130340	764	274496
130270	130350	1162	362062
130270	130353	1180	203003
130270	130356	1133	200795
130270	130360	1632	174897
130270	130370	2255	596664
130270	130380	2017	216163
130270	130390	2399	648409
130270	130395	1175	125892
130270	130400	1388	216467
130270	130406	2627	730790
130270	130410	1334	423776
130270	130420	1046	112115
130270	130423	2221	584381
130270	130426	1772	422795
130270	130430	1200	128581
130270	130440	1027	110111
130280	130002	386	41387
130280	130006	756	81072
130280	130008	1120	120067
130280	130010	1081	115814
130280	130014	1939	207752
130280	130020	1308	140200
130280	130030	1660	177855
130280	130040	695	74511
130280	130050	2130	228299
130280	130060	1273	136461
130280	130063	1161	124402
130280	130068	2007	215063
130280	130070	1775	190176
130280	130080	1616	173171
130280	130083	1145	122747
130280	130090	1198	128430
130280	130100	820	87906
130280	130110	1385	148484
130280	130115	1468	157296
130280	130120	818	87704
130280	130130	1003	107451
130280	130140	1605	171967
130280	130150	1777	190397
130280	130160	207	22198
130280	130165	2244	240538
130280	130170	1541	165183
130280	130180	1995	213830
130280	130185	1385	148472
130280	130190	1804	193341
130280	130195	1320	141462
130280	130200	1891	202653
130280	130210	356	38193
130280	130220	417	44710
130280	130230	369	39584
130280	130240	1358	145519
130280	130250	1283	137547
130280	130255	1331	142625
130280	130260	1418	151937
130280	130270	1447	155047
130280	130280	0	0
130280	130290	1992	213436
130280	130300	2207	236491
130280	130310	1690	181157
130280	130320	1166	124974
130280	130330	1525	163398
130280	130340	2208	236640
130280	130350	1499	160627
130280	130353	1381	148037
130280	130356	1477	158253
130280	130360	387	41439
130280	130370	669	71656
130280	130380	573	61356
130280	130390	929	99595
130280	130395	1926	206450
130280	130400	1849	198205
130280	130406	1239	132794
130280	130410	1107	118604
130280	130420	427	45727
130280	130423	603	64663
130280	130426	295	31615
130280	130430	1953	209307
130280	130440	1872	200658
130290	130002	1303	436946
130290	130006	1893	649240
130290	130008	847	273149
130290	130010	885	286560
130290	130014	1489	273044
130290	130020	2242	766791
130290	130030	354	37948
130290	130040	1431	153403
130290	130050	129	46309
130290	130060	2212	764536
130290	130063	886	286907
130290	130068	61	21530
130290	130070	2194	347824
130290	130080	646	232328
130290	130083	869	93111
130290	130090	1718	398328
130290	130100	2313	247875
130290	130110	760	239498
130290	130115	527	56517
130290	130120	1072	353887
130290	130130	955	295124
130290	130140	3126	335034
130290	130150	3218	344821
130290	130160	1526	516285
130290	130165	2697	372944
130290	130170	1334	296799
130290	130180	3586	384331
130290	130185	679	231780
130290	130190	909	245478
130290	130195	2724	291914
130290	130200	977	249579
130290	130210	2342	250970
130290	130220	2076	222467
130290	130230	1649	561787
130290	130240	1489	316072
130290	130250	741	234803
130290	130255	786	241633
130290	130260	637	228897
130290	130270	939	337483
130290	130280	1992	213436
130290	130290	0	0
130290	130300	389	41721
130290	130310	560	201318
130290	130320	835	239923
130290	130330	1748	288691
130290	130340	178	63376
130290	130350	2076	527487
130290	130353	764	236287
130290	130356	720	234200
130290	130360	1964	210473
130290	130370	1838	629845
130290	130380	2469	264617
130290	130390	1983	681590
130290	130395	208	22275
130290	130400	975	249873
130290	130406	2211	763971
130290	130410	1398	471407
130290	130420	1740	186463
130290	130423	1804	617562
130290	130426	1355	455976
130290	130430	212	22738
130290	130440	127	13640
130300	130002	2031	217680
130300	130006	2877	308280
130300	130008	1218	130557
130300	130010	1290	138256
130300	130014	1477	158255
130300	130020	3397	364015
130300	130030	693	74271
130300	130040	1577	169048
130300	130050	175	18788
130300	130060	3357	359803
130300	130063	1233	132131
130300	130068	291	31205
130300	130070	3114	333676
130300	130080	901	96526
130300	130083	1154	123650
130300	130090	2192	234929
130300	130100	2620	280836
130300	130110	993	106449
130300	130115	814	87289
130300	130120	1666	178578
130300	130130	1392	149155
130300	130140	3454	370136
130300	130150	3555	381041
130300	130160	2338	250583
130300	130165	4159	445743
130300	130170	2053	220035
130300	130180	3912	419215
130300	130185	906	97089
130300	130190	490	52463
130300	130195	3056	327473
130300	130200	354	37936
130300	130210	2563	274648
130300	130220	2348	251604
130300	130230	2507	268703
130300	130240	2370	253986
130300	130250	1010	108237
130300	130255	981	105173
130300	130260	855	91597
130300	130270	1453	155746
130300	130280	2207	236491
130300	130290	389	41721
130300	130300	0	0
130300	130310	727	77864
130300	130320	1059	113516
130300	130330	1167	125116
130300	130340	110	11770
130300	130350	2900	310793
130300	130353	825	88456
130300	130356	753	80673
130300	130360	2115	226710
130300	130370	2806	300763
130300	130380	2633	282131
130300	130390	3060	327918
130300	130395	302	32339
130300	130400	405	43403
130300	130406	3332	357135
130300	130410	1822	195302
130300	130420	2011	215493
130300	130423	2760	295793
130300	130426	2111	226285
130300	130430	273	29299
130300	130440	428	45916
130310	130002	903	292985
130310	130006	1494	505279
130310	130008	447	129189
130310	130010	485	142599
130310	130014	1334	199439
130310	130020	1842	622830
130310	130030	78	8351
130310	130040	1202	128824
130310	130050	432	155241
130310	130060	1812	620576
130310	130063	486	142946
130310	130068	501	179953
130310	130070	1794	203863
130310	130080	88	31415
130310	130083	546	58485
130310	130090	1318	254368
130310	130100	1957	209756
130310	130110	360	95538
130310	130115	252	27009
130310	130120	672	209927
130310	130130	555	151163
130310	130140	2764	296266
130310	130150	2855	305932
130310	130160	1126	372324
130310	130165	2297	228983
130310	130170	934	152839
130310	130180	3225	345583
130310	130185	279	87820
130310	130190	509	101518
130310	130195	2362	253097
130310	130200	578	105618
130310	130210	2032	217814
130310	130220	1737	186203
130310	130230	1249	417826
130310	130240	1089	172112
130310	130250	341	90843
130310	130255	386	97673
130310	130260	237	84937
130310	130270	380	136570
130310	130280	1690	181157
130310	130290	560	201333
130310	130300	727	77864
130310	130310	0	0
130310	130320	435	95963
130310	130330	1611	216233
130310	130340	386	138331
130310	130350	1676	383527
130310	130353	364	92326
130310	130356	320	90240
130310	130360	1712	183476
130310	130370	1438	485884
130310	130380	2199	235696
130310	130390	1583	537630
130310	130395	448	47995
130310	130400	575	105912
130310	130406	1811	620011
130310	130410	998	327447
130310	130420	1405	150568
130310	130423	1404	473601
130310	130426	955	312016
130310	130430	472	50600
130310	130440	299	32058
130320	130002	669	208294
130320	130006	1259	420588
130320	130008	213	44498
130320	130010	251	57908
130320	130014	1293	125437
130320	130020	1608	538139
130320	130030	512	54921
130320	130040	642	68849
130320	130050	705	193743
130320	130060	1578	535885
130320	130063	252	58255
130320	130068	774	218455
130320	130070	1754	129861
130320	130080	520	126869
130320	130083	188	20201
130320	130090	1277	180366
130320	130100	1584	169747
130320	130110	320	21536
130320	130115	314	33668
130320	130120	438	125236
130320	130130	321	66472
130320	130140	2435	261013
130320	130150	2555	273807
130320	130160	892	287633
130320	130165	2257	154981
130320	130170	893	78837
130320	130180	2887	309431
130320	130185	182	10628
130320	130190	461	27079
130320	130195	2049	219588
130320	130200	529	31179
130320	130210	1519	162744
130320	130220	1290	138232
130320	130230	1015	333135
130320	130240	1048	98110
130320	130250	107	6152
130320	130255	346	23671
130320	130260	198	11028
130320	130270	1252	206706
130320	130280	1166	124974
130320	130290	833	239835
130320	130300	1059	113516
130320	130310	433	95859
130320	130320	0	0
130320	130330	1570	142231
130320	130340	659	176832
130320	130350	1636	309525
130320	130353	316	17887
130320	130356	272	15801
130320	130360	1153	123588
130320	130370	1204	401194
130320	130380	1648	176644
130320	130390	1349	452939
130320	130395	767	82228
130320	130400	527	31473
130320	130406	1577	535320
130320	130410	764	242756
130320	130420	954	102214
130320	130423	1170	388910
130320	130426	721	227325
130320	130430	795	85181
130320	130440	706	75696
130330	130002	2038	339289
130330	130006	2629	551583
130330	130008	1583	175493
130330	130010	1620	188903
130330	130014	278	16878
130330	130020	2977	669134
130330	130030	494	52941
130330	130040	1214	130098
130330	130050	1621	242621
130330	130060	2947	666880
130330	130063	1621	189250
130330	130068	1689	267333
130330	130070	1552	115481
130330	130080	1697	247207
130330	130083	492	52698
130330	130090	1122	168427
130330	130100	1621	173678
130330	130110	1251	120802
130330	130115	498	53359
130330	130120	1807	256231
130330	130130	1690	197467
130330	130140	2385	255613
130330	130150	2460	263685
130330	130160	2261	418628
130330	130165	2055	140601
130330	130170	678	63586
130330	130180	2845	304891
130330	130185	1414	134123
130330	130190	1641	147597
130330	130195	1980	212174
130330	130200	1710	151698
130330	130210	1835	196628
130330	130220	1471	157638
130330	130230	2384	464130
130330	130240	893	86171
130330	130250	1476	137147
130330	130255	1305	124100
130330	130260	1374	131372
130330	130270	1029	190755
130330	130280	1525	163398
130330	130290	1748	288713
130330	130300	1167	125116
130330	130310	1611	216197
130330	130320	1570	142267
130330	130330	0	0
130330	130340	1574	225711
130330	130350	1481	297586
130330	130353	1499	138528
130330	130356	1452	136319
130330	130360	1646	176355
130330	130370	2573	532188
130330	130380	2080	222875
130330	130390	2718	583934
130330	130395	891	95502
130330	130400	1707	151992
130330	130406	2946	666315
130330	130410	1653	359300
130330	130420	1164	124700
130330	130423	2540	519905
130330	130426	2091	358320
130330	130430	916	98141
130330	130440	742	79551
130340	130002	1128	373955
130340	130006	1718	586249
130340	130008	672	210159
130340	130010	710	223569
130340	130014	1314	210054
130340	130020	2067	703800
130340	130030	640	68638
130340	130040	1597	171167
130340	130050	49	17295
130340	130060	2037	701546
130340	130063	711	223916
130340	130068	117	42008
130340	130070	2019	284833
130340	130080	471	169337
130340	130083	1127	120740
130340	130090	1543	335337
130340	130100	2589	277481
130340	130110	585	176507
130340	130115	782	83857
130340	130120	897	290897
130340	130130	780	232133
130340	130140	3414	365906
130340	130150	3511	376278
130340	130160	1351	453294
130340	130165	2522	309953
130340	130170	1159	233809
130340	130180	3873	415110
130340	130185	504	168789
130340	130190	734	182487
130340	130195	3014	323006
130340	130200	803	186588
130340	130210	2563	274679
130340	130220	2330	249699
130340	130230	1474	498796
130340	130240	1314	253082
130340	130250	566	171813
130340	130255	611	178642
130340	130260	462	165907
130340	130270	764	274492
130340	130280	2208	236640
130340	130290	177	63387
130340	130300	110	11770
130340	130310	385	138327
130340	130320	660	176933
130340	130330	1573	225700
130340	130340	0	0
130340	130350	1901	464497
130340	130353	589	173296
130340	130356	545	171210
130340	130360	2136	228909
130340	130370	1663	566854
130340	130380	2651	284099
130340	130390	1808	618600
130340	130395	282	30207
130340	130400	800	186882
130340	130406	2036	700981
130340	130410	1223	408417
130340	130420	1993	213546
130340	130423	1629	554571
130340	130426	1180	392986
130340	130430	255	27333
130340	130440	375	40183
130350	130002	2104	506634
130350	130006	2695	718928
130350	130008	1649	342838
130350	130010	1686	356248
130350	130014	1204	280791
130350	130020	3043	836479
130350	130030	2207	236551
130350	130040	1961	210199
130350	130050	1948	481426
130350	130060	3013	834224
130350	130063	1687	356595
130350	130068	2017	506138
130350	130070	1664	285216
130350	130080	1763	414552
130350	130083	1805	193396
130350	130090	816	293584
130350	130100	706	75669
130350	130110	1317	288147
130350	130115	2105	225567
130350	130120	1873	423576
130350	130130	1756	364812
130350	130140	756	81002
130350	130150	752	80584
130350	130160	2327	585973
130350	130165	2167	310336
130350	130170	804	234191
130350	130180	1171	125529
130350	130185	1480	301468
130350	130190	1707	314942
130350	130195	443	47438
130350	130200	1776	319043
130350	130210	1454	155787
130350	130220	1083	116023
130350	130230	2450	631475
130350	130240	588	211474
130350	130250	1542	304491
130350	130255	1371	291445
130350	130260	1440	298717
130350	130270	1162	362061
130350	130280	1499	160627
130350	130290	2076	527518
130350	130300	2900	310793
130350	130310	1676	383542
130350	130320	1636	309612
130350	130330	1481	297586
130350	130340	1902	464516
130350	130350	0	0
130350	130353	1565	305873
130350	130356	1518	303664
130350	130360	1883	201812
130350	130370	2639	699533
130350	130380	1888	202292
130350	130390	2784	751279
130350	130395	2604	279043
130350	130400	1773	319337
130350	130406	3012	833660
130350	130410	1346	484457
130350	130420	1227	131458
130350	130423	2606	687250
130350	130426	2156	525665
130350	130430	2631	281992
130350	130440	2473	265043
130353	130002	785	214889
130353	130006	1376	427183
130353	130008	330	51092
130353	130010	367	64503
130353	130014	1222	121703
130353	130020	1724	544734
130353	130030	440	47188
130353	130040	772	82759
130353	130050	636	190057
130353	130060	1694	542479
130353	130063	368	64850
130353	130068	704	214770
130353	130070	1683	126128
130353	130080	450	123184
130353	130083	432	46299
130353	130090	1206	176632
130353	130100	1849	198111
130353	130110	249	17802
130353	130115	289	30926
130353	130120	554	131830
130353	130130	437	73067
130353	130140	2702	289607
130353	130150	2823	302534
130353	130160	1008	294228
130353	130165	2186	151248
130353	130170	822	75103
130353	130180	3153	337905
130353	130185	161	9723
130353	130190	323	20181
130353	130195	2317	248305
130353	130200	392	24281
130353	130210	1737	186201
130353	130220	1542	165289
130353	130230	1131	339730
130353	130240	977	94377
130353	130250	223	12746
130353	130255	275	19937
130353	130260	128	7342
130353	130270	1181	202973
130353	130280	1381	148037
130353	130290	763	236150
130353	130300	825	88456
130353	130310	363	92174
130353	130320	317	17867
130353	130330	1499	138498
130353	130340	589	173147
130353	130350	1565	305791
130353	130353	0	0
130353	130356	134	8903
130353	130360	1309	140323
130353	130370	1320	407788
130353	130380	1821	195206
130353	130390	1465	459533
130353	130395	553	59259
130353	130400	389	24575
130353	130406	1693	541914
130353	130410	880	249351
130353	130420	1209	129584
130353	130423	1287	395505
130353	130426	837	233920
130353	130430	578	61950
130353	130440	537	57526
130356	130002	741	212832
130356	130006	1331	425126
130356	130008	285	49036
130356	130010	323	62446
130356	130014	1174	119643
130356	130020	1679	542677
130356	130030	263	28229
130356	130040	912	97742
130356	130050	591	188000
130356	130060	1650	540423
130356	130063	324	62793
130356	130068	660	212713
130356	130070	1635	124067
130356	130080	405	121127
130356	130083	408	43773
130356	130090	1158	174572
130356	130100	1873	200685
130356	130110	201	15742
130356	130115	131	14063
130356	130120	510	129774
130356	130130	393	71010
130356	130140	2715	290929
130356	130150	2825	302762
130356	130160	964	292171
130356	130165	2138	149187
130356	130170	775	73043
130356	130180	3170	339751
130356	130185	117	7666
130356	130190	191	11685
130356	130195	2321	248776
130356	130200	259	15785
130356	130210	1830	196109
130356	130220	1595	170977
130356	130230	1087	337673
130356	130240	929	92316
130356	130250	179	10690
130356	130255	227	17877
130356	130260	84	5286
130356	130270	1133	200912
130356	130280	1477	158253
130356	130290	719	234093
130356	130300	753	80673
130356	130310	319	90117
130356	130320	273	15810
130356	130330	1451	136437
130356	130340	545	171090
130356	130350	1517	303731
130356	130353	134	8936
130356	130356	0	0
130356	130360	1442	154501
130356	130370	1276	405731
130356	130380	1946	208572
130356	130390	1421	457477
130356	130395	457	48954
130356	130400	257	16079
130356	130406	1648	539858
130356	130410	836	247294
130356	130420	1258	134846
130356	130423	1242	393448
130356	130426	793	231863
130356	130430	485	51941
130356	130440	399	42747
130360	130002	700	75030
130360	130006	1083	116064
130360	130008	1196	128146
130360	130010	1179	126356
130360	130014	2118	226956
130360	130020	1621	173738
130360	130030	1666	178509
130360	130040	539	57745
130360	130050	2068	221657
130360	130060	1590	170367
130360	130063	1255	134515
130360	130068	1958	209809
130360	130070	2159	231425
130360	130080	1676	179616
130360	130083	1195	128055
130360	130090	1531	164131
130360	130100	1207	129307
130360	130110	1438	154059
130360	130115	1467	157253
130360	130120	1026	109926
130360	130130	1127	120819
130360	130140	1971	211203
130360	130150	2148	230226
130360	130160	587	62858
130360	130165	2587	277234
130360	130170	1836	196734
130360	130180	2342	250965
130360	130185	1399	149926
130360	130190	1774	190164
130360	130195	1703	182464
130360	130200	1836	196722
130360	130210	613	65728
130360	130220	803	86101
130360	130230	724	77640
130360	130240	1706	182878
130360	130250	1311	140460
130360	130255	1362	145934
130360	130260	1417	151904
130360	130270	1632	174897
130360	130280	387	41439
130360	130290	1964	210473
130360	130300	2115	226710
130360	130310	1712	183476
130360	130320	1153	123588
130360	130330	1646	176355
130360	130340	2136	228909
130360	130350	1883	201812
130360	130353	1309	140323
130360	130356	1442	154501
130360	130360	0	0
130360	130370	991	106254
130360	130380	518	55551
130360	130390	1238	132662
130360	130395	1861	199437
130360	130400	1801	193040
130360	130406	1553	166387
130360	130410	1374	147278
130360	130420	735	78731
130360	130423	918	98413
130360	130426	639	68508
130360	130430	1885	202028
130360	130440	1838	196996
130370	130002	541	194367
130370	130006	61	21427
130370	130008	1002	360481
130370	130010	967	347803
130370	130014	2296	515272
130370	130020	409	138978
130370	130030	2199	235616
130370	130040	1360	145737
130370	130050	1708	583577
130370	130060	380	136724
130370	130063	1022	367934
130370	130068	1777	608290
130370	130070	2757	519696
130370	130080	1522	516704
130370	130083	1679	179914
130370	130090	2280	570200
130370	130100	513	54957
130370	130110	1323	411370
130370	130115	2022	216663
130370	130120	771	277306
130370	130130	1036	356367
130370	130140	1008	107989
130370	130150	1197	128255
130370	130160	323	115090
130370	130165	3260	544816
130370	130170	1896	468672
130370	130180	1352	144879
130370	130185	1185	400463
130370	130190	1464	416914
130370	130195	834	89341
130370	130200	1532	421014
130370	130210	387	41514
130370	130220	479	51331
130370	130230	190	68412
130370	130240	2051	487945
130370	130250	1099	395284
130370	130255	1349	413505
130370	130260	1201	400862
130370	130270	2255	596541
130370	130280	669	71656
130370	130290	1836	629670
130370	130300	2806	300763
130370	130310	1436	485694
130370	130320	1204	401136
130370	130330	2573	532066
130370	130340	1662	566667
130370	130350	2639	699360
130370	130353	1319	407722
130370	130356	1275	405636
130370	130360	991	106254
130370	130370	0	0
130370	130380	772	82694
130370	130390	150	53778
130370	130395	2514	269407
130370	130400	1530	421308
130370	130406	378	136159
130370	130410	1535	552435
130370	130420	809	86678
130370	130423	37	12979
130370	130426	503	180883
130370	130430	2542	272384
130370	130440	2437	261214
130380	130002	954	102219
130380	130006	853	91434
130380	130008	1653	177127
130380	130010	1623	173926
130380	130014	2509	268895
130380	130020	1309	140244
130380	130030	2159	231339
130380	130040	1055	113084
130380	130050	2581	276657
130380	130060	1285	137759
130380	130063	1702	182440
130380	130068	2468	264507
130380	130070	2148	230229
130380	130080	2146	229943
130380	130083	1665	178439
130380	130090	1728	185201
130380	130100	1183	126750
130380	130110	1909	204609
130380	130115	1961	210182
130380	130120	1389	148828
130380	130130	1554	166558
130380	130140	1770	189683
130380	130150	1962	210307
130380	130160	639	68527
130380	130165	2298	246330
130380	130170	2095	224562
130380	130180	2069	221789
130380	130185	1887	202232
130380	130190	2279	244280
130380	130195	1598	171210
130380	130200	2347	251518
130380	130210	434	46544
130380	130220	868	93058
130380	130230	653	69967
130380	130240	1864	199805
130380	130250	1792	192077
130380	130255	1842	197438
130380	130260	1911	204784
130380	130270	2017	216163
130380	130280	573	61356
130380	130290	2469	264617
130380	130300	2633	282131
130380	130310	2199	235696
130380	130320	1648	176644
130380	130330	2080	222875
130380	130340	2651	284099
130380	130350	1888	202292
130380	130353	1821	195206
130380	130356	1946	208572
130380	130360	518	55551
130380	130370	772	82694
130380	130380	0	0
130380	130390	951	101907
130380	130395	2374	254442
130380	130400	2311	247658
130380	130406	1245	133472
130380	130410	1675	179477
130380	130420	995	106600
130380	130423	700	75049
130380	130426	855	91590
130380	130430	2399	257086
130380	130440	2345	251273
130390	130002	685	246112
130390	130006	96	33699
130390	130008	1146	412226
130390	130010	1111	399549
130390	130014	2441	567017
130390	130020	263	86129
130390	130030	2441	261657
130390	130040	1622	173813
130390	130050	1853	635323
130390	130060	234	83875
130390	130063	1167	419679
130390	130068	1922	660035
130390	130070	2901	571441
130390	130080	1667	568449
130390	130083	1924	206226
130390	130090	2425	621946
130390	130100	617	66146
130390	130110	1467	463116
130390	130115	2269	243126
130390	130120	915	329052
130390	130130	1181	408112
130390	130140	831	89019
130390	130150	1026	109974
130390	130160	468	166836
130390	130165	3404	596562
130390	130170	2041	520417
130390	130180	1124	120432
130390	130185	1330	452208
130390	130190	1609	468659
130390	130195	760	81461
130390	130200	1677	472760
130390	130210	625	66982
130390	130220	717	76816
130390	130230	335	120158
130390	130240	2196	539690
130390	130250	1243	447030
130390	130255	1493	465251
130390	130260	1345	452608
130390	130270	2399	648286
130390	130280	929	99595
130390	130290	1981	681415
130390	130300	3060	327918
130390	130310	1581	537439
130390	130320	1349	452882
130390	130330	2718	583811
130390	130340	1807	618413
130390	130350	2783	751105
130390	130353	1464	459468
130390	130356	1419	457381
130390	130360	1238	132662
130390	130370	150	53778
130390	130380	951	101907
130390	130390	0	0
130390	130395	2765	296370
130390	130400	1674	473054
130390	130406	232	83310
130390	130410	1680	604180
130390	130420	1053	112877
130390	130423	181	64724
130390	130426	647	232629
130390	130430	2793	299364
130390	130440	2685	287721
130395	130002	1736	186021
130395	130006	2582	276753
130395	130008	917	98237
130395	130010	988	105920
130395	130014	1259	134899
130395	130020	3099	332090
130395	130030	402	43112
130395	130040	1323	141743
130395	130050	207	22222
130395	130060	3059	327870
130395	130063	931	99814
130395	130068	122	13042
130395	130070	2821	302363
130395	130080	624	66855
130395	130083	853	91415
130395	130090	1897	203343
130395	130100	2319	248555
130395	130110	694	74357
130395	130115	513	54950
130395	130120	1365	146256
130395	130130	1090	116823
130395	130140	3152	337802
130395	130150	3254	348777
130395	130160	2050	219708
130395	130165	3857	413409
130395	130170	1777	190469
130395	130180	3610	386876
130395	130185	604	64755
130395	130190	201	21527
130395	130195	2754	295163
130395	130200	58	6236
130395	130210	2281	244477
130395	130220	2052	219862
130395	130230	2217	237609
130395	130240	2079	222774
130395	130250	709	75936
130395	130255	680	72834
130395	130260	553	59299
130395	130270	1175	125892
130395	130280	1926	206450
130395	130290	208	22275
130395	130300	302	32339
130395	130310	448	47995
130395	130320	767	82228
130395	130330	891	95502
130395	130340	282	30207
130395	130350	2604	279043
130395	130353	553	59259
130395	130356	457	48954
130395	130360	1861	199437
130395	130370	2514	269407
130395	130380	2374	254442
130395	130390	2765	296370
130395	130395	0	0
130395	130400	108	11593
130395	130406	3035	325253
130395	130410	1526	163535
130395	130420	1714	183716
130395	130423	2469	264625
130395	130426	1818	194879
130395	130430	28	3045
130395	130440	157	16846
130400	130002	996	228505
130400	130006	1586	440798
130400	130008	540	64708
130400	130010	578	78119
130400	130014	1429	135315
130400	130020	1935	558350
130400	130030	294	31519
130400	130040	1265	135594
130400	130050	846	203673
130400	130060	1905	556095
130400	130063	579	78465
130400	130068	915	228386
130400	130070	1890	139740
130400	130080	660	136800
130400	130083	757	81113
130400	130090	1413	190244
130400	130100	2221	237996
130400	130110	456	31414
130400	130115	413	44287
130400	130120	765	145446
130400	130130	648	86682
130400	130140	3050	326873
130400	130150	3151	337655
130400	130160	1219	307844
130400	130165	2393	164860
130400	130170	1030	88715
130400	130180	3508	376000
130400	130185	372	23339
130400	130190	151	9612
130400	130195	2651	284138
130400	130200	36	2700
130400	130210	2203	236078
130400	130220	1961	210119
130400	130230	1342	353345
130400	130240	1184	107988
130400	130250	434	26362
130400	130255	482	33549
130400	130260	339	20958
130400	130270	1388	216584
130400	130280	1849	198205
130400	130290	974	249765
130400	130300	405	43403
130400	130310	574	105790
130400	130320	528	31482
130400	130330	1707	152110
130400	130340	800	186763
130400	130350	1772	319403
130400	130353	389	24608
130400	130356	257	16079
130400	130360	1801	193040
130400	130370	1531	421404
130400	130380	2311	247658
130400	130390	1676	473149
130400	130395	108	11593
130400	130400	0	0
130400	130406	1904	555530
130400	130410	1091	262966
130400	130420	1623	173969
130400	130423	1497	409120
130400	130426	1048	247535
130400	130430	135	14440
130400	130440	73	7863
130406	130002	913	328493
130406	130006	324	116080
130406	130008	1374	494607
130406	130010	1339	481930
130406	130014	2669	649398
130406	130020	52	10320
130406	130030	2696	288975
130406	130040	1928	206628
130406	130050	2081	717704
130406	130060	22	8065
130406	130063	1395	502060
130406	130068	2149	742416
130406	130070	3129	653822
130406	130080	1895	650830
130406	130083	2186	234273
130406	130090	2652	704327
130406	130100	775	83078
130406	130110	1695	545497
130406	130115	2531	271248
130406	130120	1143	411433
130406	130130	1409	490493
130406	130140	609	65235
130406	130150	801	85803
130406	130160	695	249217
130406	130165	3632	678943
130406	130170	2269	602798
130406	130180	825	88423
130406	130185	1558	534589
130406	130190	1837	551040
130406	130195	694	74384
130406	130200	1905	555141
130406	130210	940	100691
130406	130220	986	105680
130406	130230	562	202539
130406	130240	2424	622071
130406	130250	1471	529411
130406	130255	1721	547632
130406	130260	1573	534989
130406	130270	2627	730667
130406	130280	1239	132794
130406	130290	2209	763796
130406	130300	3332	357135
130406	130310	1809	619820
130406	130320	1577	535263
130406	130330	2946	666192
130406	130340	2035	700794
130406	130350	3011	833486
130406	130353	1692	541849
130406	130356	1647	539762
130406	130360	1553	166387
130406	130370	378	136159
130406	130380	1245	133472
130406	130390	232	83310
130406	130395	3035	325253
130406	130400	1902	555435
130406	130406	0	0
130406	130410	1907	686561
130406	130420	1322	141678
130406	130423	409	147105
130406	130426	875	315010
130406	130430	3063	328274
130406	130440	2946	315761
130410	130002	1000	359535
130410	130006	1590	571829
130410	130008	562	202043
130410	130010	582	209149
130410	130014	1375	342506
130410	130020	1938	689380
130410	130030	1130	121098
130410	130040	1161	124448
130410	130050	1269	425140
130410	130060	1909	687126
130410	130063	514	184830
130410	130068	1337	449852
130410	130070	1836	346930
130410	130080	1083	358266
130410	130083	754	80786
130410	130090	531	190873
130410	130100	939	100681
130410	130110	883	252933
130410	130115	1030	110426
130410	130120	769	276477
130410	130130	652	217713
130410	130140	1677	179674
130410	130150	1754	187979
130410	130160	1223	438874
130410	130165	2339	372050
130410	130170	976	295906
130410	130180	2136	228948
130410	130185	745	242025
130410	130190	1024	258476
130410	130195	1271	136235
130410	130200	1092	262577
130410	130210	1330	142495
130410	130220	892	95627
130410	130230	1346	484376
130410	130240	760	273189
130410	130250	659	236847
130410	130255	909	255068
130410	130260	761	242425
130410	130270	1334	423775
130410	130280	1107	118604
130410	130290	1396	471232
130410	130300	1822	195302
130410	130310	997	327256
130410	130320	764	242699
130410	130330	1653	359300
130410	130340	1222	408230
130410	130350	1346	484457
130410	130353	879	249285
130410	130356	835	247198
130410	130360	1374	147278
130410	130370	1535	552435
130410	130380	1675	179477
130410	130390	1680	604180
130410	130395	1526	163535
130410	130400	1090	262871
130410	130406	1907	686561
130410	130410	0	0
130410	130420	681	72930
130410	130423	1501	540151
130410	130426	1052	378566
130410	130430	1553	166479
130410	130440	1396	149616
130420	130002	41	4381
130420	130006	871	93366
130420	130008	823	88233
130420	130010	766	82043
130420	130014	1534	164395
130420	130020	1387	148621
130420	130030	1390	148960
130420	130040	741	79394
130420	130050	1907	204385
130420	130060	1348	144430
130420	130063	842	90232
130420	130068	1775	190238
130420	130070	1502	161019
130420	130080	1300	139299
130420	130083	871	93368
130420	130090	797	85400
130420	130100	665	71262
130420	130110	1089	116688
130420	130115	1215	130249
130420	130120	431	46186
130420	130130	671	71875
130420	130140	1526	163499
130420	130150	1668	178790
130420	130160	405	43357
130420	130165	2216	237488
130420	130170	1118	119805
130420	130180	1963	210393
130420	130185	1125	120593
130420	130190	1562	167368
130420	130195	1169	125294
130420	130200	1670	178989
130420	130210	678	72661
130420	130220	337	36153
130420	130230	535	57334
130420	130240	975	104502
130420	130250	1018	109116
130420	130255	1058	113386
130420	130260	1169	125260
130420	130270	1046	112115
130420	130280	427	45727
130420	130290	1740	186463
130420	130300	2011	215493
130420	130310	1405	150568
130420	130320	954	102214
130420	130330	1164	124700
130420	130340	1993	213546
130420	130350	1227	131458
130420	130353	1209	129584
130420	130356	1258	134846
130420	130360	735	78731
130420	130370	809	86678
130420	130380	995	106600
130420	130390	1053	112877
130420	130395	1714	183716
130420	130400	1623	173969
130420	130406	1322	141678
130420	130410	681	72930
130420	130420	0	0
130420	130423	774	82953
130420	130426	145	15553
130420	130430	1742	186725
130420	130440	1631	174844
130423	130002	507	182083
130423	130006	92	32373
130423	130008	968	348197
130423	130010	933	335520
130423	130014	2262	502988
130423	130020	440	149925
130423	130030	2161	231574
130423	130040	1297	139018
130423	130050	1675	571294
130423	130060	411	147670
130423	130063	989	355650
130423	130068	1743	596006
130423	130070	2723	507413
130423	130080	1489	504421
130423	130083	1640	175752
130423	130090	2246	557917
130423	130100	549	58855
130423	130110	1289	399087
130423	130115	1981	212333
130423	130120	737	265023
130423	130130	1003	344084
130423	130140	1083	116023
130423	130150	1271	136240
130423	130160	289	102807
130423	130165	3226	532533
130423	130170	1863	456388
130423	130180	1426	152858
130423	130185	1151	388180
130423	130190	1430	404630
130423	130195	900	96478
130423	130200	1499	408731
130423	130210	312	33459
130423	130220	454	48699
130423	130230	156	56129
130423	130240	2017	475661
130423	130250	1065	383001
130423	130255	1315	401222
130423	130260	1167	388579
130423	130270	2221	584257
130423	130280	603	64663
130423	130290	1803	617386
130423	130300	2760	295793
130423	130310	1403	473411
130423	130320	1170	388853
130423	130330	2540	519783
130423	130340	1628	554384
130423	130350	2605	687076
130423	130353	1285	395439
130423	130356	1241	393352
130423	130360	918	98413
130423	130370	37	12979
130423	130380	700	75049
130423	130390	181	64724
130423	130395	2469	264625
130423	130400	1496	409025
130423	130406	409	147105
130423	130410	1501	540151
130423	130420	774	82953
130423	130423	0	0
130423	130426	469	168600
130423	130430	2497	267588
130423	130440	2396	256810
130426	130002	58	20498
130426	130006	558	200278
130426	130008	519	186612
130426	130010	484	173935
130426	130014	1813	341403
130426	130020	906	317829
130426	130030	1508	161663
130426	130040	748	80195
130426	130050	1226	409709
130426	130060	877	315575
130426	130063	539	194065
130426	130068	1294	434421
130426	130070	2274	345827
130426	130080	1040	342836
130426	130083	987	105805
130426	130090	1797	396332
130426	130100	642	68768
130426	130110	840	237502
130426	130115	1328	142339
130426	130120	288	103438
130426	130130	553	182499
130426	130140	1488	159514
130426	130150	1643	176038
130426	130160	190	67323
130426	130165	2777	370948
130426	130170	1413	294803
130426	130180	1913	205010
130426	130185	702	226594
130426	130190	981	243045
130426	130195	1155	123766
130426	130200	1049	247146
130426	130210	534	57245
130426	130220	255	27350
130426	130230	313	112825
130426	130240	1568	314076
130426	130250	616	221416
130426	130255	866	239637
130426	130260	718	226994
130426	130270	1772	422672
130426	130280	295	31615
130426	130290	1353	455801
130426	130300	2111	226285
130426	130310	954	311825
130426	130320	721	227268
130426	130330	2090	358197
130426	130340	1179	392799
130426	130350	2156	525491
130426	130353	836	233854
130426	130356	792	231767
130426	130360	639	68508
130426	130370	503	180883
130426	130380	855	91590
130426	130390	647	232629
130426	130395	1818	194879
130426	130400	1047	247440
130426	130406	875	315010
130426	130410	1052	378566
130426	130420	145	15553
130426	130423	469	168600
130426	130426	0	0
130426	130430	1846	197859
130426	130440	1743	186828
130430	130002	1764	189022
130430	130006	2610	279745
130430	130008	945	101280
130430	130010	1017	108962
130430	130014	1277	136822
130430	130020	3127	335115
130430	130030	428	45919
130430	130040	1347	144315
130430	130050	184	19684
130430	130060	3088	330893
130430	130063	960	102844
130430	130068	115	12354
130430	130070	2848	305256
130430	130080	648	69469
130430	130083	881	94457
130430	130090	1925	206265
130430	130100	2348	251597
130430	130110	722	77342
130430	130115	541	57990
130430	130120	1393	149301
130430	130130	1118	119865
130430	130140	3180	340839
130430	130150	3283	351798
130430	130160	2077	222642
130430	130165	3886	416446
130430	130170	1802	193141
130430	130180	3638	389914
130430	130185	633	67797
130430	130190	226	24216
130430	130195	2782	298194
130430	130200	84	8973
130430	130210	2308	247351
130430	130220	2080	222870
130430	130230	2245	240564
130430	130240	2106	225651
130430	130250	737	78979
130430	130255	708	75874
130430	130260	582	62342
130430	130270	1200	128581
130430	130280	1953	209307
130430	130290	212	22738
130430	130300	273	29299
130430	130310	472	50600
130430	130320	795	85181
130430	130330	916	98141
130430	130340	255	27333
130430	130350	2631	281992
130430	130353	578	61950
130430	130356	485	51941
130430	130360	1885	202028
130430	130370	2542	272384
130430	130380	2399	257086
130430	130390	2793	299364
130430	130395	28	3045
130430	130400	135	14440
130430	130406	3063	328274
130430	130410	1553	166479
130430	130420	1742	186725
130430	130423	2497	267588
130430	130426	1846	197859
130430	130430	0	0
130430	130440	178	19040
130440	130002	1656	177442
130440	130006	2503	268196
130440	130008	817	87526
130440	130010	885	94815
130440	130014	1102	118097
130440	130020	3009	322470
130440	130030	266	28532
130440	130040	1305	139840
130440	130050	284	30395
130440	130060	2969	318226
130440	130063	821	87990
130440	130068	147	15798
130440	130070	2685	287769
130440	130080	475	50867
130440	130083	761	81545
130440	130090	1765	189111
130440	130100	2217	237611
130440	130110	574	61508
130440	130115	416	44597
130440	130120	1262	135212
130440	130130	987	105737
130440	130140	3040	325748
130440	130150	3136	336103
130440	130160	1983	212556
130440	130165	3745	401319
130440	130170	1629	174582
130440	130180	3499	374966
130440	130185	507	54308
130440	130190	70	7476
130440	130195	2639	282826
130440	130200	103	10985
130440	130210	2224	238339
130440	130220	1968	210944
130440	130230	2146	230005
130440	130240	1942	208074
130440	130250	614	65788
130440	130255	577	61880
130440	130260	463	49627
130440	130270	1027	110111
130440	130280	1872	200658
130440	130290	127	13640
130440	130300	428	45916
130440	130310	299	32058
130440	130320	706	75696
130440	130330	742	79551
130440	130340	375	40183
130440	130350	2473	265043
130440	130353	537	57526
130440	130356	399	42747
130440	130360	1838	196996
130440	130370	2437	261214
130440	130380	2345	251273
130440	130390	2685	287721
130440	130395	157	16846
130440	130400	73	7863
130440	130406	2946	315761
130440	130410	1396	149616
130440	130420	1631	174844
130440	130423	2396	256810
130440	130426	1743	186828
130440	130430	178	19040
130440	130440	0	0
;

end;


