NIVEL	CODIGO	DESTINO	POP ATENDIDA	Physicians	Nurses	OtherCadres	CommunityBased	MRIUnit	Mammography	Radiotherapy
1,6301914,Toulouse,968638.00,397.14,2450.65,1210.80,4726.95,0.00,0.00,0.00,0.00,0.00
1,2992166,Montpellier,607896.00,249.24,1537.98,759.87,2966.53,0.00,0.00,0.00,0.00,0.00
1,2990363,Nîmes,151001.00,61.91,382.03,188.75,736.88,0.00,0.00,0.00,0.00,0.00
1,2987914,Perpignan,120158.00,49.26,304.00,150.20,586.37,0.00,0.00,0.00,0.00,0.00
1,8291902,Béziers,77177.00,31.64,195.26,96.47,376.62,0.00,0.00,0.00,0.00,0.00
1,6454798,Montauban,101043.00,41.43,255.64,126.30,493.09,0.00,0.00,0.00,0.00,0.00
1,2990919,Narbonne,54700.00,22.43,138.39,68.38,266.94,0.00,0.00,0.00,0.00,0.00
1,3038261,Albi,54807.00,22.47,138.66,68.51,267.46,0.00,0.00,0.00,0.00,0.00
1,8289344,Carcassonne,46031.00,18.87,116.46,57.54,224.63,0.00,0.00,0.00,0.00,0.00
1,6496329,Sète,43229.00,17.72,109.37,54.04,210.96,0.00,0.00,0.00,0.00,0.00
1,12316668,Castres,45393.00,18.61,114.84,56.74,221.52,0.00,0.00,0.00,0.00,0.00
1,2973385,Tarbes,41518.00,17.02,105.04,51.90,202.61,0.00,0.00,0.00,0.00,0.00
1,3038224,Alès,40219.00,16.49,101.75,50.27,196.27,0.00,0.00,0.00,0.00,0.00
1,3024223,Colomiers,40123.00,16.45,101.51,50.15,195.80,0.00,0.00,0.00,0.00,0.00
1,3038638,Agde,28609.00,11.73,72.38,35.76,139.61,0.00,0.00,0.00,0.00,0.00
1,2997116,Lunel,26239.00,10.76,66.38,32.80,128.05,0.00,0.00,0.00,0.00,0.00
1,2991153,Muret,35644.00,14.61,90.18,44.55,173.94,0.00,0.00,0.00,0.00,0.00
1,3032469,Blagnac,377547.00,154.79,955.19,471.93,1842.43,0.00,0.00,0.00,0.00,0.00
1,6427003,Rodez,29565.00,12.12,74.80,36.96,144.28,0.00,0.00,0.00,0.00,0.00
1,2993875,Millau,26415.00,10.83,66.83,33.02,128.91,0.00,0.00,0.00,0.00,0.00
1,3036281,Auch,21935.00,8.99,55.50,27.42,107.04,0.00,0.00,0.00,0.00,0.00
1,3028337,Castelnau-le-Lez,20480.00,8.40,51.81,25.60,99.94,0.00,0.00,0.00,0.00,0.00
1,3029213,Cahors,29243.00,11.99,73.98,36.55,142.71,0.00,0.00,0.00,0.00,0.00
1,3035396,Bagnols-sur-Cèze,45756.00,18.76,115.76,57.20,223.29,0.00,0.00,0.00,0.00,0.00
1,3034382,Beaucaire,75060.00,30.77,189.90,93.83,366.29,0.00,0.00,0.00,0.00,0.00
1,2988670,Pamiers,15603.00,6.40,39.48,19.50,76.14,0.00,0.00,0.00,0.00,0.00
1,3016824,Gaillac,45136.00,18.51,114.19,56.42,220.26,0.00,0.00,0.00,0.00,0.00
1,2984493,Ramonville-Saint-Agne,45591.00,18.69,115.35,56.99,222.48,0.00,0.00,0.00,0.00,0.00
1,3028322,Castelsarrasin,21368.00,8.76,54.06,26.71,104.28,0.00,0.00,0.00,0.00,0.00
1,2979679,Saint-Gilles,13787.00,5.65,34.88,17.23,67.28,0.00,0.00,0.00,0.00,0.00
1,2997395,Lourdes,51340.00,21.05,129.89,64.17,250.54,0.00,0.00,0.00,0.00,0.00
1,2993586,Moissac,16838.00,6.90,42.60,21.05,82.17,0.00,0.00,0.00,0.00,0.00
1,6444834,Graulhet,12789.00,5.24,32.36,15.99,62.41,0.00,0.00,0.00,0.00,0.00
1,2977832,Saint-Orens-de-Gameville,12522.00,5.13,31.68,15.65,61.11,0.00,0.00,0.00,0.00,0.00
1,2994617,Mende,12227.00,5.01,30.93,15.28,59.67,0.00,0.00,0.00,0.00,0.00
1,3028351,Castelnaudary,27796.00,11.40,70.32,34.74,135.64,0.00,0.00,0.00,0.00,0.00
1,6427081,Villefranche-de-Rouergue,14836.00,6.08,37.54,18.55,72.40,0.00,0.00,0.00,0.00,0.00
1,6616456,Villeneuve-lès-Avignon,64872.00,26.60,164.13,81.09,316.58,0.00,0.00,0.00,0.00,0.00
1,2980313,Saint-Estève,30337.00,12.44,76.75,37.92,148.04,0.00,0.00,0.00,0.00,0.00
1,2980045,Saint-Gaudens,17473.00,7.16,44.21,21.84,85.27,0.00,0.00,0.00,0.00,0.00
1,2998644,Lézignan-Corbières,29394.00,12.05,74.37,36.74,143.44,0.00,0.00,0.00,0.00,0.00
1,2979394,Saint-Jean,10929.00,4.48,27.65,13.66,53.33,0.00,0.00,0.00,0.00,0.00
1,6454780,Lavaur,12797.00,5.25,32.38,16.00,62.45,0.00,0.00,0.00,0.00,0.00
1,6432641,Saint-Jean-de-Védas,10452.00,4.29,26.44,13.06,51.01,0.00,0.00,0.00,0.00,0.00
1,3037068,Argelès-sur-Mer,111368.00,45.66,281.76,139.21,543.48,0.00,0.00,0.00,0.00,0.00
1,3029302,Cabestany,10235.00,4.20,25.89,12.79,49.95,0.00,0.00,0.00,0.00,0.00
1,2998264,Limoux,18645.00,7.64,47.17,23.31,90.99,0.00,0.00,0.00,0.00,0.00
1,2994902,Mazamet,10033.00,4.11,25.38,12.54,48.96,0.00,0.00,0.00,0.00,0.00
1,2968510,Villeneuve-Tolosane,9987.00,4.09,25.27,12.48,48.74,0.00,0.00,0.00,0.00,0.00
1,3018506,Figeac,13290.00,5.45,33.62,16.61,64.86,0.00,0.00,0.00,0.00,0.00
1,3027833,Carmaux,50742.00,20.80,128.38,63.43,247.62,0.00,0.00,0.00,0.00,0.00
1,2983833,Revel,21084.00,8.64,53.34,26.36,102.89,0.00,0.00,0.00,0.00,0.00
1,3018174,Foix,26738.00,10.96,67.65,33.42,130.48,0.00,0.00,0.00,0.00,0.00
1,3003874,Léguevin,18289.00,7.50,46.27,22.86,89.25,0.00,0.00,0.00,0.00,0.00
1,2974648,Seysses,9322.00,3.82,23.58,11.65,45.49,0.00,0.00,0.00,0.00,0.00
1,3020281,Elne,9103.00,3.73,23.03,11.38,44.42,0.00,0.00,0.00,0.00,0.00
1,3008981,La Grande-Motte,8755.00,3.59,22.15,10.94,42.72,0.00,0.00,0.00,0.00,0.00
1,3015424,Grabels,8603.00,3.53,21.77,10.75,41.98,0.00,0.00,0.00,0.00,0.00
1,2969346,Le Grau-du-Roi,8457.00,3.47,21.40,10.57,41.27,0.00,0.00,0.00,0.00,0.00
1,2971258,Uzès,8420.00,3.45,21.30,10.53,41.09,0.00,0.00,0.00,0.00,0.00
1,6616427,Les Angles,8311.00,3.41,21.03,10.39,40.56,0.00,0.00,0.00,0.00,0.00
1,2987441,Pézenas,8148.00,3.34,20.61,10.19,39.76,0.00,0.00,0.00,0.00,0.00
1,2981925,Saint-Affrique,11879.00,4.87,30.05,14.85,57.97,0.00,0.00,0.00,0.00,0.00
1,3027888,Céret,7821.00,3.21,19.79,9.78,38.17,0.00,0.00,0.00,0.00,0.00
1,2972665,Thuir,7792.00,3.19,19.71,9.74,38.02,0.00,0.00,0.00,0.00,0.00
1,2997936,Lodève,22058.00,9.04,55.81,27.57,107.64,0.00,0.00,0.00,0.00,0.00
1,2987180,Pignan,16341.00,6.70,41.34,20.43,79.74,0.00,0.00,0.00,0.00,0.00
1,6450469,Bagnères-de-Bigorre,7103.00,2.91,17.97,8.88,34.66,0.00,0.00,0.00,0.00,0.00
1,3023606,Cornebarrieu,6862.00,2.81,17.36,8.58,33.49,0.00,0.00,0.00,0.00,0.00
1,3028162,Caussade,15693.00,6.43,39.70,19.62,76.58,0.00,0.00,0.00,0.00,0.00
1,3023943,Condom,8831.00,3.62,22.34,11.04,43.10,0.00,0.00,0.00,0.00,0.00
1,2979657,Saint-Girons,6408.00,2.63,16.21,8.01,31.27,0.00,0.00,0.00,0.00,0.00
1,3011312,Labarthe-sur-Lèze,6275.00,2.57,15.88,7.84,30.62,0.00,0.00,0.00,0.00,0.00
1,6431793,Saint-Alban,7542.00,3.09,19.08,9.43,36.80,0.00,0.00,0.00,0.00,0.00
1,3016953,Fronton,6166.00,2.53,15.60,7.71,30.09,0.00,0.00,0.00,0.00,0.00
1,3005712,Lavelanet,7174.00,2.94,18.15,8.97,35.01,0.00,0.00,0.00,0.00,0.00
1,2985653,Prades,9592.00,3.93,24.27,11.99,46.81,0.00,0.00,0.00,0.00,0.00
1,3018323,Fleurance,9647.00,3.96,24.41,12.06,47.08,0.00,0.00,0.00,0.00,0.00
1,2988742,Palavas-les-Flots,5903.00,2.42,14.93,7.38,28.81,0.00,0.00,0.00,0.00,0.00
1,6451344,Aussillon,37398.00,15.33,94.62,46.75,182.50,0.00,0.00,0.00,0.00,0.00
1,6440788,Lannemezan,5812.00,2.38,14.70,7.26,28.36,0.00,0.00,0.00,0.00,0.00
1,3033913,Bédarieux,8338.00,3.42,21.10,10.42,40.69,0.00,0.00,0.00,0.00,0.00
1,3028652,Carbonne,5752.00,2.36,14.55,7.19,28.07,0.00,0.00,0.00,0.00,0.00
1,6426776,Port-la-Nouvelle,21812.00,8.94,55.18,27.27,106.44,0.00,0.00,0.00,0.00,0.00
1,2990809,Nègrepelisse,5642.00,2.31,14.27,7.05,27.53,0.00,0.00,0.00,0.00,0.00
1,2972010,Trèbes,30147.00,12.36,76.27,37.68,147.12,0.00,0.00,0.00,0.00,0.00
1,2975649,Sauvian,125450.00,51.43,317.39,156.81,612.20,0.00,0.00,0.00,0.00,0.00
1,3005102,Le Boulou,5396.00,2.21,13.65,6.75,26.33,0.00,0.00,0.00,0.00,0.00
1,6447096,Decazeville,31275.00,12.82,79.13,39.09,152.62,0.00,0.00,0.00,0.00,0.00
1,2977327,Saint-Privat-des-Vieux,5218.00,2.14,13.20,6.52,25.46,0.00,0.00,0.00,0.00,0.00
1,2975181,Séméac,5005.00,2.05,12.66,6.26,24.42,0.00,0.00,0.00,0.00,0.00
1,6613544,Vic-en-Bigorre,13963.00,5.72,35.33,17.45,68.14,0.00,0.00,0.00,0.00,0.00
1,3035092,Banyuls-sur-Mer,4752.00,1.95,12.02,5.94,23.19,0.00,0.00,0.00,0.00,0.00
1,2995339,Marvejols,4667.00,1.91,11.81,5.83,22.77,0.00,0.00,0.00,0.00,0.00
1,2968758,Villefranche-de-Lauragais,4662.00,1.91,11.79,5.83,22.75,0.00,0.00,0.00,0.00,0.00
1,3019717,Espalion,7172.00,2.94,18.15,8.96,35.00,0.00,0.00,0.00,0.00,0.00
1,2999046,Leucate,6587.00,2.70,16.67,8.23,32.14,0.00,0.00,0.00,0.00,0.00
1,2978325,Saint-Martin-de-Valgalgues,4472.00,1.83,11.31,5.59,21.82,0.00,0.00,0.00,0.00,0.00
1,2993160,Montagnac,9291.00,3.81,23.51,11.61,45.34,0.00,0.00,0.00,0.00,0.00
1,6615509,Castelmaurou,9026.00,3.70,22.84,11.28,44.05,0.00,0.00,0.00,0.00,0.00
1,6448220,Caveirac,8403.00,3.45,21.26,10.50,41.01,0.00,0.00,0.00,0.00,0.00
1,3033056,Bessières,4100.00,1.68,10.37,5.12,20.01,0.00,0.00,0.00,0.00,0.00
1,3016714,Ganges,7628.00,3.13,19.30,9.54,37.22,0.00,0.00,0.00,0.00,0.00
1,3015546,Gourdon,8436.00,3.46,21.34,10.54,41.17,0.00,0.00,0.00,0.00,0.00
1,2993013,Montarnaud,115516.00,47.36,292.26,144.40,563.72,0.00,0.00,0.00,0.00,0.00
1,6455847,Le Vigan,7403.00,3.04,18.73,9.25,36.13,0.00,0.00,0.00,0.00,0.00
1,3034170,Beaumont-de-Lomagne,3765.00,1.54,9.53,4.71,18.37,0.00,0.00,0.00,0.00,0.00
1,3015119,Gallargues-le-Montueux,174979.00,71.74,442.70,218.72,853.90,0.00,0.00,0.00,0.00,0.00
1,2969400,Vic-Fezensac,3509.00,1.44,8.88,4.39,17.12,0.00,0.00,0.00,0.00,0.00
1,2988755,Amélie-les-Bains-Palalda,9727.00,3.99,24.61,12.16,47.47,0.00,0.00,0.00,0.00,0.00
1,3035044,Barbazan-Debat,3481.00,1.43,8.81,4.35,16.99,0.00,0.00,0.00,0.00,0.00
1,2981228,Saint-Céré,5569.00,2.28,14.09,6.96,27.18,0.00,0.00,0.00,0.00,0.00
1,3014482,Gramat,3468.00,1.42,8.77,4.33,16.92,0.00,0.00,0.00,0.00,0.00
1,6432008,Mirande,4580.00,1.88,11.59,5.72,22.35,0.00,0.00,0.00,0.00,0.00
1,2989629,Olemps,3425.00,1.40,8.67,4.28,16.71,0.00,0.00,0.00,0.00,0.00
1,2984719,Quillan,4515.00,1.85,11.42,5.64,22.03,0.00,0.00,0.00,0.00,0.00
1,3031205,Boujan-sur-Libron,19082.00,7.82,48.28,23.85,93.12,0.00,0.00,0.00,0.00,0.00
1,2984643,Quissac,60394.00,24.76,152.80,75.49,294.72,0.00,0.00,0.00,0.00,0.00
1,3009188,Lagardelle-sur-Lèze,50745.00,20.81,128.38,63.43,247.64,0.00,0.00,0.00,0.00,0.00
1,2992926,Montberon,3066.00,1.26,7.76,3.83,14.96,0.00,0.00,0.00,0.00,0.00
1,3007694,Langogne,2886.00,1.18,7.30,3.61,14.08,0.00,0.00,0.00,0.00,0.00
1,6424456,Brax,2836.00,1.16,7.18,3.54,13.84,0.00,0.00,0.00,0.00,0.00
1,2999649,Les Salles-du-Gardon,44897.00,18.41,113.59,56.12,219.10,0.00,0.00,0.00,0.00,0.00
1,2983591,Rieux-Volvestre,8779.00,3.60,22.21,10.97,42.84,0.00,0.00,0.00,0.00,0.00
1,3024239,Colombiers,20088.00,8.24,50.82,25.11,98.03,0.00,0.00,0.00,0.00,0.00
1,2982117,Conques-sur-Orbiel,2545.00,1.04,6.44,3.18,12.42,0.00,0.00,0.00,0.00,0.00
1,3008321,Lamalou-les-Bains,2508.00,1.03,6.35,3.13,12.24,0.00,0.00,0.00,0.00,0.00
1,2988309,Pavie,6231.00,2.55,15.76,7.79,30.41,0.00,0.00,0.00,0.00,0.00
1,3010566,Lacaune,2478.00,1.02,6.27,3.10,12.09,0.00,0.00,0.00,0.00,0.00
1,3024314,Collioure,2418.00,0.99,6.12,3.02,11.80,0.00,0.00,0.00,0.00,0.00
1,2974699,Sévérac-le-Château,2415.00,0.99,6.11,3.02,11.79,0.00,0.00,0.00,0.00,0.00
1,2985547,Prayssac,3614.00,1.48,9.14,4.52,17.64,0.00,0.00,0.00,0.00,0.00
1,3029108,Calmont,3657.00,1.50,9.25,4.57,17.85,0.00,0.00,0.00,0.00,0.00
1,2995146,Maubourguet,2322.00,0.95,5.87,2.90,11.33,0.00,0.00,0.00,0.00,0.00
1,3035416,Bagnères-de-Luchon,2293.00,0.94,5.80,2.87,11.19,0.00,0.00,0.00,0.00,0.00
1,6431368,Remoulins,11484.00,4.71,29.05,14.36,56.04,0.00,0.00,0.00,0.00,0.00
1,6427047,Salles-la-Source,44409.00,18.21,112.35,55.51,216.72,0.00,0.00,0.00,0.00,0.00
1,2994979,Mauvezin,9699.00,3.98,24.54,12.12,47.33,0.00,0.00,0.00,0.00,0.00
1,2978706,Saint-Loup-Cammas,20941.00,8.59,52.98,26.18,102.19,0.00,0.00,0.00,0.00,0.00
1,2997812,Lombez,11725.00,4.81,29.66,14.66,57.22,0.00,0.00,0.00,0.00,0.00
1,6456938,La Canourgue,8018.00,3.29,20.29,10.02,39.13,0.00,0.00,0.00,0.00,0.00
1,2972908,Théza,96584.00,39.60,244.36,120.73,471.33,0.00,0.00,0.00,0.00,0.00
1,2990284,Nogaro,13413.00,5.50,33.93,16.77,65.46,0.00,0.00,0.00,0.00,0.00
1,2990890,Naucelle,2008.00,0.82,5.08,2.51,9.80,0.00,0.00,0.00,0.00,0.00
1,2983929,Réquista,1994.00,0.82,5.04,2.49,9.73,0.00,0.00,0.00,0.00,0.00
1,3018238,Florac,1894.00,0.78,4.79,2.37,9.24,0.00,0.00,0.00,0.00,0.00
1,2977927,Saint-Nauphary,43669.00,17.90,110.48,54.59,213.10,0.00,0.00,0.00,0.00,0.00
1,6616595,Saint-Pons-de-Thomières,6077.00,2.49,15.37,7.60,29.66,0.00,0.00,0.00,0.00,0.00
1,6441030,Saint-Paul-de-Fenouillet,1800.00,0.74,4.55,2.25,8.78,0.00,0.00,0.00,0.00,0.00
1,2976443,Salies-du-Salat,12321.00,5.05,31.17,15.40,60.13,0.00,0.00,0.00,0.00,0.00
1,3030676,Bouzigues,139217.00,57.08,352.22,174.02,679.38,0.00,0.00,0.00,0.00,0.00
1,3031135,Boulogne-sur-Gesse,1630.00,0.67,4.12,2.04,7.95,0.00,0.00,0.00,0.00,0.00
1,3034921,Barjac,1612.00,0.66,4.08,2.02,7.87,0.00,0.00,0.00,0.00,0.00
1,2981865,Saint-Alban-sur-Limagnole,6582.00,2.70,16.65,8.23,32.12,0.00,0.00,0.00,0.00,0.00
1,6455124,Bretenoux,6318.00,2.59,15.98,7.90,30.83,0.00,0.00,0.00,0.00,0.00
1,2978760,Saint-Lizier,2508.00,1.03,6.35,3.13,12.24,0.00,0.00,0.00,0.00,0.00
1,6440992,Osséja,3669.00,1.50,9.28,4.59,17.90,0.00,0.00,0.00,0.00,0.00
1,2993088,Montaigu-de-Quercy,1306.00,0.54,3.30,1.63,6.37,0.00,0.00,0.00,0.00,0.00
1,3016822,Gaillac-Toulza,11047.00,4.53,27.95,13.81,53.91,0.00,0.00,0.00,0.00,0.00
1,3035595,Ax-les-Thermes,1277.00,0.52,3.23,1.60,6.23,0.00,0.00,0.00,0.00,0.00
1,3028680,Capvern,7251.00,2.97,18.35,9.06,35.38,0.00,0.00,0.00,0.00,0.00
1,3011288,Labastide-Beauvoir,7675.00,3.15,19.42,9.59,37.45,0.00,0.00,0.00,0.00,0.00
1,2994453,Mercuès,4137.00,1.70,10.47,5.17,20.19,0.00,0.00,0.00,0.00,0.00
1,3027582,Chalabre,6663.00,2.73,16.86,8.33,32.52,0.00,0.00,0.00,0.00,0.00
1,3028349,Castelnau d’Auzan,1047.00,0.43,2.65,1.31,5.11,0.00,0.00,0.00,0.00,0.00
1,3021065,Donzac,3407.00,1.40,8.62,4.26,16.63,0.00,0.00,0.00,0.00,0.00
1,2971693,Trie-sur-Baïse,1025.00,0.42,2.59,1.28,5.00,0.00,0.00,0.00,0.00,0.00
1,2976375,Salles-Curan,1023.00,0.42,2.59,1.28,4.99,0.00,0.00,0.00,0.00,0.00
