NIVEL	CODIGO	DESTINO	POP ATENDIDA	Physicians	Nurses	OtherCadres	CommunityBased	Beds	CTScanner	MRIUnit	Mammography	Radiotherapy
3	6301914	Toulouse	968638.00	1927.59	8698.37	2431.28	0.00	1762.92	19.28	16.27	15.11	9.88
3	2992166	Montpellier	607896.00	1209.71	5458.91	1525.82	0.00	1106.37	12.10	10.21	9.48	6.20
3	2990363	Nîmes	164788.00	327.93	1479.80	413.62	0.00	299.91	3.28	2.77	2.57	1.68
3	2987914	Perpignan	120158.00	239.11	1079.02	301.60	0.00	218.69	2.39	2.02	1.87	1.23
3	8291902	Béziers	77177.00	153.58	693.05	193.71	0.00	140.46	1.54	1.30	1.20	0.79
3	6454798	Montauban	101043.00	201.08	907.37	253.62	0.00	183.90	2.01	1.70	1.58	1.03
3	2990919	Narbonne	54700.00	108.85	491.21	137.30	0.00	99.55	1.09	0.92	0.85	0.56
3	3038261	Albi	54807.00	109.07	492.17	137.57	0.00	99.75	1.09	0.92	0.85	0.56
3	8289344	Carcassonne	46031.00	91.60	413.36	115.54	0.00	83.78	0.92	0.77	0.72	0.47
3	6496329	Sète	43229.00	86.03	388.20	108.50	0.00	78.68	0.86	0.73	0.67	0.44
3	12316668	Castres	45393.00	90.33	407.63	113.94	0.00	82.62	0.90	0.76	0.71	0.46
3	2973385	Tarbes	41518.00	82.62	372.83	104.21	0.00	75.56	0.83	0.70	0.65	0.42
3	3038224	Alès	40219.00	80.04	361.17	100.95	0.00	73.20	0.80	0.68	0.63	0.41
3	3024223	Colomiers	40123.00	79.84	360.30	100.71	0.00	73.02	0.80	0.67	0.63	0.41
3	3038638	Agde	28609.00	56.93	256.91	71.81	0.00	52.07	0.57	0.48	0.45	0.29
3	2997116	Lunel	26239.00	52.22	235.63	65.86	0.00	47.75	0.52	0.44	0.41	0.27
3	2991153	Muret	47369.00	94.26	425.37	118.90	0.00	86.21	0.94	0.80	0.74	0.48
3	3032469	Blagnac	377547.00	751.32	3390.37	947.64	0.00	687.14	7.51	6.34	5.89	3.85
3	6427003	Rodez	29565.00	58.83	265.49	74.21	0.00	53.81	0.59	0.50	0.46	0.30
3	2993875	Millau	34433.00	68.52	309.21	86.43	0.00	62.67	0.69	0.58	0.54	0.35
3	3036281	Auch	21935.00	43.65	196.98	55.06	0.00	39.92	0.44	0.37	0.34	0.22
3	3028337	Castelnau-le-Lez	20480.00	40.76	183.91	51.40	0.00	37.27	0.41	0.34	0.32	0.21
3	3029213	Cahors	29243.00	58.19	262.60	73.40	0.00	53.22	0.58	0.49	0.46	0.30
3	3035396	Bagnols-sur-Cèze	45756.00	91.05	410.89	114.85	0.00	83.28	0.91	0.77	0.71	0.47
3	3034382	Beaucaire	75060.00	149.37	674.04	188.40	0.00	136.61	1.49	1.26	1.17	0.77
3	2988670	Pamiers	15603.00	31.05	140.11	39.16	0.00	28.40	0.31	0.26	0.24	0.16
3	3016824	Gaillac	45136.00	89.82	405.32	113.29	0.00	82.15	0.90	0.76	0.70	0.46
3	2984493	Ramonville-Saint-Agne	45591.00	90.73	409.41	114.43	0.00	82.98	0.91	0.77	0.71	0.47
3	3028322	Castelsarrasin	21368.00	42.52	191.88	53.63	0.00	38.89	0.43	0.36	0.33	0.22
3	2997395	Lourdes	51340.00	102.17	461.03	128.86	0.00	93.44	1.02	0.86	0.80	0.52
3	2993586	Moissac	20245.00	40.29	181.80	50.81	0.00	36.85	0.40	0.34	0.32	0.21
3	6444834	Graulhet	12789.00	25.45	114.85	32.10	0.00	23.28	0.25	0.21	0.20	0.13
3	2977832	Saint-Orens-de-Gameville	12522.00	24.92	112.45	31.43	0.00	22.79	0.25	0.21	0.20	0.13
3	2994617	Mende	14121.00	28.10	126.81	35.44	0.00	25.70	0.28	0.24	0.22	0.14
3	3028351	Castelnaudary	27796.00	55.31	249.61	69.77	0.00	50.59	0.55	0.47	0.43	0.28
3	6427081	Villefranche-de-Rouergue	14836.00	29.52	133.23	37.24	0.00	27.00	0.30	0.25	0.23	0.15
3	6616456	Villeneuve-lès-Avignon	64872.00	129.10	582.55	162.83	0.00	118.07	1.29	1.09	1.01	0.66
3	2980313	Saint-Estève	30337.00	60.37	272.43	76.15	0.00	55.21	0.60	0.51	0.47	0.31
3	2980045	Saint-Gaudens	19103.00	38.01	171.54	47.95	0.00	34.77	0.38	0.32	0.30	0.19
3	2998644	Lézignan-Corbières	29394.00	58.49	263.96	73.78	0.00	53.50	0.58	0.49	0.46	0.30
3	2979394	Saint-Jean	10929.00	21.75	98.14	27.43	0.00	19.89	0.22	0.18	0.17	0.11
3	6454780	Lavaur	12797.00	25.47	114.92	32.12	0.00	23.29	0.25	0.21	0.20	0.13
3	6432641	Saint-Jean-de-Védas	10452.00	20.80	93.86	26.23	0.00	19.02	0.21	0.18	0.16	0.11
3	3037068	Argelès-sur-Mer	111368.00	221.62	1000.08	279.53	0.00	202.69	2.22	1.87	1.74	1.14
3	3029302	Cabestany	10235.00	20.37	91.91	25.69	0.00	18.63	0.20	0.17	0.16	0.10
3	2998264	Limoux	25308.00	50.36	227.27	63.52	0.00	46.06	0.50	0.43	0.39	0.26
3	2994902	Mazamet	10033.00	19.97	90.10	25.18	0.00	18.26	0.20	0.17	0.16	0.10
3	2968510	Villeneuve-Tolosane	9987.00	19.87	89.68	25.07	0.00	18.18	0.20	0.17	0.16	0.10
3	3018506	Figeac	13290.00	26.45	119.34	33.36	0.00	24.19	0.26	0.22	0.21	0.14
3	3027833	Carmaux	52750.00	104.97	473.69	132.40	0.00	96.00	1.05	0.89	0.82	0.54
3	2983833	Revel	21084.00	41.96	189.33	52.92	0.00	38.37	0.42	0.35	0.33	0.22
3	3018174	Foix	26738.00	53.21	240.11	67.11	0.00	48.66	0.53	0.45	0.42	0.27
3	3003874	Léguevin	18289.00	36.40	164.24	45.91	0.00	33.29	0.36	0.31	0.29	0.19
3	2974648	Seysses	9322.00	18.55	83.71	23.40	0.00	16.97	0.19	0.16	0.15	0.10
3	3020281	Elne	9103.00	18.11	81.74	22.85	0.00	16.57	0.18	0.15	0.14	0.09
3	3008981	La Grande-Motte	8755.00	17.42	78.62	21.98	0.00	15.93	0.17	0.15	0.14	0.09
3	3015424	Grabels	8603.00	17.12	77.25	21.59	0.00	15.66	0.17	0.14	0.13	0.09
3	2969346	Le Grau-du-Roi	8457.00	16.83	75.94	21.23	0.00	15.39	0.17	0.14	0.13	0.09
3	2971258	Uzès	8420.00	16.76	75.61	21.13	0.00	15.32	0.17	0.14	0.13	0.09
3	6616427	Les Angles	8311.00	16.54	74.63	20.86	0.00	15.13	0.17	0.14	0.13	0.08
3	2987441	Pézenas	147365.00	293.26	1323.34	369.89	0.00	268.20	2.93	2.48	2.30	1.50
3	2981925	Saint-Affrique	13873.00	27.61	124.58	34.82	0.00	25.25	0.28	0.23	0.22	0.14
3	3027888	Céret	7821.00	15.56	70.23	19.63	0.00	14.23	0.16	0.13	0.12	0.08
3	2972665	Thuir	104376.00	207.71	937.30	261.98	0.00	189.96	2.08	1.75	1.63	1.06
3	2997936	Lodève	22058.00	43.90	198.08	55.37	0.00	40.15	0.44	0.37	0.34	0.22
3	2987180	Pignan	16341.00	32.52	146.74	41.02	0.00	29.74	0.33	0.27	0.25	0.17
3	6450469	Bagnères-de-Bigorre	14354.00	28.56	128.90	36.03	0.00	26.12	0.29	0.24	0.22	0.15
3	3023606	Cornebarrieu	16561.00	32.96	148.72	41.57	0.00	30.14	0.33	0.28	0.26	0.17
3	3028162	Caussade	59362.00	118.13	533.07	149.00	0.00	108.04	1.18	1.00	0.93	0.61
3	3023943	Condom	26800.00	53.33	240.66	67.27	0.00	48.78	0.53	0.45	0.42	0.27
3	2979657	Saint-Girons	21237.00	42.26	190.71	53.30	0.00	38.65	0.42	0.36	0.33	0.22
3	3011312	Labarthe-sur-Lèze	6275.00	12.49	56.35	15.75	0.00	11.42	0.12	0.11	0.10	0.06
3	6431793	Saint-Alban	7542.00	15.01	67.73	18.93	0.00	13.73	0.15	0.13	0.12	0.08
3	3016953	Fronton	6166.00	12.27	55.37	15.48	0.00	11.22	0.12	0.10	0.10	0.06
3	3005712	Lavelanet	8451.00	16.82	75.89	21.21	0.00	15.38	0.17	0.14	0.13	0.09
3	2985653	Prades	15061.00	29.97	135.25	37.80	0.00	27.41	0.30	0.25	0.23	0.15
3	3018323	Fleurance	9647.00	19.20	86.63	24.21	0.00	17.56	0.19	0.16	0.15	0.10
3	2988742	Palavas-les-Flots	5903.00	11.75	53.01	14.82	0.00	10.74	0.12	0.10	0.09	0.06
3	6451344	Aussillon	37398.00	74.42	335.83	93.87	0.00	68.06	0.74	0.63	0.58	0.38
3	6440788	Lannemezan	5812.00	11.57	52.19	14.59	0.00	10.58	0.12	0.10	0.09	0.06
3	3033913	Bédarieux	16893.00	33.62	151.70	42.40	0.00	30.75	0.34	0.28	0.26	0.17
3	3028652	Carbonne	5752.00	11.45	51.65	14.44	0.00	10.47	0.11	0.10	0.09	0.06
3	6426776	Port-la-Nouvelle	21812.00	43.41	195.87	54.75	0.00	39.70	0.43	0.37	0.34	0.22
3	2990809	Nègrepelisse	5642.00	11.23	50.67	14.16	0.00	10.27	0.11	0.09	0.09	0.06
3	2972010	Trèbes	30147.00	59.99	270.72	75.67	0.00	54.87	0.60	0.51	0.47	0.31
3	2975649	Sauvian	125450.00	249.65	1126.54	314.88	0.00	228.32	2.50	2.11	1.96	1.28
3	3005102	Le Boulou	5396.00	10.74	48.46	13.54	0.00	9.82	0.11	0.09	0.08	0.06
3	6447096	Decazeville	31275.00	62.24	280.85	78.50	0.00	56.92	0.62	0.53	0.49	0.32
3	2977327	Saint-Privat-des-Vieux	6830.00	13.59	61.33	17.14	0.00	12.43	0.14	0.11	0.11	0.07
3	2975181	Séméac	5005.00	9.96	44.94	12.56	0.00	9.11	0.10	0.08	0.08	0.05
3	6613544	Vic-en-Bigorre	13963.00	27.79	125.39	35.05	0.00	25.41	0.28	0.23	0.22	0.14
3	3035092	Banyuls-sur-Mer	4752.00	9.46	42.67	11.93	0.00	8.65	0.09	0.08	0.07	0.05
3	2995339	Marvejols	11249.00	22.39	101.02	28.23	0.00	20.47	0.22	0.19	0.18	0.11
3	2968758	Villefranche-de-Lauragais	12337.00	24.55	110.79	30.97	0.00	22.45	0.25	0.21	0.19	0.13
3	3019717	Espalion	7172.00	14.27	64.40	18.00	0.00	13.05	0.14	0.12	0.11	0.07
3	2999046	Leucate	6587.00	13.11	59.15	16.53	0.00	11.99	0.13	0.11	0.10	0.07
3	2978325	Saint-Martin-de-Valgalgues	4472.00	8.90	40.16	11.22	0.00	8.14	0.09	0.08	0.07	0.05
3	2993160	Montagnac	9291.00	18.49	83.43	23.32	0.00	16.91	0.18	0.16	0.14	0.09
3	6615509	Castelmaurou	9026.00	17.96	81.05	22.66	0.00	16.43	0.18	0.15	0.14	0.09
3	6448220	Caveirac	8403.00	16.72	75.46	21.09	0.00	15.29	0.17	0.14	0.13	0.09
3	3033056	Bessières	4100.00	8.16	36.82	10.29	0.00	7.46	0.08	0.07	0.06	0.04
3	3016714	Ganges	7628.00	15.18	68.50	19.15	0.00	13.88	0.15	0.13	0.12	0.08
3	3015546	Gourdon	8436.00	16.79	75.76	21.17	0.00	15.35	0.17	0.14	0.13	0.09
3	2993013	Montarnaud	115516.00	229.88	1037.33	289.95	0.00	210.24	2.30	1.94	1.80	1.18
3	6455847	Le Vigan	7403.00	14.73	66.48	18.58	0.00	13.47	0.15	0.12	0.12	0.08
3	3034170	Beaumont-de-Lomagne	3765.00	7.49	33.81	9.45	0.00	6.85	0.07	0.06	0.06	0.04
3	3015119	Gallargues-le-Montueux	174979.00	348.21	1571.31	439.20	0.00	318.46	3.48	2.94	2.73	1.78
3	2988755	Amélie-les-Bains-Palalda	9727.00	19.36	87.35	24.41	0.00	17.70	0.19	0.16	0.15	0.10
3	3035044	Barbazan-Debat	3481.00	6.93	31.26	8.74	0.00	6.34	0.07	0.06	0.05	0.04
3	2981228	Saint-Céré	11887.00	23.66	106.75	29.84	0.00	21.63	0.24	0.20	0.19	0.12
3	3014482	Gramat	3468.00	6.90	31.14	8.70	0.00	6.31	0.07	0.06	0.05	0.04
3	6432008	Mirande	5605.00	11.15	50.33	14.07	0.00	10.20	0.11	0.09	0.09	0.06
3	2989629	Olemps	4448.00	8.85	39.94	11.16	0.00	8.10	0.09	0.07	0.07	0.05
3	2984719	Quillan	4515.00	8.98	40.54	11.33	0.00	8.22	0.09	0.08	0.07	0.05
3	3031205	Boujan-sur-Libron	19082.00	37.97	171.36	47.90	0.00	34.73	0.38	0.32	0.30	0.19
3	2984643	Quissac	60394.00	120.18	542.34	151.59	0.00	109.92	1.20	1.01	0.94	0.62
3	3009188	Lagardelle-sur-Lèze	61792.00	122.97	554.89	155.10	0.00	112.46	1.23	1.04	0.96	0.63
3	2992926	Montberon	24007.00	47.77	215.58	60.26	0.00	43.69	0.48	0.40	0.37	0.24
3	3007694	Langogne	2886.00	5.74	25.92	7.24	0.00	5.25	0.06	0.05	0.05	0.03
3	6424456	Brax	2836.00	5.64	25.47	7.12	0.00	5.16	0.06	0.05	0.04	0.03
3	2999649	Les Salles-du-Gardon	44897.00	89.35	403.18	112.69	0.00	81.71	0.89	0.75	0.70	0.46
3	2983591	Rieux-Volvestre	8779.00	17.47	78.84	22.04	0.00	15.98	0.17	0.15	0.14	0.09
3	3024239	Colombiers	20088.00	39.98	180.39	50.42	0.00	36.56	0.40	0.34	0.31	0.20
3	2982117	Conques-sur-Orbiel	2545.00	5.06	22.85	6.39	0.00	4.63	0.05	0.04	0.04	0.03
3	3008321	Lamalou-les-Bains	2508.00	4.99	22.52	6.30	0.00	4.56	0.05	0.04	0.04	0.03
3	2988309	Pavie	6231.00	12.40	55.95	15.64	0.00	11.34	0.12	0.10	0.10	0.06
3	3024314	Collioure	2418.00	4.81	21.71	6.07	0.00	4.40	0.05	0.04	0.04	0.02
3	2974699	Sévérac-le-Château	2415.00	4.81	21.69	6.06	0.00	4.40	0.05	0.04	0.04	0.02
3	2985547	Prayssac	9057.00	18.02	81.33	22.73	0.00	16.48	0.18	0.15	0.14	0.09
3	3029108	Calmont	3657.00	7.28	32.84	9.18	0.00	6.66	0.07	0.06	0.06	0.04
3	2995146	Maubourguet	2322.00	4.62	20.85	5.83	0.00	4.23	0.05	0.04	0.04	0.02
3	3035416	Bagnères-de-Luchon	2293.00	4.56	20.59	5.76	0.00	4.17	0.05	0.04	0.04	0.02
3	6431368	Remoulins	11484.00	22.85	103.13	28.82	0.00	20.90	0.23	0.19	0.18	0.12
3	6427047	Salles-la-Source	44409.00	88.37	398.79	111.47	0.00	80.82	0.88	0.75	0.69	0.45
