NIVEL	CODIGO	DESTINO	POP ATENDIDA	Physicians	Nurses	OtherCadres	CommunityBased	Beds	CTScanner	MRIUnit	Mammography	Radiotherapy
2	520013	Acreuna	29087.00	48.58	34.90	73.01	0.00	77.66	0.19	0.15	0.09	0.01
2	520017	Agua_Fria_De_Goias	6122.00	10.22	7.35	15.37	0.00	16.35	0.04	0.03	0.02	0.00
2	520025	Aguas_Lindas_De_Goias	223335.00	372.97	268.00	560.57	0.00	596.30	1.47	1.12	0.69	0.07
2	520030	Alexania	228248.00	381.17	273.90	572.90	0.00	609.42	1.51	1.14	0.71	0.07
2	520060	Alto_Paraiso_De_Goias	26262.00	43.86	31.51	65.92	0.00	70.12	0.17	0.13	0.08	0.01
2	520080	Alvorada_Do_Norte	20221.00	33.77	24.27	50.75	0.00	53.99	0.13	0.10	0.06	0.01
2	520110	Anapolis	444750.00	742.73	533.70	1116.32	0.00	1187.48	2.94	2.22	1.38	0.13
2	520130	Anicuns	35286.00	58.93	42.34	88.57	0.00	94.21	0.23	0.18	0.11	0.01
2	520140	Aparecida_De_Goiania	657070.00	1097.31	788.48	1649.25	0.00	1754.38	4.34	3.29	2.04	0.20
2	520170	Aragarcas	21527.00	35.95	25.83	54.03	0.00	57.48	0.14	0.11	0.07	0.01
2	520180	Aragoiania	10911.00	18.22	13.09	27.39	0.00	29.13	0.07	0.05	0.03	0.00
2	520215	Araguapaz	8365.00	13.97	10.04	21.00	0.00	22.33	0.06	0.04	0.03	0.00
2	520250	Aruana	10392.00	17.35	12.47	26.08	0.00	27.75	0.07	0.05	0.03	0.00
2	520320	Barro_Alto	11780.00	19.67	14.14	29.57	0.00	31.45	0.08	0.06	0.04	0.00
2	520330	Bela_Vista_De_Goias	31761.00	53.04	38.11	79.72	0.00	84.80	0.21	0.16	0.10	0.01
2	520340	Bom_Jardim_De_Goias	14889.00	24.86	17.87	37.37	0.00	39.75	0.10	0.07	0.05	0.00
2	520350	Bom_Jesus_De_Goias	34673.00	57.90	41.61	87.03	0.00	92.58	0.23	0.17	0.11	0.01
2	520357	Bonopolis	4655.00	7.77	5.59	11.68	0.00	12.43	0.03	0.02	0.01	0.00
2	520380	Britania	6214.00	10.38	7.46	15.60	0.00	16.59	0.04	0.03	0.02	0.00
2	520390	Buriti_Alegre	10174.00	16.99	12.21	25.54	0.00	27.16	0.07	0.05	0.03	0.00
2	520400	Cabeceiras	8563.00	14.30	10.28	21.49	0.00	22.86	0.06	0.04	0.03	0.00
2	520410	Cachoeira_Alta	13263.00	22.15	15.92	33.29	0.00	35.41	0.09	0.07	0.04	0.00
2	520425	Cachoeira_Dourada	8738.00	14.59	10.49	21.93	0.00	23.33	0.06	0.04	0.03	0.00
2	520430	Cacu	19648.00	32.81	23.58	49.32	0.00	52.46	0.13	0.10	0.06	0.01
2	520440	Caiaponia	23917.00	39.94	28.70	60.03	0.00	63.86	0.16	0.12	0.07	0.01
2	520465	Campinacu	3936.00	6.57	4.72	9.88	0.00	10.51	0.03	0.02	0.01	0.00
2	520470	Campinorte	13467.00	22.49	16.16	33.80	0.00	35.96	0.09	0.07	0.04	0.00
2	520480	Campo_Alegre_De_Goias	8021.00	13.40	9.63	20.13	0.00	21.42	0.05	0.04	0.02	0.00
2	520490	Campos_Belos	21316.00	35.60	25.58	53.50	0.00	56.91	0.14	0.11	0.07	0.01
2	520510	Catalao	127700.00	213.26	153.24	320.53	0.00	340.96	0.84	0.64	0.40	0.04
2	520520	Caturai	13220.00	22.08	15.86	33.18	0.00	35.30	0.09	0.07	0.04	0.00
2	520530	Cavalcante	14138.00	23.61	16.97	35.49	0.00	37.75	0.09	0.07	0.04	0.00
2	520545	Cezarina	75798.00	126.58	90.96	190.25	0.00	202.38	0.50	0.38	0.23	0.02
2	520547	Chapadao_Do_Ceu	10615.00	17.73	12.74	26.64	0.00	28.34	0.07	0.05	0.03	0.00
2	520580	Corumba_De_Goias	60151.00	100.45	72.18	150.98	0.00	160.60	0.40	0.30	0.19	0.02
2	520590	Corumbaiba	14743.00	24.62	17.69	37.00	0.00	39.36	0.10	0.07	0.05	0.00
2	520620	Cristalina	62296.00	104.03	74.76	156.36	0.00	166.33	0.41	0.31	0.19	0.02
2	520640	Crixas	21269.00	35.52	25.52	53.39	0.00	56.79	0.14	0.11	0.07	0.01
2	520725	Doverlandia	7979.00	13.32	9.57	20.03	0.00	21.30	0.05	0.04	0.02	0.00
2	520735	Edealina	4001.00	6.68	4.80	10.04	0.00	10.68	0.03	0.02	0.01	0.00
2	520740	Edeia	26658.00	44.52	31.99	66.91	0.00	71.18	0.18	0.13	0.08	0.01
2	520753	Faina	7203.00	12.03	8.64	18.08	0.00	19.23	0.05	0.04	0.02	0.00
2	520760	Fazenda_Nova	11913.00	19.89	14.30	29.90	0.00	31.81	0.08	0.06	0.04	0.00
2	520780	Firminopolis	53695.00	89.67	64.43	134.77	0.00	143.37	0.35	0.27	0.17	0.02
2	520790	Flores_De_Goias	17365.00	29.00	20.84	43.59	0.00	46.36	0.11	0.09	0.05	0.01
2	520800	Formosa	128893.00	215.25	154.67	323.52	0.00	344.14	0.85	0.64	0.40	0.04
2	520810	Formoso	20483.00	34.21	24.58	51.41	0.00	54.69	0.14	0.10	0.06	0.01
2	520840	Goianapolis	22355.00	37.33	26.83	56.11	0.00	59.69	0.15	0.11	0.07	0.01
2	520860	Goianesia	84300.00	140.78	101.16	211.59	0.00	225.08	0.56	0.42	0.26	0.03
2	520870	Goiania	1800367.00	3006.61	2160.44	4518.92	0.00	4806.98	11.88	9.00	5.58	0.54
2	520890	Goias	24716.00	41.28	29.66	62.04	0.00	65.99	0.16	0.12	0.08	0.01
2	520910	Goiatuba	41651.00	69.56	49.98	104.54	0.00	111.21	0.27	0.21	0.13	0.01
2	520970	Hidrolandia	22949.00	38.32	27.54	57.60	0.00	61.27	0.15	0.11	0.07	0.01
2	520990	Iaciara	18445.00	30.80	22.13	46.30	0.00	49.25	0.12	0.09	0.06	0.01
2	520993	Inaciolandia	12897.00	21.54	15.48	32.37	0.00	34.43	0.09	0.06	0.04	0.00
2	521010	Ipameri	28896.00	48.26	34.68	72.53	0.00	77.15	0.19	0.14	0.09	0.01
2	521020	Ipora	46322.00	77.36	55.59	116.27	0.00	123.68	0.31	0.23	0.14	0.01
2	521060	Itaguaru	14533.00	24.27	17.44	36.48	0.00	38.80	0.10	0.07	0.05	0.00
2	521080	Itaja	11134.00	18.59	13.36	27.95	0.00	29.73	0.07	0.06	0.03	0.00
2	521090	Itapaci	28796.00	48.09	34.56	72.28	0.00	76.89	0.19	0.14	0.09	0.01
2	521100	Itapirapua	10443.00	17.44	12.53	26.21	0.00	27.88	0.07	0.05	0.03	0.00
2	521120	Itapuranga	51493.00	85.99	61.79	129.25	0.00	137.49	0.34	0.26	0.16	0.02
2	521130	Itaruma	7654.00	12.78	9.18	19.21	0.00	20.44	0.05	0.04	0.02	0.00
2	521150	Itumbiara	111794.00	186.70	134.15	280.60	0.00	298.49	0.74	0.56	0.35	0.03
2	521180	Jaragua	67254.00	112.31	80.70	168.81	0.00	179.57	0.44	0.34	0.21	0.02
2	521190	Jatai	107503.00	179.53	129.00	269.83	0.00	287.03	0.71	0.54	0.33	0.03
2	521220	Jussara	23266.00	38.85	27.92	58.40	0.00	62.12	0.15	0.12	0.07	0.01
2	521270	Mambai	16148.00	26.97	19.38	40.53	0.00	43.12	0.11	0.08	0.05	0.00
2	521280	Mara_Rosa	14479.00	24.18	17.37	36.34	0.00	38.66	0.10	0.07	0.04	0.00
2	521300	Maurilandia	24254.00	40.50	29.10	60.88	0.00	64.76	0.16	0.12	0.08	0.01
2	521308	Minacu	31659.00	52.87	37.99	79.46	0.00	84.53	0.21	0.16	0.10	0.01
2	521310	Mineiros	73920.00	123.45	88.70	185.54	0.00	197.37	0.49	0.37	0.23	0.02
2	521350	Monte_Alegre_De_Goias	9197.00	15.36	11.04	23.08	0.00	24.56	0.06	0.05	0.03	0.00
2	521370	Montes_Claros_De_Goias	8696.00	14.52	10.44	21.83	0.00	23.22	0.06	0.04	0.03	0.00
2	521375	Montividiu	14145.00	23.62	16.97	35.50	0.00	37.77	0.09	0.07	0.04	0.00
2	521380	Morrinhos	49307.00	82.34	59.17	123.76	0.00	131.65	0.33	0.25	0.15	0.01
2	521400	Mozarlandia	16657.00	27.82	19.99	41.81	0.00	44.47	0.11	0.08	0.05	0.00
2	521405	Mundo_Novo	5464.00	9.12	6.56	13.71	0.00	14.59	0.04	0.03	0.02	0.00
2	521410	Mutunopolis	4091.00	6.83	4.91	10.27	0.00	10.92	0.03	0.02	0.01	0.00
2	521440	Nazario	9731.00	16.25	11.68	24.42	0.00	25.98	0.06	0.05	0.03	0.00
2	521460	Niquelandia	49655.00	82.92	59.59	124.63	0.00	132.58	0.33	0.25	0.15	0.01
2	521483	Nova_Crixas	13796.00	23.04	16.56	34.63	0.00	36.84	0.09	0.07	0.04	0.00
2	521525	Novo_Planalto	4794.00	8.01	5.75	12.03	0.00	12.80	0.03	0.02	0.01	0.00
2	521530	Orizona	16720.00	27.92	20.06	41.97	0.00	44.64	0.11	0.08	0.05	0.01
2	521550	Ouvidor	12381.00	20.68	14.86	31.08	0.00	33.06	0.08	0.06	0.04	0.00
2	521560	Padre_Bernardo	38655.00	64.55	46.39	97.02	0.00	103.21	0.26	0.19	0.12	0.01
2	521590	Palminopolis	10421.00	17.40	12.51	26.16	0.00	27.82	0.07	0.05	0.03	0.00
2	521630	Paranaiguara	10755.00	17.96	12.91	27.00	0.00	28.72	0.07	0.05	0.03	0.00
2	521640	Parauna	13387.00	22.36	16.06	33.60	0.00	35.74	0.09	0.07	0.04	0.00
2	521710	Piracanjuba	26423.00	44.13	31.71	66.32	0.00	70.55	0.17	0.13	0.08	0.01
2	521720	Piranhas	14226.00	23.76	17.07	35.71	0.00	37.98	0.09	0.07	0.04	0.00
2	521740	Pires_Do_Rio	42684.00	71.28	51.22	107.14	0.00	113.97	0.28	0.21	0.13	0.01
2	521760	Planaltina	96186.00	160.63	115.42	241.43	0.00	256.82	0.63	0.48	0.30	0.03
2	521770	Pontalina	29005.00	48.44	34.81	72.80	0.00	77.44	0.19	0.15	0.09	0.01
2	521800	Porangatu	48698.00	81.33	58.44	122.23	0.00	130.02	0.32	0.24	0.15	0.01
2	521810	Portelandia	13560.00	22.65	16.27	34.04	0.00	36.21	0.09	0.07	0.04	0.00
2	521830	Posse	43481.00	72.61	52.18	109.14	0.00	116.09	0.29	0.22	0.13	0.01
2	521850	Quirinopolis	53298.00	89.01	63.96	133.78	0.00	142.31	0.35	0.27	0.17	0.02
2	521878	Rio_Quente	100799.00	168.33	120.96	253.01	0.00	269.13	0.67	0.50	0.31	0.03
2	521880	Rio_Verde	247690.00	413.64	297.23	621.70	0.00	661.33	1.63	1.24	0.77	0.07
2	521890	Rubiataba	29216.00	48.79	35.06	73.33	0.00	78.01	0.19	0.15	0.09	0.01
2	521900	Sanclerlandia	18210.00	30.41	21.85	45.71	0.00	48.62	0.12	0.09	0.06	0.01
2	521925	Santa_Fe_De_Goias	5817.00	9.71	6.98	14.60	0.00	15.53	0.04	0.03	0.02	0.00
2	521930	Santa_Helena_De_Goias	41508.00	69.32	49.81	104.19	0.00	110.83	0.27	0.21	0.13	0.01
2	521970	Santa_Terezinha_De_Goias	12285.00	20.52	14.74	30.84	0.00	32.80	0.08	0.06	0.04	0.00
2	521975	Santo_Antonio_Do_Descoberto	498469.00	832.44	598.16	1251.16	0.00	1330.91	3.29	2.49	1.55	0.15
2	521980	Sao_Domingos	19005.00	31.74	22.81	47.70	0.00	50.74	0.13	0.10	0.06	0.01
2	522015	Sao_Luiz_Do_Norte	73872.00	123.37	88.65	185.42	0.00	197.24	0.49	0.37	0.23	0.02
2	522020	Sao_Miguel_Do_Araguaia	23800.00	39.75	28.56	59.74	0.00	63.55	0.16	0.12	0.07	0.01
2	522040	Sao_Simao	21891.00	36.56	26.27	54.95	0.00	58.45	0.14	0.11	0.07	0.01
2	522050	Serranopolis	9108.00	15.21	10.93	22.86	0.00	24.32	0.06	0.05	0.03	0.00
2	522140	Trindade	254196.00	424.51	305.04	638.03	0.00	678.70	1.68	1.27	0.79	0.08
2	522150	Turvania	4997.00	8.34	6.00	12.54	0.00	13.34	0.03	0.02	0.02	0.00
2	522160	Uruacu	53235.00	88.90	63.88	133.62	0.00	142.14	0.35	0.27	0.17	0.02
2	522200	Vianopolis	56856.00	94.95	68.23	142.71	0.00	151.81	0.38	0.28	0.18	0.02
2	522220	Vila_Boa	6499.00	10.85	7.80	16.31	0.00	17.35	0.04	0.03	0.02	0.00
2	530010	Brasilia	3208359.00	5357.96	3850.03	8052.98	0.00	8566.32	21.18	16.04	9.95	0.96
