NIVEL	CODIGO	DESTINO	POP ATENDIDA	Physicians	Nurses	OtherCadres	CommunityBased	MRIUnit	Mammography	Radiotherapy
1,350020,Adolfo,3851.00,1.58,9.74,4.81,18.79,0.00,0.00,0.00,0.00,0.00
1,350050,Aguas_De_Lindoia,28542.00,11.70,72.21,35.68,139.28,0.00,0.00,0.00,0.00,0.00
1,350060,Aguas_De_Sao_Pedro,60082.00,24.63,152.01,75.10,293.20,0.00,0.00,0.00,0.00,0.00
1,350070,Agudos,42758.00,17.53,108.18,53.45,208.66,0.00,0.00,0.00,0.00,0.00
1,350100,Altinopolis,17434.00,7.15,44.11,21.79,85.08,0.00,0.00,0.00,0.00,0.00
1,350110,Alto_Alegre,10606.00,4.35,26.83,13.26,51.76,0.00,0.00,0.00,0.00,0.00
1,350130,Alvares_Machado,60692.00,24.88,153.55,75.86,296.18,0.00,0.00,0.00,0.00,0.00
1,350150,Alvinlandia,8585.00,3.52,21.72,10.73,41.89,0.00,0.00,0.00,0.00,0.00
1,350160,Americana,583273.00,239.14,1475.68,729.09,2846.37,0.00,0.00,0.00,0.00,0.00
1,350170,Americo_Brasiliense,64203.00,26.32,162.43,80.25,313.31,0.00,0.00,0.00,0.00,0.00
1,350180,Americo_De_Campos,6424.00,2.63,16.25,8.03,31.35,0.00,0.00,0.00,0.00,0.00
1,350190,Amparo,77332.00,31.71,195.65,96.67,377.38,0.00,0.00,0.00,0.00,0.00
1,350210,Andradina,83965.00,34.43,212.43,104.96,409.75,0.00,0.00,0.00,0.00,0.00
1,350220,Angatuba,33392.00,13.69,84.48,41.74,162.95,0.00,0.00,0.00,0.00,0.00
1,350230,Anhembi,7148.00,2.93,18.08,8.94,34.88,0.00,0.00,0.00,0.00,0.00
1,350250,Aparecida,38967.00,15.98,98.59,48.71,190.16,0.00,0.00,0.00,0.00,0.00
1,350270,Apiai,33653.00,13.80,85.14,42.07,164.23,0.00,0.00,0.00,0.00,0.00
1,350310,Arandu,6847.00,2.81,17.32,8.56,33.41,0.00,0.00,0.00,0.00,0.00
1,350330,Araras,143376.00,58.78,362.74,179.22,699.67,0.00,0.00,0.00,0.00,0.00
1,350340,Arealva,13252.00,5.43,33.53,16.57,64.67,0.00,0.00,0.00,0.00,0.00
1,350350,Areias,4180.00,1.71,10.58,5.22,20.40,0.00,0.00,0.00,0.00,0.00
1,350390,Aruja,538867.00,220.94,1363.33,673.58,2629.67,0.00,0.00,0.00,0.00,0.00
1,350400,Assis,111809.00,45.84,282.88,139.76,545.63,0.00,0.00,0.00,0.00,0.00
1,350420,Auriflama,21947.00,9.00,55.53,27.43,107.10,0.00,0.00,0.00,0.00,0.00
1,350450,Avare,97137.00,39.83,245.76,121.42,474.03,0.00,0.00,0.00,0.00,0.00
1,350490,Bananal,11752.00,4.82,29.73,14.69,57.35,0.00,0.00,0.00,0.00,0.00
1,350520,Bariri,37707.00,15.46,95.40,47.13,184.01,0.00,0.00,0.00,0.00,0.00
1,350535,Barra_Do_Chapeu,6135.00,2.52,15.52,7.67,29.94,0.00,0.00,0.00,0.00,0.00
1,350540,Barra_Do_Turvo,8291.00,3.40,20.98,10.36,40.46,0.00,0.00,0.00,0.00,0.00
1,350550,Barretos,130875.00,53.66,331.11,163.59,638.67,0.00,0.00,0.00,0.00,0.00
1,350570,Barueri,292616.00,119.97,740.32,365.77,1427.97,0.00,0.00,0.00,0.00,0.00
1,350590,Batatais,66896.00,27.43,169.25,83.62,326.45,0.00,0.00,0.00,0.00,0.00
1,350600,Bauru,403670.00,165.50,1021.29,504.59,1969.91,0.00,0.00,0.00,0.00,0.00
1,350610,Bebedouro,103768.00,42.54,262.53,129.71,506.39,0.00,0.00,0.00,0.00,0.00
1,350630,Bernardino_De_Campos,25280.00,10.36,63.96,31.60,123.37,0.00,0.00,0.00,0.00,0.00
1,350635,Bertioga,66585.00,27.30,168.46,83.23,324.93,0.00,0.00,0.00,0.00,0.00
1,350640,Bilac,377925.00,154.95,956.15,472.41,1844.27,0.00,0.00,0.00,0.00,0.00
1,350680,Bocaina,38716.00,15.87,97.95,48.40,188.93,0.00,0.00,0.00,0.00,0.00
1,350690,Bofete,12440.00,5.10,31.47,15.55,60.71,0.00,0.00,0.00,0.00,0.00
1,350700,Boituva,86513.00,35.47,218.88,108.14,422.18,0.00,0.00,0.00,0.00,0.00
1,350715,Bom_Sucesso_De_Itarare,4231.00,1.73,10.70,5.29,20.65,0.00,0.00,0.00,0.00,0.00
1,350740,Borborema,17176.00,7.04,43.46,21.47,83.82,0.00,0.00,0.00,0.00,0.00
1,350750,Botucatu,163055.00,66.85,412.53,203.82,795.71,0.00,0.00,0.00,0.00,0.00
1,350760,Braganca_Paulista,207245.00,84.97,524.33,259.06,1011.36,0.00,0.00,0.00,0.00,0.00
1,350790,Brotas,26061.00,10.69,65.93,32.58,127.18,0.00,0.00,0.00,0.00,0.00
1,350800,Buri,21343.00,8.75,54.00,26.68,104.15,0.00,0.00,0.00,0.00,0.00
1,350810,Buritama,34498.00,14.14,87.28,43.12,168.35,0.00,0.00,0.00,0.00,0.00
1,350850,Cacapava,112795.00,46.25,285.37,140.99,550.44,0.00,0.00,0.00,0.00,0.00
1,350860,Cachoeira_Paulista,241796.00,99.14,611.74,302.25,1179.96,0.00,0.00,0.00,0.00,0.00
1,350870,Caconde,20450.00,8.38,51.74,25.56,99.80,0.00,0.00,0.00,0.00,0.00
1,350880,Cafelandia,19078.00,7.82,48.27,23.85,93.10,0.00,0.00,0.00,0.00,0.00
1,350900,Caieiras,214095.00,87.78,541.66,267.62,1044.78,0.00,0.00,0.00,0.00,0.00
1,350925,Cajati,30852.00,12.65,78.06,38.56,150.56,0.00,0.00,0.00,0.00,0.00
1,350930,Cajobi,32648.00,13.39,82.60,40.81,159.32,0.00,0.00,0.00,0.00,0.00
1,350940,Cajuru,30714.00,12.59,77.71,38.39,149.88,0.00,0.00,0.00,0.00,0.00
1,350950,Campinas,1554189.00,637.22,3932.10,1942.74,7584.44,0.00,0.00,0.00,0.00,0.00
1,350970,Campos_Do_Jordao,55829.00,22.89,141.25,69.79,272.45,0.00,0.00,0.00,0.00,0.00
1,350980,Campos_Novos_Paulista,5319.00,2.18,13.46,6.65,25.96,0.00,0.00,0.00,0.00,0.00
1,350990,Cananeia,13524.00,5.54,34.22,16.91,66.00,0.00,0.00,0.00,0.00,0.00
1,351000,Candido_Mota,49639.00,20.35,125.59,62.05,242.24,0.00,0.00,0.00,0.00,0.00
1,351020,Capao_Bonito,59131.00,24.24,149.60,73.91,288.56,0.00,0.00,0.00,0.00,0.00
1,351050,Caraguatatuba,129021.00,52.90,326.42,161.28,629.62,0.00,0.00,0.00,0.00,0.00
1,351070,Cardoso,13269.00,5.44,33.57,16.59,64.75,0.00,0.00,0.00,0.00,0.00
1,351080,Casa_Branca,32612.00,13.37,82.51,40.77,159.15,0.00,0.00,0.00,0.00,0.00
1,351110,Catanduva,149140.00,61.15,377.32,186.43,727.80,0.00,0.00,0.00,0.00,0.00
1,351140,Cerqueira_Cesar,37500.00,15.38,94.88,46.88,183.00,0.00,0.00,0.00,0.00,0.00
1,351150,Cerquilho,220981.00,90.60,559.08,276.23,1078.39,0.00,0.00,0.00,0.00,0.00
1,351160,Cesario_Lange,45739.00,18.75,115.72,57.17,223.21,0.00,0.00,0.00,0.00,0.00
1,351190,Clementina,15209.00,6.24,38.48,19.01,74.22,0.00,0.00,0.00,0.00,0.00
1,351200,Colina,22874.00,9.38,57.87,28.59,111.63,0.00,0.00,0.00,0.00,0.00
1,351210,Colombia,6690.00,2.74,16.93,8.36,32.65,0.00,0.00,0.00,0.00,0.00
1,351220,Conchal,151880.00,62.27,384.26,189.85,741.17,0.00,0.00,0.00,0.00,0.00
1,351230,Conchas,19166.00,7.86,48.49,23.96,93.53,0.00,0.00,0.00,0.00,0.00
1,351300,Cotia,319677.00,131.07,808.78,399.60,1560.02,0.00,0.00,0.00,0.00,0.00
1,351350,Cubatao,543155.00,222.69,1374.18,678.94,2650.60,0.00,0.00,0.00,0.00,0.00
1,351360,Cunha,23339.00,9.57,59.05,29.17,113.89,0.00,0.00,0.00,0.00,0.00
1,351380,Diadema,453997.00,186.14,1148.61,567.50,2215.51,0.00,0.00,0.00,0.00,0.00
1,351410,Dois_Corregos,43100.00,17.67,109.04,53.88,210.33,0.00,0.00,0.00,0.00,0.00
1,351440,Dracena,82746.00,33.93,209.35,103.43,403.80,0.00,0.00,0.00,0.00,0.00
1,351450,Duartina,17845.00,7.32,45.15,22.31,87.08,0.00,0.00,0.00,0.00,0.00
1,351470,Echapora,9429.00,3.87,23.86,11.79,46.01,0.00,0.00,0.00,0.00,0.00
1,351480,Eldorado,16656.00,6.83,42.14,20.82,81.28,0.00,0.00,0.00,0.00,0.00
1,351500,Embu_Das_Artes,946380.00,388.02,2394.34,1182.97,4618.33,0.00,0.00,0.00,0.00,0.00
1,351512,Emilianopolis,6782.00,2.78,17.16,8.48,33.10,0.00,0.00,0.00,0.00,0.00
1,351518,Espirito_Santo_Do_Pinhal,47657.00,19.54,120.57,59.57,232.57,0.00,0.00,0.00,0.00,0.00
1,351535,Euclides_Da_Cunha_Paulista,10159.00,4.17,25.70,12.70,49.58,0.00,0.00,0.00,0.00,0.00
1,351540,Fartura,21190.00,8.69,53.61,26.49,103.41,0.00,0.00,0.00,0.00,0.00
1,351550,Fernandopolis,102000.00,41.82,258.06,127.50,497.76,0.00,0.00,0.00,0.00,0.00
1,351570,Ferraz_De_Vasconcelos,207074.00,84.90,523.90,258.84,1010.52,0.00,0.00,0.00,0.00,0.00
1,351600,Florida_Paulista,24534.00,10.06,62.07,30.67,119.73,0.00,0.00,0.00,0.00,0.00
1,351620,Franca,377923.00,154.95,956.15,472.40,1844.26,0.00,0.00,0.00,0.00,0.00
1,351630,Francisco_Morato,187676.00,76.95,474.82,234.59,915.86,0.00,0.00,0.00,0.00,0.00
1,351640,Franco_Da_Rocha,164406.00,67.41,415.95,205.51,802.30,0.00,0.00,0.00,0.00,0.00
1,351660,Galia,7135.00,2.93,18.05,8.92,34.82,0.00,0.00,0.00,0.00,0.00
1,351670,Garca,58566.00,24.01,148.17,73.21,285.80,0.00,0.00,0.00,0.00,0.00
1,351690,General_Salgado,15146.00,6.21,38.32,18.93,73.91,0.00,0.00,0.00,0.00,0.00
1,351700,Getulina,18457.00,7.57,46.70,23.07,90.07,0.00,0.00,0.00,0.00,0.00
1,351740,Guaira,43717.00,17.92,110.60,54.65,213.34,0.00,0.00,0.00,0.00,0.00
1,351760,Guapiara,18651.00,7.65,47.19,23.31,91.02,0.00,0.00,0.00,0.00,0.00
1,351770,Guara,78728.00,32.28,199.18,98.41,384.19,0.00,0.00,0.00,0.00,0.00
1,351790,Guaraci,16418.00,6.73,41.54,20.52,80.12,0.00,0.00,0.00,0.00,0.00
1,351830,Guararema,31764.00,13.02,80.36,39.70,155.01,0.00,0.00,0.00,0.00,0.00
1,351840,Guaratingueta,130583.00,53.54,330.37,163.23,637.25,0.00,0.00,0.00,0.00,0.00
1,351850,Guarei,19568.00,8.02,49.51,24.46,95.49,0.00,0.00,0.00,0.00,0.00
1,351860,Guariba,76744.00,31.47,194.16,95.93,374.51,0.00,0.00,0.00,0.00,0.00
1,351880,Guarulhos,1473187.00,604.01,3727.16,1841.48,7189.15,0.00,0.00,0.00,0.00,0.00
1,351885,Guatapara,8199.00,3.36,20.74,10.25,40.01,0.00,0.00,0.00,0.00,0.00
1,351900,Herculandia,20923.00,8.58,52.94,26.15,102.10,0.00,0.00,0.00,0.00,0.00
1,351907,Hortolandia,245211.00,100.54,620.38,306.51,1196.63,0.00,0.00,0.00,0.00,0.00
1,351910,Iacanga,22604.00,9.27,57.19,28.25,110.31,0.00,0.00,0.00,0.00,0.00
1,351930,Ibate,289558.00,118.72,732.58,361.95,1413.04,0.00,0.00,0.00,0.00,0.00
1,351940,Ibira,42638.00,17.48,107.87,53.30,208.07,0.00,0.00,0.00,0.00,0.00
1,351990,Iepe,12109.00,4.96,30.64,15.14,59.09,0.00,0.00,0.00,0.00,0.00
1,352010,Igarapava,37418.00,15.34,94.67,46.77,182.60,0.00,0.00,0.00,0.00,0.00
1,352030,Iguape,44960.00,18.43,113.75,56.20,219.40,0.00,0.00,0.00,0.00,0.00
1,352040,Ilhabela,37030.00,15.18,93.69,46.29,180.71,0.00,0.00,0.00,0.00,0.00
1,352044,Ilha_Solteira,33912.00,13.90,85.80,42.39,165.49,0.00,0.00,0.00,0.00,0.00
1,352090,Ipaussu,156537.00,64.18,396.04,195.67,763.90,0.00,0.00,0.00,0.00,0.00
1,352120,Iporanga,4571.00,1.87,11.56,5.71,22.31,0.00,0.00,0.00,0.00,0.00
1,352130,Ipua,17482.00,7.17,44.23,21.85,85.31,0.00,0.00,0.00,0.00,0.00
1,352170,Itabera,19020.00,7.80,48.12,23.77,92.82,0.00,0.00,0.00,0.00,0.00
1,352180,Itai,28971.00,11.88,73.30,36.21,141.38,0.00,0.00,0.00,0.00,0.00
1,352190,Itajobi,63528.00,26.05,160.73,79.41,310.02,0.00,0.00,0.00,0.00,0.00
1,352210,Itanhaem,108390.00,44.44,274.23,135.49,528.94,0.00,0.00,0.00,0.00,0.00
1,352220,Itapecerica_Da_Serra,221002.00,90.61,559.14,276.25,1078.49,0.00,0.00,0.00,0.00,0.00
1,352230,Itapetininga,181357.00,74.36,458.83,226.70,885.02,0.00,0.00,0.00,0.00,0.00
1,352240,Itapeva,117919.00,48.35,298.34,147.40,575.44,0.00,0.00,0.00,0.00,0.00
1,352250,Itapevi,252760.00,103.63,639.48,315.95,1233.47,0.00,0.00,0.00,0.00,0.00
1,352260,Itapira,80135.00,32.86,202.74,100.17,391.06,0.00,0.00,0.00,0.00,0.00
1,352265,Itapirapua_Paulista,4544.00,1.86,11.50,5.68,22.17,0.00,0.00,0.00,0.00,0.00
1,352270,Itapolis,110394.00,45.26,279.30,137.99,538.72,0.00,0.00,0.00,0.00,0.00
1,352280,Itaporanga,26071.00,10.69,65.96,32.59,127.23,0.00,0.00,0.00,0.00,0.00
1,352290,Itapui,69955.00,28.68,176.99,87.44,341.38,0.00,0.00,0.00,0.00,0.00
1,352310,Itaquaquecetuba,395308.00,162.08,1000.13,494.13,1929.10,0.00,0.00,0.00,0.00,0.00
1,352320,Itarare,54316.00,22.27,137.42,67.89,265.06,0.00,0.00,0.00,0.00,0.00
1,352340,Itatiba,128444.00,52.66,324.96,160.56,626.81,0.00,0.00,0.00,0.00,0.00
1,352350,Itatinga,22075.00,9.05,55.85,27.59,107.73,0.00,0.00,0.00,0.00,0.00
1,352360,Itirapina,29015.00,11.90,73.41,36.27,141.59,0.00,0.00,0.00,0.00,0.00
1,352390,Itu,185799.00,76.18,470.07,232.25,906.70,0.00,0.00,0.00,0.00,0.00
1,352400,Itupeva,64334.00,26.38,162.77,80.42,313.95,0.00,0.00,0.00,0.00,0.00
1,352420,Jaborandi,17487.00,7.17,44.24,21.86,85.34,0.00,0.00,0.00,0.00,0.00
1,352430,Jaboticabal,88906.00,36.45,224.93,111.13,433.86,0.00,0.00,0.00,0.00,0.00
1,352440,Jacarei,265948.00,109.04,672.85,332.44,1297.83,0.00,0.00,0.00,0.00,0.00
1,352450,Jaci,14894.00,6.11,37.68,18.62,72.68,0.00,0.00,0.00,0.00,0.00
1,352470,Jaguariuna,76361.00,31.31,193.19,95.45,372.64,0.00,0.00,0.00,0.00,0.00
1,352480,Jales,59727.00,24.49,151.11,74.66,291.47,0.00,0.00,0.00,0.00,0.00
1,352530,Jau,160252.00,65.70,405.44,200.31,782.03,0.00,0.00,0.00,0.00,0.00
1,352550,Joanopolis,14127.00,5.79,35.74,17.66,68.94,0.00,0.00,0.00,0.00,0.00
1,352570,Jose_Bonifacio,57605.00,23.62,145.74,72.01,281.11,0.00,0.00,0.00,0.00,0.00
1,352590,Jundiai,781096.00,320.25,1976.17,976.37,3811.75,0.00,0.00,0.00,0.00,0.00
1,352600,Junqueiropolis,23753.00,9.74,60.10,29.69,115.91,0.00,0.00,0.00,0.00,0.00
1,352680,Lencois_Paulista,85160.00,34.92,215.45,106.45,415.58,0.00,0.00,0.00,0.00,0.00
1,352710,Lins,83598.00,34.28,211.50,104.50,407.96,0.00,0.00,0.00,0.00,0.00
1,352740,Lucelia,94172.00,38.61,238.26,117.72,459.56,0.00,0.00,0.00,0.00,0.00
1,352780,Lupercio,9554.00,3.92,24.17,11.94,46.62,0.00,0.00,0.00,0.00,0.00
1,352800,Macatuba,83950.00,34.42,212.39,104.94,409.68,0.00,0.00,0.00,0.00,0.00
1,352810,Macaubal,10695.00,4.38,27.06,13.37,52.19,0.00,0.00,0.00,0.00,0.00
1,352880,Maracai,17329.00,7.10,43.84,21.66,84.57,0.00,0.00,0.00,0.00,0.00
1,352900,Marilia,267473.00,109.66,676.71,334.34,1305.27,0.00,0.00,0.00,0.00,0.00
1,352920,Martinopolis,38149.00,15.64,96.52,47.69,186.17,0.00,0.00,0.00,0.00,0.00
1,352930,Matao,89198.00,36.57,225.67,111.50,435.29,0.00,0.00,0.00,0.00,0.00
1,352970,Miguelopolis,23828.00,9.77,60.28,29.79,116.28,0.00,0.00,0.00,0.00,0.00
1,352990,Miracatu,21484.00,8.81,54.35,26.86,104.84,0.00,0.00,0.00,0.00,0.00
1,353010,Mirandopolis,45559.00,18.68,115.26,56.95,222.33,0.00,0.00,0.00,0.00,0.00
1,353020,Mirante_Do_Paranapanema,19606.00,8.04,49.60,24.51,95.68,0.00,0.00,0.00,0.00,0.00
1,353030,Mirassol,166364.00,68.21,420.90,207.96,811.86,0.00,0.00,0.00,0.00,0.00
1,353040,Mirassolandia,5201.00,2.13,13.16,6.50,25.38,0.00,0.00,0.00,0.00,0.00
1,353050,Mococa,74191.00,30.42,187.70,92.74,362.05,0.00,0.00,0.00,0.00,0.00
1,353060,Mogi_Das_Cruzes,510174.00,209.17,1290.74,637.72,2489.65,0.00,0.00,0.00,0.00,0.00
1,353070,Mogi_Guacu,174629.00,71.60,441.81,218.29,852.19,0.00,0.00,0.00,0.00,0.00
1,353130,Monte_Alto,63464.00,26.02,160.56,79.33,309.70,0.00,0.00,0.00,0.00,0.00
1,353150,Monte_Azul_Paulista,20546.00,8.42,51.98,25.68,100.26,0.00,0.00,0.00,0.00,0.00
1,353180,Monte_Mor,442292.00,181.34,1119.00,552.87,2158.38,0.00,0.00,0.00,0.00,0.00
1,353190,Morro_Agudo,35205.00,14.43,89.07,44.01,171.80,0.00,0.00,0.00,0.00,0.00
1,353200,Morungaba,21858.00,8.96,55.30,27.32,106.67,0.00,0.00,0.00,0.00,0.00
1,353220,Narandiba,12748.00,5.23,32.25,15.94,62.21,0.00,0.00,0.00,0.00,0.00
1,353260,Nhandeara,36646.00,15.02,92.71,45.81,178.83,0.00,0.00,0.00,0.00,0.00
1,353290,Nova_Europa,17014.00,6.98,43.05,21.27,83.03,0.00,0.00,0.00,0.00,0.00
1,353300,Nova_Granada,55998.00,22.96,141.67,70.00,273.27,0.00,0.00,0.00,0.00,0.00
1,353320,Nova_Independencia,4188.00,1.72,10.60,5.24,20.44,0.00,0.00,0.00,0.00,0.00
1,353330,Nova_Luzitania,4358.00,1.79,11.03,5.45,21.27,0.00,0.00,0.00,0.00,0.00
1,353340,Nova_Odessa,64034.00,26.25,162.01,80.04,312.49,0.00,0.00,0.00,0.00,0.00
1,353390,Olimpia,58679.00,24.06,148.46,73.35,286.35,0.00,0.00,0.00,0.00,0.00
1,353440,Osasco,751586.00,308.15,1901.51,939.48,3667.74,0.00,0.00,0.00,0.00,0.00
1,353460,Osvaldo_Cruz,35327.00,14.48,89.38,44.16,172.40,0.00,0.00,0.00,0.00,0.00
1,353475,Ouroeste,22554.00,9.25,57.06,28.19,110.06,0.00,0.00,0.00,0.00,0.00
1,353490,Pacaembu,15240.00,6.25,38.56,19.05,74.37,0.00,0.00,0.00,0.00,0.00
1,353520,Palmeira_Doeste,16924.00,6.94,42.82,21.16,82.59,0.00,0.00,0.00,0.00,0.00
1,353530,Palmital,35972.00,14.75,91.01,44.97,175.54,0.00,0.00,0.00,0.00,0.00
1,353540,Panorama,30422.00,12.47,76.97,38.03,148.46,0.00,0.00,0.00,0.00,0.00
1,353550,Paraguacu_Paulista,52799.00,21.65,133.58,66.00,257.66,0.00,0.00,0.00,0.00,0.00
1,353580,Paranapanema,21563.00,8.84,54.55,26.95,105.23,0.00,0.00,0.00,0.00,0.00
1,353630,Patrocinio_Paulista,30723.00,12.60,77.73,38.40,149.93,0.00,0.00,0.00,0.00,0.00
1,353650,Paulinia,249386.00,102.25,630.95,311.73,1217.00,0.00,0.00,0.00,0.00,0.00
1,353660,Paulo_De_Faria,17111.00,7.02,43.29,21.39,83.50,0.00,0.00,0.00,0.00,0.00
1,353680,Pedra_Bela,6552.00,2.69,16.58,8.19,31.97,0.00,0.00,0.00,0.00,0.00
1,353700,Pedregulho,34517.00,14.15,87.33,43.15,168.44,0.00,0.00,0.00,0.00,0.00
1,353710,Pedreira,75979.00,31.15,192.23,94.97,370.78,0.00,0.00,0.00,0.00,0.00
1,353715,Pedrinhas_Paulista,6238.00,2.56,15.78,7.80,30.44,0.00,0.00,0.00,0.00,0.00
1,353730,Penapolis,75910.00,31.12,192.05,94.89,370.44,0.00,0.00,0.00,0.00,0.00
1,353740,Pereira_Barreto,40207.00,16.48,101.72,50.26,196.21,0.00,0.00,0.00,0.00,0.00
1,353760,Peruibe,103605.00,42.48,262.12,129.51,505.59,0.00,0.00,0.00,0.00,0.00
1,353780,Piedade,59481.00,24.39,150.49,74.35,290.27,0.00,0.00,0.00,0.00,0.00
1,353790,Pilar_Do_Sul,79742.00,32.69,201.75,99.68,389.14,0.00,0.00,0.00,0.00,0.00
1,353800,Pindamonhangaba,267351.00,109.61,676.40,334.19,1304.67,0.00,0.00,0.00,0.00,0.00
1,353860,Piracaia,228418.00,93.65,577.90,285.52,1114.68,0.00,0.00,0.00,0.00,0.00
1,353870,Piracicaba,640102.00,262.44,1619.46,800.13,3123.70,0.00,0.00,0.00,0.00,0.00
1,353880,Piraju,32077.00,13.15,81.15,40.10,156.54,0.00,0.00,0.00,0.00,0.00
1,353890,Pirajui,50609.00,20.75,128.04,63.26,246.97,0.00,0.00,0.00,0.00,0.00
1,353900,Pirangi,50338.00,20.64,127.36,62.92,245.65,0.00,0.00,0.00,0.00,0.00
1,353940,Piratininga,21163.00,8.68,53.54,26.45,103.28,0.00,0.00,0.00,0.00,0.00
1,354000,Pompeia,30564.00,12.53,77.33,38.20,149.15,0.00,0.00,0.00,0.00,0.00
1,354010,Pongai,4971.00,2.04,12.58,6.21,24.26,0.00,0.00,0.00,0.00,0.00
1,354020,Pontal,275022.00,112.76,695.81,343.78,1342.11,0.00,0.00,0.00,0.00,0.00
1,354040,Populina,6575.00,2.70,16.63,8.22,32.09,0.00,0.00,0.00,0.00,0.00
1,354060,Porto_Feliz,56931.00,23.34,144.04,71.16,277.82,0.00,0.00,0.00,0.00,0.00
1,354070,Porto_Ferreira,325316.00,133.38,823.05,406.64,1587.54,0.00,0.00,0.00,0.00,0.00
1,354100,Praia_Grande,344214.00,141.13,870.86,430.27,1679.76,0.00,0.00,0.00,0.00,0.00
1,354120,Presidente_Bernardes,14226.00,5.83,35.99,17.78,69.42,0.00,0.00,0.00,0.00,0.00
1,354130,Presidente_Epitacio,47463.00,19.46,120.08,59.33,231.62,0.00,0.00,0.00,0.00,0.00
1,354140,Presidente_Prudente,252884.00,103.68,639.80,316.11,1234.07,0.00,0.00,0.00,0.00,0.00
1,354150,Presidente_Venceslau,55012.00,22.55,139.18,68.77,268.46,0.00,0.00,0.00,0.00,0.00
1,354160,Promissao,70644.00,28.96,178.73,88.31,344.74,0.00,0.00,0.00,0.00,0.00
1,354190,Queluz,26492.00,10.86,67.02,33.12,129.28,0.00,0.00,0.00,0.00,0.00
1,354220,Rancharia,51974.00,21.31,131.49,64.97,253.63,0.00,0.00,0.00,0.00,0.00
1,354230,Redencao_Da_Serra,11372.00,4.66,28.77,14.21,55.50,0.00,0.00,0.00,0.00,0.00
1,354240,Regente_Feijo,32841.00,13.46,83.09,41.05,160.26,0.00,0.00,0.00,0.00,0.00
1,354260,Registro,135306.00,55.48,342.32,169.13,660.29,0.00,0.00,0.00,0.00,0.00
1,354290,Ribeirao_Bonito,14169.00,5.81,35.85,17.71,69.14,0.00,0.00,0.00,0.00,0.00
1,354300,Ribeirao_Branco,17994.00,7.38,45.52,22.49,87.81,0.00,0.00,0.00,0.00,0.00
1,354330,Ribeirao_Pires,691345.00,283.45,1749.10,864.18,3373.76,0.00,0.00,0.00,0.00,0.00
1,354340,Ribeirao_Preto,822824.00,337.36,2081.74,1028.53,4015.38,0.00,0.00,0.00,0.00,0.00
1,354380,Rinopolis,40236.00,16.50,101.80,50.30,196.35,0.00,0.00,0.00,0.00,0.00
1,354390,Rio_Claro,309185.00,126.77,782.24,386.48,1508.82,0.00,0.00,0.00,0.00,0.00
1,354400,Rio_Das_Pedras,59760.00,24.50,151.19,74.70,291.63,0.00,0.00,0.00,0.00,0.00
1,354420,Riolandia,16090.00,6.60,40.71,20.11,78.52,0.00,0.00,0.00,0.00,0.00
1,354425,Rosana,18351.00,7.52,46.43,22.94,89.55,0.00,0.00,0.00,0.00,0.00
1,354460,Sabino,6001.00,2.46,15.18,7.50,29.28,0.00,0.00,0.00,0.00,0.00
1,354480,Sales,6744.00,2.77,17.06,8.43,32.91,0.00,0.00,0.00,0.00,0.00
1,354490,Sales_Oliveira,22298.00,9.14,56.41,27.87,108.81,0.00,0.00,0.00,0.00,0.00
1,354500,Salesopolis,18359.00,7.53,46.45,22.95,89.59,0.00,0.00,0.00,0.00,0.00
1,354520,Salto,179607.00,73.64,454.41,224.51,876.48,0.00,0.00,0.00,0.00,0.00
1,354540,Salto_Grande,14926.00,6.12,37.76,18.66,72.84,0.00,0.00,0.00,0.00,0.00
1,354560,Santa_Adelia,41033.00,16.82,103.81,51.29,200.24,0.00,0.00,0.00,0.00,0.00
1,354620,Santa_Cruz_Da_Conceicao,4811.00,1.97,12.17,6.01,23.48,0.00,0.00,0.00,0.00,0.00
1,354640,Santa_Cruz_Do_Rio_Pardo,64508.00,26.45,163.21,80.64,314.80,0.00,0.00,0.00,0.00,0.00
1,354660,Santa_Fe_Do_Sul,56505.00,23.17,142.96,70.63,275.74,0.00,0.00,0.00,0.00,0.00
1,354680,Santa_Isabel,71481.00,29.31,180.85,89.35,348.83,0.00,0.00,0.00,0.00,0.00
1,354700,Santa_Maria_Da_Serra,6587.00,2.70,16.67,8.23,32.14,0.00,0.00,0.00,0.00,0.00
1,354730,Santana_De_Parnaiba,190876.00,78.26,482.92,238.59,931.47,0.00,0.00,0.00,0.00,0.00
1,354750,Santa_Rita_Do_Passa_Quatro,29675.00,12.17,75.08,37.09,144.81,0.00,0.00,0.00,0.00,0.00
1,354770,Santo_Anastacio,28906.00,11.85,73.13,36.13,141.06,0.00,0.00,0.00,0.00,0.00
1,354780,Santo_Andre,772358.00,316.67,1954.07,965.45,3769.11,0.00,0.00,0.00,0.00,0.00
1,354790,Santo_Antonio_Da_Alegria,7420.00,3.04,18.77,9.28,36.21,0.00,0.00,0.00,0.00,0.00
1,354805,Santo_Antonio_Do_Aracangua,9012.00,3.69,22.80,11.27,43.98,0.00,0.00,0.00,0.00,0.00
1,354850,Santos,466965.00,191.46,1181.42,583.71,2278.79,0.00,0.00,0.00,0.00,0.00
1,354860,Sao_Bento_Do_Sapucai,19043.00,7.81,48.18,23.80,92.93,0.00,0.00,0.00,0.00,0.00
1,354870,Sao_Bernardo_Do_Campo,1071553.00,439.34,2711.03,1339.44,5229.18,0.00,0.00,0.00,0.00,0.00
1,354890,Sao_Carlos,269006.00,110.29,680.59,336.26,1312.75,0.00,0.00,0.00,0.00,0.00
1,354910,Sao_Joao_Da_Boa_Vista,151747.00,62.22,383.92,189.68,740.53,0.00,0.00,0.00,0.00,0.00
1,354940,Sao_Joaquim_Da_Barra,110573.00,45.33,279.75,138.22,539.60,0.00,0.00,0.00,0.00,0.00
1,354960,Sao_Jose_Do_Barreiro,7150.00,2.93,18.09,8.94,34.89,0.00,0.00,0.00,0.00,0.00
1,354980,Sao_Jose_Do_Rio_Preto,514866.00,211.10,1302.61,643.58,2512.55,0.00,0.00,0.00,0.00,0.00
1,354990,Sao_Jose_Dos_Campos,789630.00,323.75,1997.76,987.04,3853.39,0.00,0.00,0.00,0.00,0.00
1,355000,Sao_Luis_Do_Paraitinga,16811.00,6.89,42.53,21.01,82.04,0.00,0.00,0.00,0.00,0.00
1,355010,Sao_Manuel,49597.00,20.33,125.48,62.00,242.03,0.00,0.00,0.00,0.00,0.00
1,355020,Sao_Miguel_Arcanjo,35440.00,14.53,89.66,44.30,172.95,0.00,0.00,0.00,0.00,0.00
1,355030,Sao_Paulo,13133332.00,5384.67,33227.33,16416.67,64090.66,0.00,0.00,0.00,0.00,0.00
1,355060,Sao_Roque,251885.00,103.27,637.27,314.86,1229.20,0.00,0.00,0.00,0.00,0.00
1,355070,Sao_Sebastiao,94476.00,38.74,239.02,118.09,461.04,0.00,0.00,0.00,0.00,0.00
1,355080,Sao_Sebastiao_Da_Grama,84317.00,34.57,213.32,105.40,411.47,0.00,0.00,0.00,0.00,0.00
1,355090,Sao_Simao,113790.00,46.65,287.89,142.24,555.30,0.00,0.00,0.00,0.00,0.00
1,355100,Sao_Vicente,391699.00,160.60,991.00,489.62,1911.49,0.00,0.00,0.00,0.00,0.00
1,355110,Sarapui,10976.00,4.50,27.77,13.72,53.56,0.00,0.00,0.00,0.00,0.00
1,355150,Serrana,50346.00,20.64,127.38,62.93,245.69,0.00,0.00,0.00,0.00,0.00
1,355160,Serra_Negra,39869.00,16.35,100.87,49.84,194.56,0.00,0.00,0.00,0.00,0.00
1,355210,Socorro,43841.00,17.97,110.92,54.80,213.94,0.00,0.00,0.00,0.00,0.00
1,355220,Sorocaba,723906.00,296.80,1831.48,904.88,3532.66,0.00,0.00,0.00,0.00,0.00
1,355260,Tabapua,13296.00,5.45,33.64,16.62,64.88,0.00,0.00,0.00,0.00,0.00
1,355270,Tabatinga,17629.00,7.23,44.60,22.04,86.03,0.00,0.00,0.00,0.00,0.00
1,355280,Taboao_Da_Serra,308001.00,126.28,779.24,385.00,1503.04,0.00,0.00,0.00,0.00,0.00
1,355300,Taguai,19568.00,8.02,49.51,24.46,95.49,0.00,0.00,0.00,0.00,0.00
1,355330,Tambau,25003.00,10.25,63.26,31.25,122.01,0.00,0.00,0.00,0.00,0.00
1,355350,Tapirai,8467.00,3.47,21.42,10.58,41.32,0.00,0.00,0.00,0.00,0.00
1,355360,Tapiratiba,13989.00,5.74,35.39,17.49,68.27,0.00,0.00,0.00,0.00,0.00
1,355370,Taquaritinga,74007.00,30.34,187.24,92.51,361.15,0.00,0.00,0.00,0.00,0.00
1,355380,Taquarituba,30100.00,12.34,76.15,37.62,146.89,0.00,0.00,0.00,0.00,0.00
1,355410,Taubate,336349.00,137.90,850.96,420.44,1641.38,0.00,0.00,0.00,0.00,0.00
1,355430,Teodoro_Sampaio,24827.00,10.18,62.81,31.03,121.16,0.00,0.00,0.00,0.00,0.00
1,355450,Tiete,78924.00,32.36,199.68,98.66,385.15,0.00,0.00,0.00,0.00,0.00
1,355460,Timburi,2872.00,1.18,7.27,3.59,14.02,0.00,0.00,0.00,0.00,0.00
1,355470,Torrinha,10746.00,4.41,27.19,13.43,52.44,0.00,0.00,0.00,0.00,0.00
1,355475,Trabiju,1843.00,0.76,4.66,2.30,8.99,0.00,0.00,0.00,0.00,0.00
1,355500,Tupa,72573.00,29.75,183.61,90.72,354.16,0.00,0.00,0.00,0.00,0.00
1,355540,Ubatuba,96796.00,39.69,244.89,121.00,472.36,0.00,0.00,0.00,0.00,0.00
1,355580,Urania,37057.00,15.19,93.75,46.32,180.84,0.00,0.00,0.00,0.00,0.00
1,355600,Urupes,23365.00,9.58,59.11,29.21,114.02,0.00,0.00,0.00,0.00,0.00
1,355620,Valinhos,271987.00,111.51,688.13,339.98,1327.30,0.00,0.00,0.00,0.00,0.00
1,355630,Valparaiso,82636.00,33.88,209.07,103.30,403.26,0.00,0.00,0.00,0.00,0.00
1,355640,Vargem_Grande_Do_Sul,54362.00,22.29,137.54,67.95,265.29,0.00,0.00,0.00,0.00,0.00
1,355700,Votorantim,166991.00,68.47,422.49,208.74,814.92,0.00,0.00,0.00,0.00,0.00
1,355710,Votuporanga,115316.00,47.28,291.75,144.15,562.74,0.00,0.00,0.00,0.00,0.00
