NIVEL	CODIGO	DESTINO	POP ATENDIDA	Physicians	Nurses	OtherCadres	CommunityBased	MRIUnit	Mammography	Radiotherapy
1	8297635.00	0.00	246539.00	32.05	155.32	88.75	86.29	0.00	0.00	0.00
1	3029974.00	0.00	106636.00	13.86	67.18	38.39	37.32	0.00	0.00	0.00
1	2973495.00	0.00	949745.00	123.47	598.34	341.91	332.41	0.00	0.00	0.00
1	3026141.00	0.00	85223.00	11.08	53.69	30.68	29.83	0.00	0.00	0.00
1	2992771.00	0.00	58876.00	7.65	37.09	21.20	20.61	0.00	0.00	0.00
1	6453739.00	0.00	75054.00	9.76	47.28	27.02	26.27	0.00	0.00	0.00
1	2995642.00	0.00	32212.00	4.19	20.29	11.60	11.27	0.00	0.00	0.00
1	3014383.00	0.00	26199.00	3.41	16.51	9.43	9.17	0.00	0.00	0.00
1	2989187.00	0.00	34700.00	4.51	21.86	12.49	12.14	0.00	0.00	0.00
1	2988447.00	0.00	33073.00	4.30	20.84	11.91	11.58	0.00	0.00	0.00
1	2971298.00	0.00	11877.00	1.54	7.48	4.28	4.16	0.00	0.00	0.00
1	2976600.00	0.00	57191.00	7.43	36.03	20.59	20.02	0.00	0.00	0.00
1	6429352.00	0.00	104953.00	13.64	66.12	37.78	36.73	0.00	0.00	0.00
1	2976542.00	0.00	45253.00	5.88	28.51	16.29	15.84	0.00	0.00	0.00
1	3009052.00	0.00	172148.00	22.38	108.45	61.97	60.25	0.00	0.00	0.00
1	6432268.00	0.00	135434.00	17.61	85.32	48.76	47.40	0.00	0.00	0.00
1	2980550.00	0.00	36623.00	4.76	23.07	13.18	12.82	0.00	0.00	0.00
1	3029253.00	0.00	59728.00	7.76	37.63	21.50	20.90	0.00	0.00	0.00
1	3023919.00	0.00	6419.00	0.83	4.04	2.31	2.25	0.00	0.00	0.00
1	3031501.00	0.00	2661.00	0.35	1.68	0.96	0.93	0.00	0.00	0.00
1	2993308.00	0.00	45021.00	5.85	28.36	16.21	15.76	0.00	0.00	0.00
1	2967253.00	0.00	35192.00	4.58	22.17	12.67	12.32	0.00	0.00	0.00
1	6444135.00	0.00	24313.00	3.16	15.32	8.75	8.51	0.00	0.00	0.00
1	3027576.00	0.00	9254.00	1.20	5.83	3.33	3.24	0.00	0.00	0.00
1	3004334.00	0.00	11315.00	1.47	7.13	4.07	3.96	0.00	0.00	0.00
1	3015555.00	0.00	4882.00	0.63	3.08	1.76	1.71	0.00	0.00	0.00
1	6440596.00	0.00	3033.00	0.39	1.91	1.09	1.06	0.00	0.00	0.00
1	2979520.00	0.00	22266.00	2.89	14.03	8.02	7.79	0.00	0.00	0.00
1	2990961.00	0.00	9847.00	1.28	6.20	3.54	3.45	0.00	0.00	0.00
1	2984754.00	0.00	28441.00	3.70	17.92	10.24	9.95	0.00	0.00	0.00
1	3016609.00	0.00	12370.00	1.61	7.79	4.45	4.33	0.00	0.00	0.00
1	2979272.00	0.00	32343.00	4.20	20.38	11.64	11.32	0.00	0.00	0.00
1	6429516.00	0.00	8382.00	1.09	5.28	3.02	2.93	0.00	0.00	0.00
1	6427819.00	0.00	91139.00	11.85	57.42	32.81	31.90	0.00	0.00	0.00
1	6440402.00	0.00	243190.00	31.61	153.21	87.55	85.12	0.00	0.00	0.00
1	2978136.00	0.00	3770.00	0.49	2.38	1.36	1.32	0.00	0.00	0.00
1	3034241.00	0.00	4107.00	0.53	2.59	1.48	1.44	0.00	0.00	0.00
1	3016871.00	0.00	1288.00	0.17	0.81	0.46	0.45	0.00	0.00	0.00
1	2989708.00	0.00	134159.00	17.44	84.52	48.30	46.96	0.00	0.00	0.00
1	3004316.00	0.00	90492.00	11.76	57.01	32.58	31.67	0.00	0.00	0.00
1	2972947.00	0.00	9528.00	1.24	6.00	3.43	3.33	0.00	0.00	0.00
1	3030832.00	0.00	2829.00	0.37	1.78	1.02	0.99	0.00	0.00	0.00
1	2979989.00	0.00	7498.00	0.97	4.72	2.70	2.62	0.00	0.00	0.00
1	3027631.00	0.00	27305.00	3.55	17.20	9.83	9.56	0.00	0.00	0.00
1	2972719.00	0.00	37911.00	4.93	23.88	13.65	13.27	0.00	0.00	0.00
1	3037123.00	0.00	89227.00	11.60	56.21	32.12	31.23	0.00	0.00	0.00
1	3035816.00	0.00	2570.00	0.33	1.62	0.93	0.90	0.00	0.00	0.00
1	8290730.00	0.00	10632.00	1.38	6.70	3.83	3.72	0.00	0.00	0.00
1	3024855.00	0.00	26571.00	3.45	16.74	9.57	9.30	0.00	0.00	0.00
1	6612531.00	0.00	57208.00	7.44	36.04	20.59	20.02	0.00	0.00	0.00
1	6455625.00	0.00	23514.00	3.06	14.81	8.47	8.23	0.00	0.00	0.00
1	2987332.00	0.00	7427.00	0.97	4.68	2.67	2.60	0.00	0.00	0.00
1	2992586.00	0.00	65817.00	8.56	41.46	23.69	23.04	0.00	0.00	0.00
1	2982063.00	0.00	6914.00	0.90	4.36	2.49	2.42	0.00	0.00	0.00
1	3001899.00	0.00	128865.00	16.75	81.18	46.39	45.10	0.00	0.00	0.00
1	2976047.00	0.00	1167.00	0.15	0.74	0.42	0.41	0.00	0.00	0.00
1	2984314.00	0.00	3980.00	0.52	2.51	1.43	1.39	0.00	0.00	0.00
1	6451265.00	0.00	56536.00	7.35	35.62	20.35	19.79	0.00	0.00	0.00
1	2978270.00	0.00	55807.00	7.25	35.16	20.09	19.53	0.00	0.00	0.00
1	3013437.00	0.00	13778.00	1.79	8.68	4.96	4.82	0.00	0.00	0.00
1	3036370.00	0.00	12247.00	1.59	7.72	4.41	4.29	0.00	0.00	0.00
1	2986390.00	0.00	16554.00	2.15	10.43	5.96	5.79	0.00	0.00	0.00
1	3023534.00	0.00	30257.00	3.93	19.06	10.89	10.59	0.00	0.00	0.00
1	6427927.00	0.00	57141.00	7.43	36.00	20.57	20.00	0.00	0.00	0.00
1	3036579.00	0.00	42987.00	5.59	27.08	15.48	15.05	0.00	0.00	0.00
1	6451661.00	0.00	160339.00	20.84	101.01	57.72	56.12	0.00	0.00	0.00
1	2981907.00	0.00	9730.00	1.26	6.13	3.50	3.41	0.00	0.00	0.00
1	3025472.00	0.00	8289.00	1.08	5.22	2.98	2.90	0.00	0.00	0.00
1	2970205.00	0.00	32675.00	4.25	20.59	11.76	11.44	0.00	0.00	0.00
1	3025365.00	0.00	14065.00	1.83	8.86	5.06	4.92	0.00	0.00	0.00
1	3009747.00	0.00	89801.00	11.67	56.57	32.33	31.43	0.00	0.00	0.00
1	3024468.00	0.00	6803.00	0.88	4.29	2.45	2.38	0.00	0.00	0.00
1	2999431.00	0.00	10527.00	1.37	6.63	3.79	3.68	0.00	0.00	0.00
1	3014930.00	0.00	49177.00	6.39	30.98	17.70	17.21	0.00	0.00	0.00
1	2974480.00	0.00	20579.00	2.68	12.96	7.41	7.20	0.00	0.00	0.00
1	2981078.00	0.00	11530.00	1.50	7.26	4.15	4.04	0.00	0.00	0.00
1	2995048.00	0.00	51635.00	6.71	32.53	18.59	18.07	0.00	0.00	0.00
1	2974666.00	0.00	13908.00	1.81	8.76	5.01	4.87	0.00	0.00	0.00
1	2998253.00	0.00	5999.00	0.78	3.78	2.16	2.10	0.00	0.00	0.00
1	3036567.00	0.00	11418.00	1.48	7.19	4.11	4.00	0.00	0.00	0.00
1	3006461.00	0.00	2581.00	0.34	1.63	0.93	0.90	0.00	0.00	0.00
1	2967103.00	0.00	7095.00	0.92	4.47	2.55	2.48	0.00	0.00	0.00
1	2989519.00	0.00	15509.00	2.02	9.77	5.58	5.43	0.00	0.00	0.00
1	2976374.00	0.00	38190.00	4.96	24.06	13.75	13.37	0.00	0.00	0.00
1	2978652.00	0.00	20798.00	2.70	13.10	7.49	7.28	0.00	0.00	0.00
1	2997036.00	0.00	77148.00	10.03	48.60	27.77	27.00	0.00	0.00	0.00
1	2985522.00	0.00	10369.00	1.35	6.53	3.73	3.63	0.00	0.00	0.00
1	3018585.00	0.00	38671.00	5.03	24.36	13.92	13.53	0.00	0.00	0.00
