0	1.4	0
0	0	0.9
0	0	0
0.07	0	0
0	2.33	1.27
0	0	0
0	0.57	0
0.26	0	0
0	2.18	0
0	1.23	0.8
0	0	0
0	0	0
0	0.92	0.6
0	0.95	0.77
0	0	0.93
0	1.92	0.79
0	1.56	0
0	0	0.57
0	0	0
0	0	0.97
0	0	0
0	0	0.79
0	0	0
0.38	0	0.59
0.41	0.51	0
0.33	0	0
0.49	0	0
0.27	0	0
0.38	0	0
0.43	0	0
0.41	0	0.21
0	0.28	0
0.51	0	0.88
0.25	0	0
0	0.46	0.49
0.34	0	0.64
0.26	0.5	0
0	0	0
0.48	0	0
0	0.48	0
0.29	0	0
0.47	0.44	0
0	0	0
0	0.4	0
0	0	15.27
0	0.49	0
0.35	0.55	0
0	0	2.39
0	0.53	0
0.5	0	0
0.44	0.52	5.84
0.31	0	0
0	0.52	0
0.35	0.52	0
0	0	2.08
0.33	0	0
0	0	0
0.41	0.49	1.71
0.41	0.42	0.96
0.39	0	0
0	0.31	0.78
0	0	0
0	4.78	0
0	0	0
0.29	6.85	0
0	4.56	4.69
0	0	0
0.34	0	3.27
0.3	0	0
0.43	0	0
0	0	0
0	0	0
0.3	0	0
0.29	22.22	0
0	0	12.7
0	0	0
0	0	0.73
0.45	0	0
0.46	0	0
0	0	2.06
0.31	12.07	0
0.31	0	0.38
0.38	22.38	0
0	0	0
0.49	7.53	1.47
0.33	0	2.15
0.5	0	1.52
0	0	0
0	0	0
0.31	0	0
0.48	0	0
0.3	0	0.77
0	0	0.91
0	6.17	0.88
0	10.61	0
0.34	12.42	0
0.44	11	0.77
0.22	0	0.61
0	11.51	0
0.31	0	0.58
0	0	0
0.43	0	0
0	0	0.85
0.19	0	0.72
0.39	0	0
0.37	0	1.13
0.21	0	0.46
0.48	5.95	0
0.39	0	0
0.46	3.61	0.33
0	0	0
0.29	0	0.77
0.37	0	0
0.47	1.22	0.96
0	20.26	0.53
0.51	0	0.58
0	4.32	0
0	4.39	0
0	4.68	0
0.48	2.18	0.74
0	5.29	0
0.37	0	0.75
0.47	0	0.98
0	0	0
0	0	0.82
0	0	0.96
0	0	0
0	0	0
0	0	0
0	0	0
0	0	0.71
0	0	0.53
0.63	0	0.55
0	1.01	0.87
0	0	0
0	1.31	0.78
0	0	0.77
0	0	0
0	1.23	0
0	1.22	0.17
0	0	0
0	0	0.91
0	0	0
0	0.48	0.74
0	0	0
0	0	0.98
0	0.56	0
0	0	0
0	1.69	0
0	1.09	0
0	0.78	0
0	0.96	0
0	0	0.58
0	0	1
0	0.48	0.49
0	1.5	0
0	0	0
0	0.59	0.59
0	0	0.78
0	0	0
0	0	0
0	2.5	0.98
0	0	0
0	0.67	0.75
0	0	0
0	0.65	0.84
0	0	0.9
0	0	0
0	0	0
0	0	0.99
0	0	0.52
0	0	0
0	0	0.38
0	0	0
0	0	0.82
0	0	0.51
0	0	0
0.76	0.65	0.7
0	0	0.71
0	1.89	0
0	0	0.31
0	0	0
0	0	0
0	0	0.86
0	0	0
0	0.57	0
0	0.61	0
0	0.41	0.85
0	0	0
0	0	0.71
0	0	0
0	0	0
0	0	0.81
0	0	0
0	1.5	0
0	0	0
0	0.41	0.31
0	0.83	0
0.46	0	0.82
0	0	0
0	0	0.66
0	0	0
0	0	0.53
0	0	0
0	1.17	0
0	0	0.95
0	0.3	0
0.47	0	0
0.2	0	0.78
0.5	0.32	0.53
0.5	0.52	0
0	0.36	0
0	0	0
0.43	0.42	1.18
0	0	0
0	0	0.99
0	0.54	0
0	0.58	0.86
0	0	0.99
0	0.99	0
0.34	0	0
0	0	0.89
0.5	0.81	0
0.31	0.37	0
0	0	0
0	0	0.58
0.26	0	0
0	0.46	0.67
0	0.48	0.78
0	0	0
0	0	0
0	0	0
0.5	0.52	0
0	0.13	0.93
0	0	0
0.36	0	0
0	0.85	0
0	0.44	0.92
0.31	0	0.99
0	0	0
0	0.39	0.25
0	0.54	0.76
0	0	0
0	0	0.97
0	0	0
0	0	0.61
0	0.49	1.19
0	0	0.44
0	0	0
0	0.98	0
0	0	0.88
0	0	1.19
0	0	1.14
0	0.66	0
0	0	0.64
0.49	0.71	0.65
0	0	0
0.25	0.4	0
0	0	0
0.45	0	0
0	0.47	0.8
0.35	0.2	0
0	0.36	0.92
0	0.5	0
0	0	0.46
0	0	0
0	0	0
0.41	0	1.07
0	0.92	0
0.41	1.09	0.7
0	0	0
0.28	0.83	0.84
0	0.42	0
0.3	0	1.58
0	0	0
0	0	0
0.37	0	0
0	1.85	0.97
0	0	0.8
0	0	0.84
0	0	0
0	0.45	0.99
0	0	0.82
0	0.4	1.03
0.32	0.41	0
0	0.69	0.94
0	0	0.99
0	0	0
0	0	0
0.49	0.46	0.75
0	0	0
0	0.48	0.79
0	0	0
0	0.52	0.55
0.41	0	0.55
0.41	0	0
0.34	1.14	0.59
0	0.9	0
0.48	0	0.56
0	0	0
0	0	1.21
0	1.47	0.99
0.45	0	0
0	0.47	0.94
0	0	0.74
0	0.46	0
0	0	0.63
0	0	0
0	0	0
0.49	0	0.44
0	0	0.82
0	0	0
0	0	0.52
0.44	0.3	0.68
0	0.73	0.95
0	0	0
0	0	0.93
0	0.52	0
0	0.83	0.62
0	0.63	0
0.48	0	0
0.49	0	0.67
0	0	0.93
0.35	0	0
0	0	0
0.46	0	0.72
0	0	0.96
0	0.48	0.96
0	0.27	0
0	0.38	0
0.48	0	0
0	1.25	0.7
0.44	1.77	0
0	0	0
0.38	0	0.85
0	0.73	0
0	0	0.96
0	0.25	1.01
0	0	0
0	0	0
0	0.74	0.89
0	0	0
0.24	0	0
0	0	0.98
0	0.47	0.59
0	0.47	0
0	0	0.67
0	0	0.87
0	0	0
0	0.54	0.93
0	0	0.82
0	0.34	0.34
0.41	0	0
0	0.58	0.67
0	0.54	0
0.18	0.59	0.72
0	1.28	0.94
0.5	0.32	0
0	0	0
0.45	0.9	0
0.49	0.28	0.88
0	0	0
0	0	0
0	0	0
0.29	0	0.67
0	0	0.55
0.39	0	0.86
0	1.69	0
0	0	0.94
0	0.7	0.84
0	0	0
0	0.74	0.58
0	0	0
0.33	0	0.63
0	0	0.69
0	0.99	0.76
0	0	0
0.37	0	1
0	0	0.38
0	0	0
0	0	0.43
0	0	0
0.3	0	0.81
0	0	0
0	0	0
0.36	0	0
0	0.05	0.73
0.3	0.46	0.72
0	0	0.93
0	0	0
0	0	0.5
0	0.49	0
0	0	0.55
0.23	0	0
0	0	0.77
0	0.44	0
0	0	0
0.47	0.58	0.35
0	0	0.96
0	0	0
0.39	0.75	0
0.3	0.45	0
0	0.43	0
0.45	0	0.99
0	0	0.14
0	0	0
0.37	0.49	0
0	0.5	0
0	0	0.56
0.47	0	0.79
0	0.26	0
0	0.43	0
0	0	0.86
0.51	0	0
0	0	0.82
0.34	0.3	0
0.43	0	0.82
0	0.64	0
0	0.37	0
0	0	0.94
0	1.12	0
0	0.91	0.72
0	0	0
0.39	0	0.93
0	0.94	0
0	0	1.25
0	0.31	0.55
0	0	0
0	0	1.19
0	0	0
0	0	0
0	0	0.3
0	0.41	0
0	0.49	0
0	0	0
0	0.52	0
0	0.48	0
0	0	0
0.47	0	0.6
0	0	0
0.38	0	0
0	0	1.19
0	0	0.99
0.43	0.6	0
0	0	0.64
0.43	0.6	0
0	0	0.93
0	0.73	0.52
0	0.59	0.84
0	0	0
0.5	0	0.96
0	0	0
0	0	0.56
0	0.61	0.97
0	0	0
0	0	0.89
0.45	0	0
0	0.32	0
0	0	0.97
0.51	0	0.66
0	0	0.48
0	0.44	0
0	0.53	0.67
0	0	0.58
0	0	0.99
0	0	0
0	0	1.03
0	0	0
0.25	0.33	0
0	0	0.58
0.13	0	0.6
0.39	0	0
0	0	0
0	0.71	0
0.16	0	0
0	0.85	0.92
0.39	0	0.78
0	0	0.87
0.5	0	0
0	0	0
0.27	0.32	0.73
0	0.33	0
0.5	0.85	0
0.49	0.41	0.74
0	0	1.17
0	0	0
0	0	0.77
0	0.66	0
0	0	0
0	0	0
0.3	0	0.98
0	0	0.66
0	0.89	0.85
0	0	0
0	0	0
0.33	0	0.79
0	0	0
0	0	0.77
0	0	0
0	0	0
0	0	0.62
0.5	0	0.83
0	0.55	0
0	0	0
0	0	1.3
0	0.14	0
0	0.44	0.85
0	0	0
0	0	0.93
0	0.4	0
0	0	0.7
0	0	0
0.45	0	0.57
0	0.68	0.64
0	0	0
0.3	0	0.81
0	0.58	0.89
0	0	0
0	0	0.92
0	0.72	0
0	0	0
0	0	0.89
0	0	0.68
0	0	0
0	0	0
0	0.48	0.99
0	0	0
0.48	0.32	1.07
0	0	0
0	0	0
0	0.5	0.94
0	0	0
0	0.53	0.69
0	0	0.55
0.41	0	0
0	0	1.49
0.47	0	1.15
0	0	1.64
0.41	0	0
0	0	0
0.17	0	0
0.37	0	0.79
0	0	1.61
0	0.36	0
0.38	0	0.97
0.49	0	0.74
0	0.49	0.95
0	0.45	0
0.22	0	0.37
0	0.45	0
0	0	1.08
0.49	0	0
0.34	0	1.07
0	0	0
0	0	0.83
0.27	0.57	1.24
0	0.5	0
0	0	0.6
0.08	0	0.82
0	0.2	0
0.34	0	0.52
0	0.48	1.54
0	0	0
0	0	0.5
0.36	0	1.92
0.49	0.71	0
0	0	0.23
0	0.36	0.22
0	0	0.76
0	0	0
0	0.66	0
0.33	0.56	1.35
0	0	0.3
0	0	0
0	0.8	0.23
0	0	0.54
0.38	0	0
0.37	0	0.45
0	0.53	0.79
0	0	0.88
0.44	0.69	0
0.39	0	0.92
0	0	1.28
0	0	0
0	0.52	0.69
0.29	0	0.52
0	0.6	0
0	0	0
0	0	0.58
0	0.67	0
0	0	1.61
0	0	0.93
0	0.61	0
0	0	0.74
0	0.38	0.71
0	0	0.97
0.22	0	0
0	0.73	0.61
0.09	0	0.71
0	0.7	0.67
0	0	0.71
0	0	0.65
0	0	0
0	0	0.71
0	0.53	0.6
0.45	0.59	0.9
0	0	0.57
0.37	0	0
0	0	0.63
0	0.6	0
0	0	1.43
0	0.56	0.61
0	0	0.78
0.48	0	0
0.38	0.6	0
0.4	0	0.65
0.16	0	0
0	0	0
0	0	0
0	0	0.55
0	0	0
0	0	0
0	0.53	0.52
0	0	0.64
0.33	0	0.98
0	0	0
0.26	0	0.66
0	0	0.38
0.41	1.13	0.99
0.26	1.11	0
0	0	0
0.33	0	0
0	0.42	0.84
0.34	0	0.65
0	0	0.62
0	0	0.62
0	0	0.49
0	0	0
0.33	0	1.07
0	0	0
0.32	0	1.55
0	0.78	1.17
0.23	0	0.93
0	0	1.28
0	0	0.29
0.43	0	0
0.48	0	0.57
0	0	0.66
0	0	1.02
0	0	0.63
0.47	0.55	0
0	0	0
0	0	0.62
0	0.75	0.93
0.28	0	0.76
0	0	0.59
0.37	0	0
0	0	1.11
0.12	0	0.99
0	0.32	1.04
0	0	0
0	0	0.56
0	0	0.94
0.19	0	0
0	0.4	0.94
0	0	0.7
0	0	1.19
0	0.57	0.85
0	0	0
0.49	0	0
0	0	2.74
0	0.45	1.88
0	0	1.29
0	0	3.98
0.27	0.93	0
0	0	1.48
0.34	0.2	1.63
0	0	2.24
0.43	0	0.92
0	0	0
0	0.26	1.04
0	0.4	1.2
0.25	0	1.07
0	0	0.66
0	0.5	0
0	0.44	0.97
0	0	2.13
0	0	0.63
0.2	0	0
0	1.1	1.3
0	0	0
0.39	0	0.85
0	0.53	0.57
0	0	0.74
0.45	0.52	0
0.4	0	0.89
0.27	0.8	0.65
0	0	1.79
0.38	0	0.76
0.51	0.41	0.66
0	0	1.14
0	0.89	0
0	0.46	2.94
0	0	1.22
0	0.7	1.48
0	0	3.86
0.48	0.29	3.32
0	0.41	3.08
0	0	1.23
0	0.33	0
0.29	0	2.55
0	0	1.8
0.45	0	0.61
0	0.5	3.64
0	0.35	2.44
0	0	1.11
0.39	0	0.96
0	0	1.16
0.21	0	0
0.26	1.13	0.53
0	0	0.67
0	0	0
0.36	0	1.06
0	0	1.03
0.34	0	1.34
0.38	0	0.73
0	0	1.03
0	0	1.34
0	0	0
0.45	0	0.61
0	0	1.63
0	0	0.93
0	1.05	0
0	0	0.47
0.36	0	0.74
0	0.41	0.85
0.2	0	1.27
0.34	0	0.88
0.31	0	1.27
0	0	1.59
0.46	0.59	1.95
0	0	1.06
0	0.37	0
0	0	2.33
0	0	0.74
0	0	0
0	0.59	0.82
0.39	0	1.01
0.46	0	1.12
0	0	0
0	1.05	0.53
0	0.59	0.62
0	0	0.93
0	0	1.28
0.32	0.07	1.45
0	0	0.92
0	0	0
0	0	0.67
0.44	0	1.16
0	0.31	0
0	0	2.1
0	0.48	1.26
0.38	0.41	1.11
0	0	0
0.38	0	0.81
0	0	1.24
0	0	1.15
0.27	0	0
0.5	0.27	1.02
0	0	0
0	0.41	0.56
0	0.38	1.13
0.46	0	1.61
0	0	1.31
0.5	0	0
0.26	0.32	1.75
0	0	0.72
0	0	0.78
0	0	0.95
0	0	0.55
0.47	0.36	0.71
0	0	0
0.34	0	1.22
0	0	0.87
0	0.5	0.53
0.29	0.33	0.76
0	0	1
0.43	0.41	0
0	0	0.97
0	0	0.68
0	0	0
0.33	0	0.91
0	0.92	0.54
0	0	0.7
0	0	0
0	0.95	0.78
0	0	1.77
0.38	0	0.9
0.39	0	0.64
0.21	0.58	0.72
0	0	0
0	0	0.76
0	0	0.48
0	0.37	0.67
0	0.35	0.58
0	0	0
0	0	3.53
0	0.55	2.11
0	0	3.91
0	3.66	1.18
0	0	0.84
0.29	0	1.42
0	0	2.65
0.47	1.75	1.08
0.27	0	1.29
0	1.15	4.33
0	0	0.7
0	0.48	5.49
0.5	0	0
0	0	2
0	0	0.9
0.45	0	0.58
0	0	1
0	0	0.85
0.44	0	0
0	0	0.78
0	0	0.77
0	0.93	0
0.17	0	0.97
0	0	0.99
0	0	1.57
0	0	0
0	1.39	0.73
0	0.76	0.97
0.35	0	0
0	0	2.42
0	0	1.03
0.37	1.6	4.5
0	0	0
0.18	0	0.85
0.49	2.24	0.53
0.25	0.81	0
0	0	2.32
0.35	1.08	0
0	0	0.62
0	0.86	1.07
0	0	0.96
0.45	0	0.81
0	0	0.26
0	0.61	0
0	0.41	0
0.3	0	0
0	1.02	0.96
0	0.62	0.78
0	0	0
0	0	0
0.3	0	1.05
0.41	0	0
0	0.33	0
0	0	0
0	0	0
0	0.22	0.56
0.38	0	0
0	1.31	0
0	0	0
0.44	0	0.11
0	0.53	0
0	0	0
0	0	0.86
0	0	0.86
0.38	0.41	0
0	0	0.99
0.48	0.84	0
0	0	0.61
0	0	0
0	0	0.82
0	0	0
0	0.54	0.94
0	0.26	0.85
0	0.53	0.12
0	0	0
0	0	0
0	0	0.89
0	0	0
0.37	0	0
0	0.79	0.97
0	0	0
0.34	1.92	0
0	0	0.92
0	1.14	0
0	0	0
0.28	1.33	0
0.42	0.5	1.31
0.42	1.16	0
0	0	0
0	0	0
0.28	0.04	0.92
0	0	0
0	0	0
0	0.44	0
0	0	0.62
0	0	0.96
0	0.41	0
0	0	1.02
0.3	0.39	0
0	0.73	1.16
0	0	0
0	0.93	0
0	0.49	0
0	0	1.11
0	0	0.07
0	0	0
0	1.1	0
0	0	0
0	3.32	1.95
0.39	0	0
0	1.18	0
0	0	0.84
0	0.47	0
0	0	0
0	0	0
0	1.15	0.99
0	0	0
0	0.41	0
0	0	0
0	0	0
0	0.43	0.68
0.4	0	0.32
0	0	0.85
0.39	0	0
0.46	0	0
0	0	0
0.41	0	0
0	0	0.76
0	0.42	0
0.45	0	0
0.38	0	0
0.22	0	0
0	1.19	0
0.35	0.47	0
0	1.93	0
0	0	0
0	0.46	0
0	0	0
0	0	0
0.26	0.67	0
0.43	0	0
0	0	0
0.51	0	0
0	0	3.82
0	0	0
0	0	2.33
0	0	0
0	0	1.25
0	0.6	0
0	0	1.47
0	0	0
0	0	0.48
0	0	0
0	0	0
0	0	0
0.46	0.7	0.91
0	1.03	0
0.26	0	0
0.5	1.03	0
0.36	1.14	1.01
0	1.01	0
0.44	0.57	0
0	0	0
0.4	0	0
0.51	0	0.51
0	0.94	0
0.27	1.1	0
0	0.75	0
0	1.31	0
0	1.1	0
0	0.68	0.61
0	0	0
0	0	0.46
0.36	0.47	0
0	0	0
0	0.43	0.51
0.35	0	0.76
0	0	0
0	0.8	0
0.41	0	0
0	0.73	0.89
0	0	0
0.31	0.98	0.81
0	0	0.79
0	0.54	0.79
0	0	0
0.49	1.55	0.51
0	1.45	0.8
0	1.01	0
0.25	0.96	0.55
0	0.91	0.62
0	0	0
0	0.52	1.24
0	0.9	0
0.49	0	1.96
0	1.2	0
0	0	0.97
0	0.63	0.64
0	0.34	0
0	0	0.52
0.27	0	0
0	0	0.99
0.34	0.77	0
0	0.61	0.83
0	0	0
0.41	0.85	0.92
0	0	0
0	0	1.72
0	0.53	0
0.47	0	0
0.2	0.78	0
0	0	0.91
0	0	0
0	0.55	1.02
0	0	0
0	1.01	0
0	0	2.44
0	1.06	0
0	1.59	0
0	0	0
0	0	1.28
0.47	0.83	0
0.44	0	0
0	0.42	0
0.22	0	0
0.43	0.58	0
0.28	0	0
0	1.05	0
0	0	0
0	0	0
0	0	0
0	0.35	0
0	0	0
0	0	0
0.3	0.66	0.18
0.31	0	0
0	1.43	1.02
0	0.64	0
0.46	0.6	0
0	0.34	0
0	0	1.16
0	0	0.43
0	0.78	0
0.37	0	0
0	0.61	0
0.46	0	0.8
0	0.85	0
0.34	1.02	0.92
0.38	0.77	0.67
0	1.4	0.76
0	0.6	0
0	0	0.44
0	0.57	0.88
0.28	0.75	0
0	0	0
0.36	0.44	0.78
0.37	0.63	0.97
0	0	0
0.44	1.6	0.19
0	1.36	0.77
0	0.82	0
0	1.67	0.84
0	1.49	1
0	0	0.81
0.3	0.69	0.79
0.46	0.59	0
0	1.17	0.68
0.5	0	0
0	0.88	0.71
0	0	0
0.26	0.81	0.81
0.36	0	0
0	0.38	0.49
0.31	0.56	0
0	0	0.77
0	0	0
0	0.74	0.56
0	0.53	0.6
0	0	0
0.35	0.41	0
0	0	0.98
0.34	0.65	0
0	1.34	0.39
0	1.47	0
0	0.8	0
0	0.85	0.95
0.28	0	0.87
0	1.24	0
0	1.02	0.64
0.4	0	0.27
0	0.89	0
0.4	0.62	0
0	0.87	0
0	0.58	0.69
0.24	0	0
0	0.93	0.48
0	0	0.74
0.22	0.59	0
0	1.14	0.58
0	0	0
0.41	0.68	0
0.42	0.56	0.53
0	0.34	0
0.15	0	0.61
0	0.52	0.44
0.31	0	0
0	1.05	0.71
0.28	0	0.96
0.46	0.33	0
0	0	0.93
0.31	0.6	0
0	0.41	0.95
0.33	0	0.41
0	0.56	0.79
0	0.44	0.37
0.42	0	0
0	0.31	0.86
0	0.78	0.83
0	0	0.74
0	0.67	0
0	0	0.69
0	0.49	0
0	0.57	0
0	0.33	0.83
0	0	0.8
0	0.84	0
0	0.34	1.92
0	1.27	0
0	0.69	0.25
0.37	1.2	0
0	0	0.95
0	0	0
0	0	0.9
0	0.56	0
0	0	0.54
0.18	0.25	0
0	0	0
0	0.84	0.9
0	0.84	0
0	0.86	0.8
0.31	0	0.74
0	0.42	0.73
0	0	0.87
0.24	0.55	0
0	0	1.03
0.33	0.73	0
0	0.31	0.45
0	1.02	0.62
0	1.51	0
0	0	0.93
0	1.65	0
0.44	1.28	0.99
0.35	0.98	0
0.29	0	0.28
0	0	0
0	0.75	0.65
0	0.83	0
0	0	0.92
0	0.74	0
0	1.67	0
0	0.6	1.91
0	0	0
0	0.81	0.63
0	0.98	0
0	0	0.82
0	1.11	0
0	0	0
0.18	0	0.78
0.48	0	0
0	1.19	0.94
0.38	0	0
0.4	0.67	1.68
0	0.99	0
0	0	1.26
0	0	0
0	0.79	0.54
0.47	0.57	0
0	0	0.31
0	0.74	0.67
0	0	0
0	0	0
0	0.69	0
0	0.62	0
0	0	0
0	0.45	0.92
0.35	0	0
0	0	0.74
0	0	0
0	0.34	1.42
0	0	0.98
0	0.68	0
0	0.69	1
0	0	0
0.44	0.58	0.99
0	1.34	0
0.48	0.56	0
0	0	0
0.29	0	0.84
0	0	0
0	1.18	0
0	0	0
0	0	0
0	0.43	0.85
0	0	0
0	0.92	0.85
0	0	0
0	0.98	0
0	0.86	0
0	0.71	0.79
0	0	0
0	0	0.69
0	0	0
0	0.55	0.89
0.42	0	0
0	0	0
0	1.03	0
0.47	1.18	1.06
0.5	0	0
0	0	0.81
0.51	0.69	0
0	0	0
0	0	1.29
0.5	0.52	0.91
0	0	0
0	0.45	0
0	0	1.42
0	0.9	0
0	0	0
0	0.59	0.31
0	0	0
0.47	0	0.82
0	0.63	0
0	0.54	0.29
0	0	0.64
0	1.39	0.81
0	1.08	0.68
0.49	0.61	0
0	0.74	0.74
0	0.91	0.97
0	0	0
0	0	0.99
0	0.31	0
0.29	1.26	0
0	1.62	0.62
0.35	0	0.85
0	1.27	0
0	0.81	0.42
0	0	0.91
0	1.05	0.71
0.34	0.53	0.95
0	0	0.71
0	0.61	0
0	0.65	0
0	0	0.96
0	0.7	0.6
0	0	0.26
0.31	0.55	0.57
0	1.46	0.9
0	1.09	0
0	0	0
0.32	0.53	0
0	0.53	0.92
0	0.67	0
0	0	0.96
0	0.7	0
0	0.34	0.86
0	1.09	0
0	0.67	0.67
0	0.75	0.58
0	1.64	1.14
0	0.6	0
0	1.24	0
0	0	0
0	0.68	1.12
0.04	0.76	0.93
0	0	0.92
0.31	0.65	0
0	0.58	0.99
0.41	0	0.65
0	0.61	0.83
0	1.45	0
0	0	0.96
0.36	0.97	0.99
0	0	0.5
0.23	0	1.08
0	0.62	0.8
0	0	0.98
0	1.03	0.97
0.45	0.57	0
0	0	0
0	1.03	0.53
0	0.58	0
0	0	2.07
0	0.37	0
0	0.63	0.97
0	0	0
0	0.56	0.9
0.27	0	0.96
0	0.46	1.33
0	0	0
0	0.85	0.96
0	0.6	0.93
0	0	0
0	0.53	0.78
0	0	0.82
0	0.46	0
0.27	0.54	0.88
0.5	0	0.8
0.32	0	0.82
0	0.55	0
0	0	0.81
0	0	0
0	0	0.78
0	0.51	0.61
0	0.48	0.54
0	0	0.91
0.48	0.42	1.2
0	0	0
0	0.85	0.76
0.37	0.97	3.58
0.37	0	0.51
0	0.39	0
0	0	0.91
0	1.13	0.61
0	0.95	0
0	1.64	1.27
0.45	1.62	0.93
0.36	0	0
0	1.46	0
0.2	0	0.87
0	0	1.2
0	0.64	0.98
0	0	0.56
0.23	0.37	1.04
0	0	0
0.42	0	1.53
0	0	0.53
0.32	0	0.6
0	0	0.82
0	0	0
0.39	1.15	1
0	1.35	0
0.42	1.43	0.99
0	0	0
0.49	0.54	0.59
0	0	1.69
0.4	0.34	0.85
0.43	0	1.03
0	0	0
0	0.63	0.8
0.23	0.67	0.58
0	0	0
0.42	0.62	0.94
0	0	0
0.51	1.01	0.53
0	0.56	0
0	0	0.76
0.45	0	1.08
0.42	0.41	0
0	0.37	0.74
0.33	0	0.68
0	0.39	0.82
0	0.5	0.79
0.43	0.49	0.77
0	0	0
0	1.33	0.89
0.39	0	0
0	0	0
0	0.52	0
0	0.59	0
0.35	0.57	0.53
0	0	0.51
0	0.59	0.31
0	1	0
0	1.03	0
0	0	0
0	0.96	0.86
0	0.86	0
0	0.5	0
0	0.21	0
0	0	0.65
0	0	0
0.42	0.64	0.95
0	1.34	0.71
0.5	0	0
0	0.81	0.73
0	0.59	0
0	0	0
0	1.43	0
0.16	0	0
0.43	0.76	0
0	0	0.41
0	0.43	0.9
0.41	1.02	1.19
0	0	0.79
0	0.98	0
0.49	0.73	1.03
0.26	0.62	0
0	0	0
0.41	0	0
0.48	0.56	0
0	1.07	0
0.25	0.48	1.12
0	0	1.03
0.42	1.3	0
0	0	0
0.5	0	0
0	0	0
0.45	0.49	0
0	0	0.42
0	0	0
0	0	0
0.48	0	0
0.28	0	0
0.39	0.78	0
0.25	0.43	0
0.25	0	0.89
0.28	0	0.84
0	0.55	0.69
0	0	0
0.28	0	0
0.35	0.52	0
0	0	0.58
0.51	1.1	0
0.31	1.09	0
0	0.7	0
0	0.81	0
0.5	0.81	0.49
0	1.16	0.76
0.21	0	0.69
0	1	0
0	0.52	0
0.47	0	0
0	0.84	0.67
0	0	0
0.48	0.62	0
0	0	0.43
0	0.83	0.47
0	0	0
0	0	0.65
0	0	0
0	0	0
0	0	0
0	0	0.84
0	0.47	0.74
0.42	0.87	0
0	0.55	0.72
0.34	1.51	0
0	0.59	0.65
0	0	0.46
0	0	0.87
0	0	0.86
0.16	1.66	0
0	0	0.79
0.5	0.39	0.76
0	0	0
0	0.55	0.8
0.34	0	0
0	0.65	0.73
0	0.76	0.3
0.35	0	0.91
0	0.56	0
0	0	0.88
0	0.19	0.26
0	0.46	0
0.4	0	0.49
0.4	0.54	0
0	0	0
0	1.34	0.58
0	0.52	0.88
0	1.16	0.95
0.22	0.68	0
0	0.71	0
0.47	1.25	0
0	0	0.73
0.33	0	0
0	0	0.67
0	0	0
0	0.06	0.72
0.45	1.16	0
0	0	0.87
0.34	0	0.69
0	0	0
0	0.73	0.57
0	0	0
0.41	0	1.14
0	1.15	0
0	0	1.11
0.45	1.06	0.52
0	0	0
0.23	0	2.24
0	0	0
0.48	0	0.85
0.38	0.64	0.97
0.2	0.89	0
0	1.13	0.94
0	0	0.45
0.42	1.93	0
0.32	0	0
0.27	0	0.69
0	0	0
0	0.91	1.6
0	0	0
0	0	0
0.47	1.66	0.86
0	0	0
0.49	0	1.72
0.44	0.95	0
0	0	0
0	0	0
0	0.14	0
0	0	2.49
0	0	0
0	0.75	0
0.37	0	0
0	0	0
0	0	0
0.45	0.78	1.31
0	0	0
0.28	0	0.94
0.37	0	0.31
0.45	0	0.82
0	0	0
0	0	0.72
0	0	0
0	0	0
0	0.57	0.83
0	1.52	0.92
0	0	1.11
0	0	1.01
0	0	0
0	0	0.78
0.34	0.58	0
0.5	0	0.71
0	0	0
0	0.97	0.66
0.43	0	0.78
0	0	0.84
0	0	0.77
0	1.32	0
0	0.75	0.61
0	0	0.95
0	1.45	0.6
0.46	0	0.95
0.42	0	0
0	0	0.58
0	4.28	0
0.41	0.86	0.95
0	0	0
0.36	0	0
0	0.92	0
0.45	1.7	0.73
0	0	0
0	0	1.11
0	0.76	0.99
0.49	0	0
0	0.64	0.7
0	0.09	0.39
0	0	0
0	0	0.79
0	0.67	1.17
0.24	0.91	0
0.36	0	0.63
0	1.1	0
0	2.28	0
0.4	0	0.82
0.37	2.35	0
0	0.4	0.82
0	0	0
0	0	0.85
0	0	0.98
0.46	0	0
0	0	0
0.14	1.18	0
0	0	0
0.38	0	0.93
0	4.07	0
0	0	1.05
0	2.72	0
0	0	0.81
0.46	2.32	1.74
0	0	0
0	0.85	0.8
0.41	0	0
0	0	0.47
0.5	1.18	0
0.47	7.92	0
0	0	0.99
0	0	0.99
0	0	0
0	0	0
0	2.68	0
0.38	4.33	0.77
0	0	0
0	0	2.33
0	1.39	0
0	0	0
0	0	0
0.41	0	0
0	0.72	0.95
0.5	0	0.79
0.41	0	0
0	0	0.67
0	0	0
0.16	0	0
0	0.39	0.8
0	0	0
0.45	0.19	0
0.35	0	0.71
0	2.53	0.53
0	0	0.56
0.34	1.75	0
0	0	0.72
0.3	1.89	0
0.43	0	0
0	0	0
0.21	0	0.83
0	3.31	0.68
0.28	0	0.74
0.47	0	0
0.32	0	1
0.41	0.93	0
0	0	0
0.44	0	0.99
0	2.57	0.5
0.43	1.96	0.88
0	0	0
0	0.77	0.53
0	0	0
0.23	4.18	0.65
0.37	0	0
0	2.24	0.7
0	0.7	0
0	0	0
0.38	0	0.91
0	0.61	0
0	0.72	0.49
0	0	0
0.41	0	0
0	0	0
0.33	0.21	0.74
0.1	0	0
0	2.3	0.33
0.46	0	0
0	2.79	0.61
0	0	0
0	0.8	0.6
0	0	0.99
0	1.29	0.55
0.32	0	0.86
0.4	3.46	0
0	0	0.88
0	0	0.92
0.34	0.82	0.9
0.22	0	0
0	1.18	0.89
0.33	1.35	0.64
0	0	0.72
0.38	0	0
0	1.11	0.93
0	0	0.79
0	0.65	0
0.38	0	0.48
0	0.94	0.91
0.5	0	0.68
0	0.86	0
0	0	0
0	0	0.97
0	0	0
0	0	1.09
0	0	0.82
0	0	0
0.42	0	0.69
0	0	0
0	0.71	0.94
0.47	1.34	0.93
0	0.82	0
0	2.16	0.66
0	0	0
0	1.9	0.67
0	0	0.87
0.42	0	0.59
0.49	0	0
0.35	0	0.87
0.51	0	0.67
0	0	0
0.47	0.61	0.98
0.31	0	0.55
0.45	0	0.94
0.41	0	0
0.2	0.96	0
0.35	0	0.94
0	0	0.61
0.35	0	0.93
0.33	0	0
0	0	0
0.31	0.76	0
0	0	0.4
0	0	0
0.28	0	0.71
0	0	0.82
0	0.96	0
0.47	0	0.67
0	0	0
0	0.74	0.88
0	0	0.78
0.47	0	0
0.32	0.89	0.69
0	0	0.71
0.36	0	0.9
0	0	1
0.48	0.41	0.89
0	0	0
0.34	0	0.71
0.47	0	0.77
0.39	0.95	0
0	0	0
0.36	0	0.8
0	0	0.81
0	0	0
0	0	0.76
0.44	0.77	0
0	0	0.79
0.34	0	0
0.27	2.43	0.93
0	0	0.34
0	0	0
0.37	1.58	0.59
0	0	0.71
0.36	0	0
0	0	0.34
0	0	0.76
0.38	0	0.87
0.49	0.63	0.85
0	0	0
0	0	0.84
0	0	0.85
0	3.02	0.77
0	0	0
0	0	0.77
0	1.62	0.8
0	3.97	0
0.31	1.79	0.98
0	4.04	0.73
0	0	1.89
0	4.32	0
0.05	0.7	1.54
0	0	0
0.27	1.49	1.19
0	0	0
0.24	0	0.78
0	1.42	0
0	0	0.78
0	1.54	0
0	0.24	0.66
0	0.67	0
0.47	0	0.98
0	0.82	0.58
0	0	0.87
0	0.62	0
0	0.59	1
0	1.26	0
0.33	1.41	0.94
0.4	0	0
0	0	0
0.46	0.88	0
0.34	0	0.54
0	0.76	0.83
0.39	0	0
0	1.01	0.91
0	0	0
0	1.74	0.65
0.32	0.57	0.99
0	0	0
0.29	0	0.56
0.35	0.81	0
0.37	0	0.72
0	0	1
0.18	0	0
0	0.62	0.92
0.32	9.97	0
0.32	0	0.71
0	7.27	0
0.31	0	0.75
0	0	0.92
0.41	0	0
0	0	0.93
0.49	0	0
0	0	0.85
0.26	0	0
0	0	0
0.45	0	0
0	0	0
0.42	0	0.86
0	0.43	0.95
0	0.55	0.99
0	0	0
0	0	0
0	0.52	0.58
0	0	0.51
0.36	0.1	0
0	0	0.96
0.36	0.43	0.93
0.49	0.41	0.33
0	0	0
0	0	0.87
0.37	0.38	0
0	0	0
0	0.49	0.72
0.28	0.53	0
0	0	0.76
0.41	0	0
0.18	0.54	0.52
0.42	0.48	1
0	0.35	0.51
0.19	0	0
0.47	0	0.64
0	0.32	0.68
0.45	0	0.72
0.3	0.58	0.63
0	0	0.41
0	0.59	0
0	0	0
0	0.52	0.97
0	0.7	0.77
0	0.56	0
0.5	0	0.78
0	0.79	0
0	0	0
0	0.61	0.47
0	0	0
0	0.55	0.49
0	0.61	0.71
0.33	0	0
0	0	0.86
0.46	0	0.76
0.41	0.54	0.86
0.36	0.71	0.83
0	0	0
0	0	0
0	0.59	0
0	0.31	0.44
0.47	0	0
0	0.73	0.35
0	0	1.79
0.4	0.63	0
0.33	0.38	1.01
0	0	0.96
0.49	0	0.88
0	0.63	0
0	0	1.12
0.37	0	0
0.51	0.37	0
0	0.52	0.97
0	0	0
0	0	0.77
0.45	0.59	0.28
0.48	0	0
0	0	0
0	0.32	0
0	0	0
0	0.5	0.85
0	0	0.68
0	0	0
0.46	0.65	0.75
0	0.63	0.99
0	0	0
0	0	0.83
0.48	0.61	0
0	0.3	0
0.28	0	0.62
0	0.57	0
0	0.46	1
0.39	0	0
0.33	0	0.65
0	0	0.74
0	0.58	0.84
0	0.7	0
0	0	0.83
0.4	0.56	0
0	0	0.75
0.4	0.56	0
0	0	0.88
0.48	0	0
0.43	0.92	0.84
0.4	0	0
0	0	0.64
0.3	0	0.41
0	0.56	0.93
0	0.39	0.73
0	0	0.99
0	0	1.14
0	0.3	0
0.43	0	0
0.51	0	0
0	0	0
0	0	0.7
0.5	0.48	0
0	0	0
0.44	0.34	0.62
0	0	0
0	0.22	0
0	0.18	0
0	0.46	0
0.4	0.45	1.51
0.49	0	0
0	0.42	0.66
0.43	0	0
0.31	0	0
0.34	0	0
0.41	0	0
0	0	0.94
0.45	0.38	0
0	0	0
0.49	0.29	0.88
0.21	0	0
0.38	0.28	0
0	0.95	0.44
0	0	0
0.39	0.52	0.75
0	0	1.43
0.33	0	0
0	0.39	0
0.43	0	0.98
0	0.52	0
0.47	0	0.95
0	0.76	0
0	0	0
0.48	0.54	1.05
0	0	0
0	0	0.58
0	0	0
0	0	1.97
0.33	0	0.93
0	0	0
0.43	0.31	5.83
0	0	0
0.43	0	0
0.47	0	0
0	0	0
0.27	0.39	0
0.44	0.49	0
0	0	0
0	0.41	
0	0	
0.38	0.41	
0	0	
0.33	0.45	
0	0	
0	0	
0	0.14	
0.49	0	
0	0	
0	0.52	
0	0	
0	0	
0.46	0	
0.36	0	
0	0.36	
0.16	0	
0	0	
0	0	
0	0	
0.4	0.75	
0	0	
0.34	0.26	
0.48	0	
0	0	
0	0.67	
0	0.62	
0.4	0	
0.38	0	
0	0.21	
0.48	0	
0.45	0	
0	0.33	
0.47	0.66	
0	0	
0.39	0	
0	0.54	
0.49	0.9	
0.35	0	
0.51	0.96	
0	0	
0	0	
0	0	
0	0.2	
0	0	
0	0	
0	0.67	
0	0	
0	0.6	
0	0	
0.22	0.53	
0.46	0.53	
0	0	
0	0	
0	1.05	
0	0	
0.36	0	
0	0	
0.45	0	
0	0.66	
0.3	0	
0	1.2	
0	0	
0	0	
0.43	0.57	
0	0.99	
0.43	0.54	
0	0	
0.33	0.57	
0.48	0.91	
0	0	
0.41	0.76	
0.49	0.57	
0	0	
0.5	0.68	
0	0.54	
0	0	
0	0.65	
0	0.64	
0.48	0	
0	0	
0	0	
0.47	0	
0	0	
0	1.2	
0.43	0.83	
0	0.85	
0	1.07	
0	0	
0.51	0.68	
0	0.82	
0.3	0.76	
0	0	
0	0.68	
0.42	0	
0	0	
0.49	1.08	
0	0.8	
0	0	
0.48	0	
0.2	0.54	
0	0	
0.51	0	
0	0	
0	0	
0	0	
0.29	0.32	
0	0.62	
0	0	
0	1.06	
0	0	
0.38	0.75	
0	0	
0	0.56	
0	0	
0	1.04	
0.41	1.03	
0	0	
0.41	1.14	
0	0.94	
0	0	
0.48	0.54	
0	0	
0.2	0	
0.42	0	
0	0	
0	0	
0.49	0.81	
0	0	
0	0	
0	0	
0	0.86	
0	0	
0.46	1.09	
0	0.59	
0.5	0	
0	0.54	
0	0.39	
0.43	0.52	
0.15	0.62	
0	0	
0.36	0	
0.38	0	
0	0.91	
0.48	0	
0	0.54	
0.37	0.9	
0.46	0	
0	0.53	
0.21	0	
0.48	0	
0	0	
0	0.32	
0	0	
0	0	
0	0	
0	1.05	
0	0.61	
0	0.82	
0.51	0	
0	0.46	
0.49	0.76	
0	0	
0	0.98	
0.47	0.95	
0.36	0	
0.34	0	
0	0.56	
0	0.53	
0	0.65	
0	0.41	
0.31	0	
0	0.52	
0.34	0	
0	0.52	
0.38	0.7	
0.47	0.57	
0.43	0.75	
0.46	0	
0	1	
0	0	
0.36	0	
0.48	0.58	
0.51	0	
0	0	
0.28	0.72	
0	0.53	
0	0.69	
0	0	
0	0.45	
0.34	0	
0.42	0	
0	0	
0.41	0	
0	0	
0	0.3	
0.49	0	
0	0.68	
0	0	
0	0.26	
0.33	0	
0.38	0	
0	0.45	
0.4	0	
0	0	
0	0	
0.3	0	
0	0.22	
0	0	
0	0	
0.48	0	
0	0.52	
0.3	0	
0.32	0.61	
0.32	0	
0	0.53	
0	0.6	
0	0	
0	0.55	
0	0	
0	0	
0	0	
0	0	
0	0	
0.45	0.67	
0	0	
0	0.4	
0	0	
0	0	
0	0.4	
0.34	0	
0	0.34	
0.47	0	
0	0	
0	0	
0	0	
0	0.41	
0	0	
0.44	0	
0	0.43	
0	0.58	
0	0	
0	0.67	
0.24	0	
0	0	
0	0.53	
0.41	0	
0.33	0	
0	0	
0	0.43	
0	0.65	
0	0	
0	0.41	
0	0.49	
0	0	
0	0	
0	0	
0	0	
0	0	
0.38	0.48	
0	0	
0	0.6	
0	0	
0	0	
0	0.68	
0	0	
0	0	
0	0	
0	0	
0	0	
0	0	
0	0.47	
0	0.35	
0	0	
0	0	
0	0	
0	0	
0	0.62	
0.31	0	
0	0	
0	0.41	
0.32	0	
0	0.68	
0	0.47	
0	0	
0	0	
0	0	
0.38	0.16	
0	0.49	
0	0	
0	0	
0	0	
0	0.33	
0	0	
0	0.59	
0.4	0	
0.39	0.32	
0	0.42	
0	0	
0	0.25	
0	0	
0.19	0	
0	0.59	
0	0.43	
0	0	
0	0	
0	0.66	
0	0	
0	0.17	
0	0	
0	0	
0	0.58	
0	0	
0	0	
0.28	0.4	
0	0	
0	0.6	
0	0	
0	0.4	
0	0	
0	0.34	
0	0	
0	0.43	
0	0	
0	0.7	
0	0	
0.3	0.5	
0	0.58	
0	0	
0.3	0	
0	0.61	
0	0	
0	0	
0	0	
0	0.59	
0	0	
0	0.42	
0	0	
0	0	
0	0.18	
0.49	0.39	
0	0	
0	0	
0	0	
0	0.45	
0	0	
0	0	
0	0.28	
0	0	
0	0	
0	0	
0	0.49	
0	0	
0	0.46	
0	0.27	
0	0	
0	0	
0	0	
0	0	
0	0	
0	0.45	
0	0	
0	0.52	
0	0.21	
0	0	
0	0	
0	0.71	
0.34	0	
0	0	
0	0.62	
0.38	0	
0.47	0.61	
0.42	0	
0	0	
0	0.5	
0	0	
0	0.61	
0	0.24	
0	0	
0	0	
0	0.55	
0.27	0	
0	0.55	
0.4	0	
0	0.49	
0.41	0	
0	0.5	
0.5	0	
0	0	
0	0.58	
0	0.35	
0	0	
0	0	
0	0.37	
0	0	
0	0.46	
0.47	0	
0.41	0	
0	0	
0	0	
0	0.52	
0.15	0	
0	0	
0	0	
0	0.44	
0	0	
0	0.71	
0	0	
0	0	
0	0	
0	0	
0	0	
0	0	
0	0	
0	0	
0	0	
0	0.41	
0	0.73	
0	0	
0	0	
0	0	
0.48	0	
0	0	
0	0	
0	0.84	
0	0.83	
0	0.62	
0	0	
0	0.97	
0.42	0	
0.22	0.76	
0	0	
0	0	
0	0.77	
0	0.55	
0	0	
0	0	
0	0	
0	0	
0	0	
0	0	
0	0.72	
0.24	0	
0	0.54	
0	0.49	
0.48	0	
0	0	
0	0	
0	0.96	
0	0	
0	0	
0	0	
0	0.63	
0	0	
0	0	
0	0	
0	0.95	
0	0	
0	0	
0	0	
0	0	
0	0	
0	0.62	
0	0	
0	0	
0	0	
0	0	
0	0.55	
0	0	
0	0	
0	0	
0.42	0	
0	0	
0	0	
0	0	
0	0	
0	0	
0	0	
0	0	
0	0	
0.29	0	
0	0	
0	0	
0.2	0	
0	0	
0	0	
0	0	
0	0	
0	0	
0	0.23	
0	0	
0	0	
0.46	0	
0	0	
0.38	0.53	
0	0	
0	0.54	
0.2	0.5	
0	0	
0	0	
0	0	
0	0	
0	0.64	
0	0	
0	0	
0	0.58	
0.36	0	
0.48	0.49	
0	0	
0.46	0.49	
0	0	
0.3	0	
0.47	0.59	
0	0.57	
0	0	
0	0.48	
0	0	
0	0.52	
0	0	
0.5	0.68	
0	0	
0.47	0.36	
0	0	
0	0	
0	0	
0	0	
0	0	
0	0	
0	0.7	
0	0.5	
0	0	
0.4	0	
0	0	
0	0	
0	0	
0	0.49	
0	0.6	
0	0	
0	0.21	
0	0	
0	0.31	
0	0	
0	0.26	
0	0.36	
0	0.48	
0	0.28	
0	0	
0	0	
0	0	
0	0.68	
0	0	
0	0.59	
0	0.53	
0	0	
0	0.47	
0	0	
0	0.36	
0	0	
0	0.19	
0	0	
0	0	
0	0.6	
0	0.58	
0.4	0	
0	0	
0	0	
0	0.52	
0	0	
0.34	0	
0	0	
0	0	
0	0	
0	0	
0	0.68	
0	1.51	
0	0.78	
0	0	
0.25	0	
0	0	
0	0	
0	0	
0.49	0	
0	0	
0	0	
0.47	0	
0	0	
0	0	
0	0	
0	0	
0	0.86	
0	0	
0	0	
0	0	
0	0	
0	1.24	
0	0.85	
0	0	
0	0	
0	0	
0	0.61	
0	0	
0	0	
0	1.46	
0	0	
0	1.51	
0	0	
0	0	
0.43	1.25	
0	0	
0	0	
0	0	
0.49	0	
0	0.87	
0	0.54	
0.27	0.99	
0	0.52	
0.47	0	
0	0	
0	0	
0.48	0	
0	0	
0.28	0	
0	2.55	
0.45	1.32	
0.21	1.35	
0	0.67	
0.29	0	
0	0	
0	4.39	
0	0	
0	1.59	
0	0	
0.5	0.45	
0	0.66	
0	0.53	
0.34	0.41	
0	0	
0.35	0	
0.17	0.53	
0	0	
0.32	0.49	
0	0	
0.49	0.73	
0	0.98	
0	0	
0.43	0.74	
0	0.84	
0.37	1.01	
0.29	0	
0.29	0.54	
0	0	
0.35	0	
0	0.18	
0.45	0.5	
0.49	0	
0.38	0	
0.29	1.02	
0.48	1.05	
0.49	0	
0.21	0.99	
0	0.52	
0.38	0	
0	0.61	
0.28	0	
0.22	0.55	
0.48	0	
0.38	0.51	
0	0	
0	0	
0	0.61	
0	0	
0	0.42	
0.3	0	
0	0.52	
0.46	0	
0	0.52	
0.33	0	
0	0.39	
0.42	0.5	
0	0.78	
0.28	0.46	
0.16	0	
0	0.44	
0.15	1.12	
0	0.63	
0	0.61	
0.41	0	
0.5	0.75	
0	0	
0.34	0.42	
0.22	0.29	
0.23	1.03	
0.29	0.87	
0.42	1.01	
0	0	
0.33	0	
0.36	0	
0.3	0.36	
0.47	0.52	
0.47	0.18	
0	0	
0.47	0.62	
0	0.93	
0	0.82	
0.41	0.74	
0.3	0	
0	1.08	
0.32	0.59	
0	0.54	
0.3	0.61	
0.36	0	
0.4	0.53	
0	0.48	
0.5	0.24	
0.13	0	
0.35	0.54	
0	0.79	
0.45	0.33	
0.41	0	
0.23	0.6	
0.19	0.83	
0.27	0.22	
0.37	0	
0.4	0.82	
0	0.68	
0.45	0	
0	0.55	
0.43	0.31	
0	0	
0	0	
0.31	0.37	
0.37	0.35	
0	0.68	
0.45	0	
0.33	0.3	
0.47	0.45	
0.49	0.52	
0	0.31	
0.38	0	
0	0	
0	0.99	
0.42	0.24	
0.41	0	
0	0	
0	0.87	
0.36	0	
0	1.22	
0	0.54	
0.28	0.54	
0.46	0	
0	1.91	
0.32	0.8	
0.38	0	
0.49	0.52	
0	0	
0	0	
0.28	0.23	
0	0	
0.34	0.6	
0	0	
0.43	0.93	
0.36	0.47	
0.35	0.59	
0.49	0	
0.38	0.6	
0	0	
0	0.53	
0.48	0.61	
0.22	0.56	
0	0	
0.46	0.63	
0.44	0	
0	0.74	
0.26	0.67	
0.28	0	
0	1.14	
0.47	0	
0	0	
0.22	0	
0	0	
0.49	0	
0	0.74	
0	0.74	
0.27	0	
0	0.63	
0.31	0.74	
0.3	0	
0	0	
0.4	0	
0.35	0.73	
0	0	
0	0.27	
0	0	
0.43	0.94	
0.3	1.18	
0	0.65	
0.18	0	
0	0.65	
0.34	0	
0	0.8	
0.35	0.45	
0	0.54	
0	0.83	
0.39	0.77	
0	0	
0.41	0.57	
0.5	0.45	
0	0.74	
0.39	0.54	
0.29	0	
0.46	0	
0	0.77	
0	0	
0.36	1.11	
0.14	1.8	
0.34	0	
0	0.46	
0.29	0	
0.48	0	
0.42	0.26	
0	0	
0	0	
0.28	0.65	
0.41	0.61	
0	2.3	
0	0.55	
0	0.56	
0.32	0	
0	0.88	
0	0	
0.46	1.16	
0.42	0.85	
0.5	1	
0.33	0	
0	0.65	
0	0	
0	0	
0	0.13	
0.39	0	
0.35	0.81	
0.45	0.6	
0	1.37	
0	1.44	
0.27	0.53	
0.36	0	
0.46	0.36	
0	0.87	
0	0	
0.48	1.04	
0	0	
0	0.66	
0	0.52	
0.31	1.15	
0.5	0	
0	0	
0.28	0.95	
0	1.07	
0	0.86	
0.31	0	
0	0.21	
0.46	0.39	
0	0.37	
0.28	0	
0.33	0	
0.25	0.55	
0	0.9	
0	0	
0	0.58	
0.45	0	
0	0.55	
0	0	
0	0.53	
0	0	
0.12	1.18	
0	0	
0.37	1.05	
0	0.96	
0	0.88	
0.43	0.6	
0	1.67	
0.39	0	
0.15	0.63	
0.29	0	
0.34	0	
0.26	0	
0.44	0	
0	0.52	
0.5	0	
0	0	
0.4	0.82	
0	0	
0.49	0.53	
0	0	
0.36	0	
0.42	0.42	
0	0	
0	0.4	
0	0.26	
0	0	
0.49	0.33	
0.42	0	
0	0.84	
0	0	
0.26	0	
0	0	
0	0.55	
0	0	
0	0	
0	0	
0	0	
0	0.49	
0.43	0	
0	0.6	
0.16	0	
0.21	0.28	
0	0.29	
0	0	
0.48	0	
0.29	0.59	
0	0	
0.22	0.51	
0.46	0	
0	0.61	
0	0	
0	0	
0	0.38	
0	0.53	
0.42	0	
0	0.55	
0.5	0	
0.28	0.41	
0	0	
0	0.27	
0.22	0	
0.4	0	
0.24	0.49	
0	0.45	
0.38	0	
0	0.71	
0.47	0	
0	0.37	
0.38	0.33	
0.5	0	
0	0.24	
0.49	0	
0	0.6	
0.38	0	
0	0	
0	0.4	
0.33	0	
0	0.34	
0.26	0.46	
0.2	0	
0	0.23	
0.26	0	
0.38	0	
0	0	
0	0.4	
0.41	0.1	
0	0	
0.2	0.39	
0	0.25	
0.28	0	
0	0	
0.44	0	
0	0.48	
0.4	0	
0	0.38	
0	0.16	
0	0	
0.3	0	
0	0	
0	0.28	
0	0.33	
0	0	
0	0.58	
0.45	0.57	
0	0	
0	0	
0	0.47	
0.37	0.29	
0	0.24	
0	0	
0	0	
0.39	0.32	
0	0	
0.33	0.41	
0	0	
0	0	
0.28	0	
0	0	
0.34	0	
0.34	0.55	
0.47	0	
0	0	
0	0.46	
0	0	
0	0.4	
0.5	0	
0.31	0.5	
0	0	
0	0	
0.32	0	
0.28	0.36	
0	0	
0	0.79	
0.18	0.6	
0	0	
0	0	
0.37	0.25	
0.25	0	
0	0	
0.33	0.28	
0	0	
0.36	0	
0	0.38	
0	0.31	
0.33	0	
0.37	0	
0	0	
0	0	
0.4	0.5	
0.27	0.36	
0.14	0.41	
0.25	0	
0.51	0	
0.44	0.65	
0.34	0.67	
0	0	
0	0	
0	0.39	
0	0	
0	0	
0	0.39	
0	0	
0	0	
0	0	
0	0.35	
0	0	
0.5	0.48	
0	0.44	
0	0	
0.31	0.17	
0	0	
0	0.23	
0	0	
0.5	0	
0.29	0	
0.37	0	
0	0.31	
0.18	0	
0	0	
0	0	
0	0	
0	0.38	
0.48	0	
0	0	
0	0	
0	0.5	
0.5	0	
0	0.41	
0.38	0	
0	0	
0	0	
0.31	0.66	
0	0	
0	0.49	
0	0.36	
0.46	0.35	
0.15	0	
0	0	
0	0	
0.48	0.59	
0	0.94	
0	0	
0	0.45	
0	0	
0	0	
0	0.17	
0.47	0	
0	0.58	
0.27	0	
0.39	0.29	
0	0	
0	0.59	
0	0.29	
0	0	
0.12	0	
0.31	0	
0	1.06	
0	0	
0	0	
0	0	
0.51	0	
0	0.25	
0.42	0	
0	0.63	
0.35	0	
0	0	
0	0	
0.51	0.39	
0.49	0	
0	0	
0	0	
0	0.57	
0	0	
0.26	0.55	
0	0	
0	0	
0	0.6	
0.32	0	
0	0	
0	0	
0	0.39	
0.37	0	
0	0.2	
0.28	0	
0.48	0	
0	0.66	
0	0	
0	0	
0	0.39	
0	0	
0	0	
0	0	
0	0.45	
0	0.33	
0	0.43	
0.38	0	
0	0.39	
0.35	0	
0.4	0.62	
0	0	
0.33	0.59	
0	0	
0.46	0	
0	0.43	
0.25	0	
0.34	0.93	
0	0.71	
0	0	
0	0.47	
0	0	
0	0	
0.32	0	
0	0	
0	0	
0	0.46	
0	0	
0	0.46	
0.5	0.49	
0	0	
0	1.04	
0.4	0	
0	0	
0	0.47	
0.49	0	
0	0	
0	0.33	
0	0.64	
0.22	0.5	
0	0	
0	0.64	
0	0	
0	0	
0.3	0	
0.47	0	
0	0.4	
0	0	
0.31	0.42	
0	0	
0	0.14	
0.31	0	
0	0	
0.42	0	
0.51	0	
0.21	0	
0	0	
0	0	
0.46	0.48	
0	0	
0.46	0	
0.47	0	
0	0.15	
0.28	0	
0.34	0	
0	0	
0	0	
0	0	
0	0.42	
0.39	0	
0	0	
0	0	
0	0	
0	0	
0	0	
0.29	0.43	
0	0	
0.44	0	
0	0.24	
0.22	0	
0	0	
0	0.44	
0.45	0	
0	0	
0	0	
0	0	
0	0.53	
0	0.5	
0	0.4	
0	0.41	
0.4	0	
0.5	0	
0.49	0.53	
0	0	
0.33	0	
0.37	0.47	
0	0	
0	0	
0.31	0.39	
0	0.58	
0	0	
0	0.43	
0	0.3	
0.44	0	
0	0	
0.29	0.6	
0.49	0.5	
0	0	
0	0	
0	0	
0	0.29	
0	0	
0	0	
0.44	0.48	
0.41	0	
0	0	
0	0.45	
0.39	0.36	
0.16	0	
0	0	
0	0.53	
0.47	0	
0	0	
0	0	
0	0.56	
0	0	
0	0	
0	0.21	
0	0	
0	0	
0.39	0.38	
0.37	0	
0	0	
0	0	
0	0.41	
0.28	0	
0.44	0	
0	0.43	
0.3	0	
0	0	
0	0.55	
0.33	0.58	
0	0	
0.46	0	
0.5	0	
0	0	
0.39	0	
0.25	0.53	
0	0	
0.47	0	
0.33	0.25	
0	0.46	
0.31	0	
0.44	0	
0	0.35	
0.5	0.64	
0	0	
0	0	
0	0.75	
0	0	
0	0.39	
0	0.55	
0	0	
0	0	
0.5	0.94	
0.21	0.56	
0.36	0	
0	0	
0.39	0.43	
0.39	0.38	
0	0	
0.5	0.39	
0	0.4	
0	0.48	
0.39	0	
0	0	
0.5	0.65	
0.2	0.48	
0	0	
0	0	
0.31	0.38	
0	0	
0.33	0.16	
0	0	
0.38	0	
0.49	0	
0	0	
0	0	
0.48	0.46	
0	0	
0.38	0	
0.41	0.43	
0.51	0	
0	0.34	
0	0	
0	0.6	
0.33	0	
0	0	
0.46	0	
0.46	0	
0.32	0	
0	0	
0.44	0	
0	0	
0	0	
0	0	
0	0	
0.49	0	
0	0.66	
0	0	
0.51	0.49	
0.28	0	
0	0.26	
0	0.4	
0	0.48	
0	0	
0.49	0	
0.35	0.32	
0	0.54	
0	0	
0.27	0	
0.27	0	
0	0.54	
0.48	0	
0.29	0	
0	0	
0.38	0.6	
0	0	
0	0.9	
0	0	
0.21	0.4	
0.37	0	
0.37	2.05	
0	0	
0.4	0.81	
0	0	
0	0.59	
0.34	0	
0	0	
0.21	1.03	
0.32	0.91	
0	0.62	
0	0	
0	0.89	
0.5	0	
0.47	0.72	
0.25	0.53	
0.36	1.33	
0	0	
0	0	
0	0.83	
0.44	0	
0	1.35	
0.49	0	
0	0.58	
0.43	0.79	
0.51	0.73	
0	0	
0	0.54	
0	0	
0	1.04	
0	0.85	
0.27	0.9	
0.41	0	
0	0	
0	1.59	
0.25	0	
0	0	
0.33	1.09	
0	1.53	
0	0	
0.47	0	
0	0.61	
0	0	
0.36	0	
0	1.32	
0.3	0	
0.23	0	
0	4.13	
0	0.52	
0	0	
0	0.68	
0.29	0	
0.43	0	
0	0	
0	1.06	
0	0.76	
0	0	
0	0	
0.47	0.96	
0	0	
0.42	0.7	
0	0.83	
0	0	
0.37	0	
0	0	
0.36	0	
0	0.89	
0.34	1.15	
0	0.61	
0.33	1.73	
0.37	0	
0	0	
0.14	0	
0	1.61	
0.17	5.1	
0	0	
0.48	1.16	
0.19	0	
0.36	0	
0	2.19	
0	2.83	
0	0	
0.45	1.16	
0	0.67	
0.31	0	
0.38	1.18	
0.3	0	
0.33	0.8	
0	0.71	
0.49	0	
0.32	0	
0.28	0.66	
0	0	
0.46	0.89	
0	1.48	
0	0	
0		
0.38		
0		
0.44		
0		
0		
0		
0.45		
0		
0.21		
0		
0		
0		
0		
0.49		
0.32		
0		
0.44		
0		
0.46		
0.28		
0		
0		
0.47		
0.32		
0		
0		
0		
0		
0.42		
0.28		
0.29		
0		
0		
0.36		
0		
0.47		
0.22		
0		
0.28		
0		
0.31		
0.25		
0.12		
0		
0.46		
0.4		
0		
0.31		
0.49		
0		
0		
0		
0		
0.49		
0		
0		
0.35		
0		
0.27		
0		
0		
0		
0.51		
0		
0.28		
0		
0		
0.47		
0		
0.17		
0		
0		
0		
0		
0.36		
0		
0		
0.49		
0.14		
0.26		
0		
0.27		
0		
0		
0.22		
0		
0		
0		
0.2		
0		
0		
0.41		
0		
0		
0.34		
0		
0		
0		
0.27		
0		
0		
0.42		
0		
0		
0		
0.18		
0.2		
0.41		
0		
0.4		
0		
0.39		
0		
0		
0.47		
0		
0		
0.32		
0.48		
0.4		
0		
0		
0		
0.41		
0.39		
0.18		
0		
0.35		
0		
0.29		
0.45		
0		
0.49		
0.25		
0		
0.38		
0		
0.29		
0		
0		
0.13		
0		
0		
0.26		
0		
0		
0		
0		
0.19		
0		
0		
0		
0		
0.48		
0		
0.23		
0		
0		
0		
0		
0		
0.37		
0		
0.37		
0.46		
0		
0		
0		
0.28		
0		
0		
0.46		
0		
0.36		
0		
0.3		
0		
0.38		
0.46		
0.42		
0		
0.47		
0.46		
0		
0.37		
0.4		
0		
0		
0.44		
0.22		
0		
0.42		
0		
0		
0		
0		
0		
0		
0		
0		
0		
0		
0		
0.49		
0.26		
0		
0		
0		
0		
0.5		
0		
0		
0.46		
0		
0		
0		
0		
0		
0		
0		
0.49		
0		
0		
0		
0.5		
0		
0		
0.48		
0		
0		
0.39		
0		
0		
0		
0		
0.15		
0		
0		
0		
0		
0		
0		
0.26		
0		
0		
0		
0		
0		
0		
0		
0		
0		
0		
0		
0.28		
0		
0		
0.49		
0		
0		
0		
0		
0		
0		
0.37		
0		
0		
0		
0		
0		
0		
0		
0		
0.35		
0		
0		
0		
0		
0.27		
0		
0.37		
0		
0		
0.44		
0		
0		
0		
0.31		
0		
0.44		
0		
0		
0.4		
0		
0.29		
0		
0.22		
0		
0.33		
0		
0		
0		
0.45		
0		
0		
0		
0.41		
0.42		
0.27		
0.43		
0		
0		
0.33		
0.51		
0.36		
0		
0		
0.38		
0		
0.48		
0.17		
0		
0		
0.4		
0		
0.33		
0.29		
0.23		
0		
0		
0		
0.21		
0		
0.33		
0		
0		
0		
0		
0		
0		
0		
0		
0		
0		
0		
0.46		
0.34		
0.48		
0		
0.47		
0		
0.42		
0.29		
0.2		
0.49		
0		
0		
0.43		
0		
0.44		
0.48		
0		
0.33		
0.51		
0.49		
0		
0.43		
0		
0		
0		
0.48		
0		
0		
0.31		
0		
0.48		
0		
0		
0		
0.27		
0.4		
0		
0.18		
0.37		
0		
0.43		
0.48		
0.22		
0.21		
0		
0.26		
0		
0.41		
0		
0		
0.15		
0		
0		
0		
0		
0.47		
0.43		
0.47		
0.28		
0		
0.3		
0		
0.47		
0		
0.34		
0.5		
0		
0.27		
0		
0.25		
0		
0.16		
0		
0.33		
0.42		
0.37		
0.33		
0.32		
0		
0.29		
0		
0		
0		
0.27		
0		
0.24		
0.47		
0.4		
0		
0.48		
0.47		
0.25		
0.3		
0.44		
0.33		
0		
0.48		
0.43		
0.32		
0		
0		
0.49		
0		
0.28		
0		
0.19		
0.49		
0		
0		
0.5		
0		
0		
0		
0		
0		
0		
0		
0		
0		
0		
0		
0		
0		
0		
0		
0.46		
0		
0		
0		
0		
0		
0		
0		
0		
0		
0		
0		
0		
0		
0		
0		
0		
0		
0		
0		
0		
0		
0		
0.45		
0		
0		
0		
0		
0		
0		
0		
0		
0		
0		
0		
0		
0		
0		
0		
0		
0		
0		
0		
0		
0		
0		
0.47		
0		
0.35		
0		
0		
0		
0.35		
0		
0		
0		
0		
0		
0.49		
0.46		
0.32		
0		
0.4		
0.32		
0.23		
0.43		
0		
0.15		
0		
0		
0		
0		
0		
0		
0		
0.49		
0.4		
0		
0		
0		
0		
0.51		
0		
0		
0		
0.25		
0		
0		
0.44		
0.4		
0.3		
0		
0.46		
0.41		
0.47		
0		
0		
0		
0.48		
0		
0		
0.24		
0		
0		
0		
0		
0.09		
0		
0.36		
0		
0		
0		
0.16		
0.2		
0		
0		
0.51		
0.38		
0.22		
0		
0.4		
0		
0		
0.18		
0		
0.45		
0		
0		
0		
0.44		
0		
0.16		
0		
0		
0.35		
0		
0.4		
0		
0.5		
0.49		
0.28		
0		
0.43		
0		
0		
0.29		
0.36		
0.5		
0.32		
0		
0.47		
0		
0.23		
0		
0.31		
0.39		
0.21		
0.47		
0		
0.5		
0.43		
0.47		
0		
0.23		
0		
0		
0		
0.16		
0		
0.47		
0.38		
0.22		
0		
0.47		
0		
0.47		
0		
0		
0.46		
0.26		
0.26		
0.32		
0		
0		
0		
0		
0		
0.27		
0		
0.36		
0.37		
0.47		
0.41		
0		
0.49		
0.37		
0.19		
0		
0		
0		
0.15		
0		
0.36		
0.34		
0.32		
0		
0.36		
0.35		
0		
0.38		
0.42		
0.48		
0.25		
0		
0.2		
0		
0.41		
0.26		
0.5		
0.5		
0.45		
0.41		
0.29		
0.32		
0.18		
0		
0.27		
0		
0.19		
0.47		
0		
0		
0.5		
0.3		
0.37		
0.4		
0.4		
0		
0		
0.45		
0		
0		
0		
0.31		
0.3		
0		
0		
0		
0.49		
0.22		
0		
0		
0.32		
0.29		
0		
0.39		
0		
0.45		
0		
0.3		
0.2		
0.16		
0.28		
0.37		
0.34		
0		
0		
0		
0		
0		
0.15		
0.45		
0		
0.47		
0.4		
0		
0		
0		
0		
0		
0		
0.33		
0.51		
0		
0		
0		
0		
0		
0		
0.31		
0		
0.21		
0		
0		
0.39		
0		
0.45		
0.17		
0		
0.31		
0		
0.26		
0		
0.46		
0.45		
0		
0		
0.34		
0		
0		
0		
0.44		
0		
0.35		
0		
0.23		
0.51		
0.46		
0.42		
0		
0		
0.38		
0.4		
0.36		
0		
0		
0		
0.51		
0		
0.43		
0.51		
0		
0.32		
0		
0		
0.44		
0		
0.28		
0		
0		
0		
0.26		
0		
0.51		
0		
0.4		
0.41		
0		
0		
0.06		
0		
0		
0.39		
0		
0		
0		
0		
0		
0.3		
0		
0		
0		
0.35		
0		
0		
0		
0		
0		
0		
0.42		
0		
0		
0.45		
0		
0		
0.44		
0		
0.44		
0		
0		
0.28		
0		
0		
0.29		
0.34		
0		
0		
0.28		
0.45		
0		
0.22		
0		
0.08		
0.47		
0.36		
0		
0.33		
0.4		
0		
0		
0.47		
0.37		
0		
0		
0.39		
0		
0		
0.5		
0		
0		
0.4		
0		
0		
0.24		
0		
0.33		
0.48		
0		
0		
0		
0		
0		
0		
0		
0		
0		
0.35		
0.33		
0		
0		
0.49		
0		
0		
0.43		
0.15		
0		
0.42		
0		
0		
0.43		
0		
0.44		
0		
0.49		
0		
0.37		
0		
0		
0.38		
0		
0.28		
0		
0.44		
0		
0		
0		
0.18		
0.32		
0.33		
0.26		
0.45		
0		
0		
0.25		
0.28		
0.4		
0		
0.42		
0.38		
0		
0		
0.41		
0.39		
0		
0.47		
0		
0		
0.25		
0.39		
0.16		
0.21		
0		
0		
0.25		
0.39		
0		
0.38		
0.46		
0.12		
0.35		
0.25		
0		
0.39		
0.41		
0		
0		
0.4		
0		
0.31		
0.29		
0		
0.25		
0.26		
0		
0.19		
0.4		
0.35		
0.31		
0		
0.29		
0		
0.41		
0.4		
0.07		
0		
0.4		
0.2		
0.34		
0		
0.34		
0.45		
0		
0.37		
0		
0.45		
0.44		
0		
0		
0		
0		
0		
0		
0		
0		
0.51		
0		
0.29		
0.48		
0		
0		
0.39		
0.34		
0		
0.2		
0.43		
0		
0		
0		
0.49		
0		
0.14		
0		
0		
0.3		
0.43		
0		
0		
0		
0.39		
0		
0.2		
0.38		
0.47		
0.18		
0.42		
0.46		
0		
0.43		
0		
0		
0		
0		
0.41		
0		
0.44		
0		
0		
0.48		
0		
0.44		
0		
0		
0.49		
0		
0.27		
0		
0		
0.41		
0.21		
0		
0.32		
0		
0		
0.3		
0.44		
0		
0.29		
0		
0.44		
0.39		
0		
0		
0.5		
0		
0.06		
0.27		
0		
0.37		
0.29		
0		
0.44		
0		
0		
0.38		
0		
0.2		
0		
0		
0		
0		
0		
0		
0		
0.48		
0		
0		
0		
0		
0.36		
0.3		
0		
0		
0.31		
0		
0.38		
0.35		
0		
0		
0		
0		
0.47		
0		
0.37		
0.4		
0		
0.24		
0		
0		
0.2		
0		
0		
0.21		
0		
0.43		
0.41		
0.47		
0		
0		
0.27		
0.46		
0		
0.32		
0.49		
0		
0.4		
0.46		
0		
0.32		
0.41		
0		
0		
0.33		
0		
0.39		
0		
0		
0		
0.43		
0.32		
0.49		
0		
0		
0.46		
0		
0		
0.49		
0.15		
0.24		
0		
0.5		
0		
0.39		
0		
0.44		
0.36		
0		
0.46		
0.3		
0.19		
0		
0.41		
0.41		
0		
0.26		
0		
0		
0.31		
0.48		
0.49		
0		
0.27		
0.27		
0		
0.29		
0		
0		
0.21		
0		
0		
0.44		
0		
0.49		
0.48		
0		
0		
0.49		
0.23		
0		
0.31		
0		
0.44		
0.31		
0		
0.46		
0		
0.2		
0		
0.5		
0.32		
0.23		
0		
0		
0.45		
0.5		
0.27		
0		
0		
0.32		
0		
0.35		
0.33		
0		
0		
0.35		
0		
0.3		
0		
0.41		
0.44		
0		
0.36		
0.41		
0		
0.47		
0		
0.31		
0		
0		
0.25		
0.27		
0		
0		
0.17		
0		
0		
0.15		
0.5		
0.45		
0		
0.41		
0		
0.47		
0		
0		
0.47		
0		
0.41		
0		
0		
0.45		
0.27		
0		
0.39		
0		
0.3		
0.42		
0		
0		
0.44		
0		
0.35		
0		
0.27		
0.41		
0.17		
0		
0.34		
0		
0.47		
0.39		
0		
0		
0.5		
0		
0.45		
0		
0.36		
0		
0.39		
0.47		
0.29		
0		
0.36		
0		
0.34		
0.35		
0		
0		
0		
0		
0.34		
0		
0.35		
0		
0.23		
0		
0.3		
0		
0		
0.29		
0.49		
0		
0		
0.39		
0.36		
0.47		
0		
0		
0.5		
0.24		
0		
0.5		
0		
0		
0.47		
0.23		
0		
0		
0.38		
0.36		
0.5		
0.47		
0		
0		
0.47		
0		
0		
0.43		
0		
0.35		
0.4		
0		
0.43		
0.33		
0.31		
0.4		
0		
0.38		
0.35		
0.35		
0		
0.42		
0.49		
0		
0.34		
0.35		
0.4		
0		
0.37		
0		
0.49		
0.38		
0.22		
0.32		
0		
0.48		
0		
0.3		
0		
0.48		
0		
0		
0.33		
0.21		
0		
0.15		
0.2		
0		
0.26		
0.37		
0		
0.07		
0		
0.34		
0		
0		
0		
0		
0		
0.35		
0.39		
0		
0		
0.32		
0		
0.48		
0.29		
0		
0.41		
0.13		
0		
0		
0		
0.27		
0.43		
0		
0.34		
0		
0		
0.32		
0.14		
0		
0.43		
0.51		
0		
0.31		
0		
0		
0.32		
0		
0.37		
0		
0.37		
0		
0		
0.27		
0		
0		
0.19		
0		
0		
0.29		
0		
0		
0		
0		
0		
0		
0.46		
0.46		
0.48		
0.4		
0		
0		
0		
0.43		
0		
0		
0		
0.42		
0.19		
0		
0		
0		
0.45		
0		
0		
0		
0.48		
0.41		
0		
0		
0.36		
0		
0.29		
0.48		
0.34		
0.24		
0		
0		
0.43		
0.5		
0		
0		
0		
0		
0.29		
0.47		
0.46		
0.24		
0		
0.28		
0		
0.45		
0.42		
0.39		
0		
0.5		
0		
0		
0		
0		
0.27		
0		
0.36		
0.21		
0		
0		
0		
0		
0		
0.32		
0.46		
0		
0.38		
0.34		
0.47		
0		
0.48		
0.38		
0.49		
0.44		
0.44		
0.46		
0		
0.26		
0.41		
0.36		
0.35		
0		
0.38		
0.35		
0.19		
0		
0.29		
0.49		
0		
0		
0.46		
0		
0		
0		
0.48		
0		
0.47		
0.27		
0		
0		
0		
0.27		
0		
0.22		
0		
0.41		
0.35		
0		
0.29		
0		
0.48		
0		
0.37		
0		
0		
0		
0.26		
0		
0.35		
0.26		
0.3		
0		
0.09		
0.19		
0		
0.47		
0		
0.3		
0.46		
0		
0.5		
0.3		
0		
0.4		
0.37		
0.34		
0		
0.36		
0		
0		
0		
0.25		
0.26		
0		
0.41		
0		
0		
0		
0.5		
0		
0		
0.45		
0.43		
0.47		
0.46		
0		
0.5		
0		
0		
0.36		
0.41		
0.17		
0		
0.35		
0		
0.42		
0		
0.33		
0		
0.34		
0.35		
0		
0		
0.35		
0		
0.39		
0.38		
0		
0		
0		
0		
0		
0.51		
0		
0		
0		
0		
0		
0.25		
0.3		
0		
0.49		
0.39		
0		
0		
0.44		
0.4		
0		
0.48		
0.47		
0		
0		
0		
0.32		
0		
0.41		
0.49		
0.26		
0		
0.39		
0		
0		
0.39		
0.41		
0.45		
0		
0		
0		
0.38		
0.45		
0		
0		
0.42		
0.44		
0		
0.38		
0.43		
0.44		
0		
0.45		
0.49		
0		
0		
0.43		
0		
0.42		
0.45		
0.31		
0.45		
0.24		
0		
0.48		
0.17		
0		
0.45		
0.42		
0		
0.36		
0.26		
0.42		
0		
0.39		
0.32		
0		
0.46		
0.44		
0.37		
0.18		
0		
0.31		
0		
0.47		
0.41		
0.34		
0		
0.31		
0.47		
0.4		
0		
0		
0.26		
0.43		
0		
0.43		
0		
0.38		
0.35		
0		
0		
0		
0		
0		
0		
0.45		
0.19		
0		
0.39		
0.33		
0		
0		
0.4		
0		
0		
0.24		
0		
0		
0.33		
0		
0.37		
0.33		
0		
0.5		
0.36		
0		
0.19		
0.45		
0.29		
0.37		
0		
0.43		
0.27		
0.22		
0		
0.41		
0.45		
0		
0.24		
0.43		
0		
0		
0		
0		
0.44		
0.32		
0		
0.28		
0.46		
0.4		
0.38		
0.3		
0		
0.4		
0.2		
0.21		
0.48		
0		
0.36		
0.26		
0.16		
0		
0.46		
0.35		
0		
0.4		
0.39		
0		
0.18		
0.2		
0.5		
0.34		
0.45		
0		
0		
0.44		
0.34		
0.24		
0.26		
0.19		
0		
0.2		
0.42		
0.42		
0.2		
0		
0.41		
0.28		
0		
0		
0.33		
0.28		
0		
0.42		
0.49		
0.21		
0		
0.4		
0.32		
0		
0.3		
0.46		
0.43		
0.37		
0		
0		
0.45		
0.4		
0.35		
0.51		
0		
0		
0		
0		
0		
0.29		
0.34		
0.36		
0.34		
0.32		
0		
0.31		
0.46		
0.31		
0		
0.51		
0.41		
0.5		
0.49		
0		
0		
0.19		
0.2		
0		
0		
0.47		
0.41		
0.37		
0		
0.35		
0		
0		
0.32		
0		
0.42		
0.38		
0.36		
0		
0.47		
0.51		
0		
0		
0.47		
0.39		
0.2		
0		
0.49		
0.25		
0.37		
0		
0.34		
0		
0		
0.41		
0.37		
0.39		
0		
0.34		
0		
0		
0		
0.45		
0.46		
0		
0		
0.22		
0.51		
0		
0		
0		
0		
0		
0.51		
0		
0.46		
0.32		
0		
0.17		
0.47		
0.28		
0		
0.48		
0		
0.28		
0.42		
0.46		
0		
0.42		
0.41		
0.26		
0		
0		
0.33		
0.37		
0		
0.4		
0		
0		
0		
0		
0.44		
0		
0		
0		
0		
0.37		
0.21		
0.45		
0		
0.35		
0		
0.26		
0.35		
0.36		
0		
0.3		
0.49		
0		
0.45		
0		
0.3		
0		
0		
0		
0		
0.37		
0		
0		
0.37		
0.36		
0		
0.38		
0.27		
0.17		
0		
0.37		
0.37		
0.29		
0		
0.49		
0		
0.47		
0.32		
0.46		
0		
0.19		
0		
0		
0.46		
0		
0		
0.24		
0		
0.38		
0.45		
0.44		
0		
0.36		
0		
0.3		
0.43		
0		
0.23		
0		
0		
0.35		
0		
0.37		
0		
0		
0		
0.35		
0.35		
0.48		
0.49		
0.27		
0.45		
0.13		
0.47		
0.36		
0		
0.34		
0.34		
0		
0		
0.18		
0.49		
0.47		
0.44		
0		
0		
0.49		
0.41		
0		
0.34		
0.25		
0		
0.27		
0.29		
0.28		
0.49		
0.26		
0		
0.22		
0.25		
0		
0		
0.39		
0		
0		
0		
0.49		
0.28		
0		
0		
0		
0		
0		
0		
0		
0		
0		
0.25		
0.3		
0		
0		
0		
0		
0		
0		
0		
0		
0.18		
0		
0		
0		
0		
0		
0		
0		
0		
0		
0		
0		
0.49		
0.43		
0.36		
0		
0		
0		
0		
0.47		
0		
0		
0		
0		
0		
0.43		
0		
0		
0		
0		
0		
0.12		
0		
0		
0		
0		
0		
0		
0.29		
0		
0.46		
0		
0		
0		
0		
0.22		
0		
0.35		
0		
0.48		
0		
0.5		
0.44		
0		
0.33		
0.19		
0		
0		
0		
0		
0.19		
0.3		
0		
0		
0.16		
0		
0.31		
0		
0		
0.4		
0		
0.5		
0		
0		
0.26		
0		
0.22		
0		
0.47		
0.47		
0		
0		
0		
0		
0		
0		
0		
0.31		
0		
0		
0		
0		
0		
0		
0		
0		
0		
0		
0		
0.32		
0.47		
0.16		
0		
0		
0		
0		
0		
0		
0.51		
0		
0		
0.5		
0		
