NIVEL	CODIGO	DESTINO	POP ATENDIDA	Physicians	Nurses	OtherCadres	CommunityBased	MRIUnit	Mammography	Radiotherapy
1,3014728,Grenoble,687985.00,282.07,1740.60,859.98,3357.37,0.00,0.00,0.00,0.00,0.00
1,6454573,Lyon,563474.00,231.02,1425.59,704.34,2749.75,0.00,0.00,0.00,0.00,0.00
1,6496352,Saint-Étienne,335352.00,137.49,848.44,419.19,1636.52,0.00,0.00,0.00,0.00,0.00
1,2968254,Villeurbanne,147712.00,60.56,373.71,184.64,720.83,0.00,0.00,0.00,0.00,0.00
1,6501240,Clermont-Ferrand,143886.00,58.99,364.03,179.86,702.16,0.00,0.00,0.00,0.00,0.00
1,8296151,Annecy,126924.00,52.04,321.12,158.66,619.39,0.00,0.00,0.00,0.00,0.00
1,2970072,Vénissieux,76112.00,31.21,192.56,95.14,371.43,0.00,0.00,0.00,0.00,0.00
1,6453882,Valence,101114.00,41.46,255.82,126.39,493.44,0.00,0.00,0.00,0.00,0.00
1,6430140,Montélimar,98058.00,40.20,248.09,122.57,478.52,0.00,0.00,0.00,0.00,0.00
1,3027422,Chambéry,80349.00,32.94,203.28,100.44,392.10,0.00,0.00,0.00,0.00,0.00
1,6527084,Vaulx-en-Velin,49658.00,20.36,125.63,62.07,242.33,0.00,0.00,0.00,0.00,0.00
1,6618456,Saint-Priest,411936.00,168.89,1042.20,514.92,2010.25,0.00,0.00,0.00,0.00,0.00
1,3029096,Caluire-et-Cuire,43187.00,17.71,109.26,53.98,210.75,0.00,0.00,0.00,0.00,0.00
1,3029931,Bron,41543.00,17.03,105.10,51.93,202.73,0.00,0.00,0.00,0.00,0.00
1,8287970,Villefranche-sur-Saône,36857.00,15.11,93.25,46.07,179.86,0.00,0.00,0.00,0.00,0.00
1,6433192,Échirolles,36840.00,15.10,93.21,46.05,179.78,0.00,0.00,0.00,0.00,0.00
1,6451007,Annemasse,35712.00,14.64,90.35,44.64,174.27,0.00,0.00,0.00,0.00,0.00
1,2992292,Montluçon,67580.00,27.71,170.98,84.47,329.79,0.00,0.00,0.00,0.00,0.00
1,2979070,Saint-Chamond,34967.00,14.34,88.47,43.71,170.64,0.00,0.00,0.00,0.00,0.00
1,2972742,Thonon-les-Bains,84271.00,34.55,213.21,105.34,411.24,0.00,0.00,0.00,0.00,0.00
1,2983362,Roanne,58361.00,23.93,147.65,72.95,284.80,0.00,0.00,0.00,0.00,0.00
1,2994048,Meyzieu,33477.00,13.73,84.70,41.85,163.37,0.00,0.00,0.00,0.00,0.00
1,6430196,Romans-sur-Isère,33160.00,13.60,83.89,41.45,161.82,0.00,0.00,0.00,0.00,0.00
1,2983536,Rillieux-la-Pape,30012.00,12.30,75.93,37.52,146.46,0.00,0.00,0.00,0.00,0.00
1,6452510,Aix-les-Bains,29794.00,12.22,75.38,37.24,145.39,0.00,0.00,0.00,0.00,0.00
1,2969280,Vienne,29306.00,12.02,74.14,36.63,143.01,0.00,0.00,0.00,0.00,0.00
1,6615539,Bourgoin-Jallieu,50991.00,20.91,129.01,63.74,248.84,0.00,0.00,0.00,0.00,0.00
1,8287998,Oullins,26273.00,10.77,66.47,32.84,128.21,0.00,0.00,0.00,0.00,0.00
1,3036016,Aurillac,38153.00,15.64,96.53,47.69,186.19,0.00,0.00,0.00,0.00,0.00
1,2969392,Vichy,81250.00,33.31,205.56,101.56,396.50,0.00,0.00,0.00,0.00,0.00
1,2988888,Oyonnax,22427.00,9.20,56.74,28.03,109.44,0.00,0.00,0.00,0.00,0.00
1,6441798,Tassin-la-Demi-Lune,22297.00,9.14,56.41,27.87,108.81,0.00,0.00,0.00,0.00,0.00
1,2980586,Sainte-Foy-lès-Lyon,22012.00,9.02,55.69,27.52,107.42,0.00,0.00,0.00,0.00,0.00
1,2979985,Saint-Genis-Laval,21217.00,8.70,53.68,26.52,103.54,0.00,0.00,0.00,0.00,0.00
1,3015902,Givors,20121.00,8.25,50.91,25.15,98.19,0.00,0.00,0.00,0.00,0.00
1,6433470,Voiron,20108.00,8.24,50.87,25.14,98.13,0.00,0.00,0.00,0.00,0.00
1,2991481,Moulins,51367.00,21.06,129.96,64.21,250.67,0.00,0.00,0.00,0.00,0.00
1,2976931,Albertville,19214.00,7.88,48.61,24.02,93.76,0.00,0.00,0.00,0.00,0.00
1,3002465,Le Puy-en-Velay,41126.00,16.86,104.05,51.41,200.69,0.00,0.00,0.00,0.00,0.00
1,2983489,Riom,19011.00,7.79,48.10,23.76,92.77,0.00,0.00,0.00,0.00,0.00
1,3020392,Écully,18587.00,7.62,47.03,23.23,90.70,0.00,0.00,0.00,0.00,0.00
1,2994087,Meylan,17448.00,7.15,44.14,21.81,85.15,0.00,0.00,0.00,0.00,0.00
1,3027453,Chamalières,17210.00,7.06,43.54,21.51,83.98,0.00,0.00,0.00,0.00,0.00
1,3018455,Firminy,29128.00,11.94,73.69,36.41,142.14,0.00,0.00,0.00,0.00,0.00
1,2976406,Sallanches,40187.00,16.48,101.67,50.23,196.11,0.00,0.00,0.00,0.00,0.00
1,3037514,Annonay,16288.00,6.68,41.21,20.36,79.49,0.00,0.00,0.00,0.00,0.00
1,2992890,Montbrison,15656.00,6.42,39.61,19.57,76.40,0.00,0.00,0.00,0.00,0.00
1,2979072,Saint-Julien-en-Genevois,28371.00,11.63,71.78,35.46,138.45,0.00,0.00,0.00,0.00,0.00
1,6453474,Rumilly,16643.00,6.82,42.11,20.80,81.22,0.00,0.00,0.00,0.00,0.00
1,3012664,Issoire,24600.00,10.09,62.24,30.75,120.05,0.00,0.00,0.00,0.00,0.00
1,2983408,Rive-de-Gier,15105.00,6.19,38.22,18.88,73.71,0.00,0.00,0.00,0.00,0.00
1,3017363,Francheville,14656.00,6.01,37.08,18.32,71.52,0.00,0.00,0.00,0.00,0.00
1,6618079,Ambérieu-en-Bugey,78553.00,32.21,198.74,98.19,383.34,0.00,0.00,0.00,0.00,0.00
1,2987259,Pierrelatte,34358.00,14.09,86.93,42.95,167.67,0.00,0.00,0.00,0.00,0.00
1,3016143,Gex,17617.00,7.22,44.57,22.02,85.97,0.00,0.00,0.00,0.00,0.00
1,3031517,Bonneville,12557.00,5.15,31.77,15.70,61.28,0.00,0.00,0.00,0.00,0.00
1,3036418,Aubenas,12253.00,5.02,31.00,15.32,59.79,0.00,0.00,0.00,0.00,0.00
1,2971106,Le Chambon-Feugerolles,12200.00,5.00,30.87,15.25,59.54,0.00,0.00,0.00,0.00,0.00
1,6456414,La Motte-Servolex,11932.00,4.89,30.19,14.91,58.23,0.00,0.00,0.00,0.00,0.00
1,2972857,Thiers,41029.00,16.82,103.80,51.29,200.22,0.00,0.00,0.00,0.00,0.00
1,6443019,Passy,11203.00,4.59,28.34,14.00,54.67,0.00,0.00,0.00,0.00,0.00
1,3006770,La Roche-sur-Foron,31198.00,12.79,78.93,39.00,152.25,0.00,0.00,0.00,0.00,0.00
1,3034198,Beaumont,10793.00,4.43,27.31,13.49,52.67,0.00,0.00,0.00,0.00,0.00
1,2972214,Tournon-sur-Rhône,10598.00,4.35,26.81,13.25,51.72,0.00,0.00,0.00,0.00,0.00
1,2973394,Tarare,10587.00,4.34,26.79,13.23,51.66,0.00,0.00,0.00,0.00,0.00
1,2987314,Pierre-Bénite,10461.00,4.29,26.47,13.08,51.05,0.00,0.00,0.00,0.00,0.00
1,3016177,Gerzat,10315.00,4.23,26.10,12.89,50.34,0.00,0.00,0.00,0.00,0.00
1,6615624,Miribel,17643.00,7.23,44.64,22.05,86.10,0.00,0.00,0.00,0.00,0.00
1,6447896,Bourg-de-Péage,140169.00,57.47,354.63,175.21,684.02,0.00,0.00,0.00,0.00,0.00
1,3033625,Belley,59207.00,24.27,149.79,74.01,288.93,0.00,0.00,0.00,0.00,0.00
1,2969543,Vétraz-Monthoux,8969.00,3.68,22.69,11.21,43.77,0.00,0.00,0.00,0.00,0.00
1,2968703,Ville-la-Grand,8926.00,3.66,22.58,11.16,43.56,0.00,0.00,0.00,0.00,0.00
1,2993277,Monistrol-sur-Loire,8854.00,3.63,22.40,11.07,43.21,0.00,0.00,0.00,0.00,0.00
1,3026757,Chaponost,8790.00,3.60,22.24,10.99,42.90,0.00,0.00,0.00,0.00,0.00
1,3028028,Cébazat,9855.00,4.04,24.93,12.32,48.09,0.00,0.00,0.00,0.00,0.00
1,3012742,Irigny,8695.00,3.56,22.00,10.87,42.43,0.00,0.00,0.00,0.00,0.00
1,3022540,Crest,9950.00,4.08,25.17,12.44,48.56,0.00,0.00,0.00,0.00,0.00
1,2969432,Roussillon,38068.00,15.61,96.31,47.59,185.77,0.00,0.00,0.00,0.00,0.00
1,2985290,Privas,69465.00,28.48,175.75,86.83,338.99,0.00,0.00,0.00,0.00,0.00
1,6455106,Feurs,8252.00,3.38,20.88,10.31,40.27,0.00,0.00,0.00,0.00,0.00
1,3033636,Belleville,17425.00,7.14,44.09,21.78,85.03,0.00,0.00,0.00,0.00,0.00
1,3006202,La Tour-du-Pin,115637.00,47.41,292.56,144.55,564.31,0.00,0.00,0.00,0.00,0.00
1,6424590,Meximieux,13949.00,5.72,35.29,17.44,68.07,0.00,0.00,0.00,0.00,0.00
1,2983050,Romagnat,80776.00,33.12,204.36,100.97,394.19,0.00,0.00,0.00,0.00,0.00
1,2978566,Saint-Marcellin,24828.00,10.18,62.81,31.04,121.16,0.00,0.00,0.00,0.00,0.00
1,6433417,Seyssins,45658.00,18.72,115.51,57.07,222.81,0.00,0.00,0.00,0.00,0.00
1,6433435,Tullins,7719.00,3.16,19.53,9.65,37.67,0.00,0.00,0.00,0.00,0.00
1,2979303,Saint-Jean-de-Maurienne,11281.00,4.63,28.54,14.10,55.05,0.00,0.00,0.00,0.00,0.00
1,6434192,Mably,8704.00,3.57,22.02,10.88,42.48,0.00,0.00,0.00,0.00,0.00
1,2990516,Neuville-sur-Saône,7560.00,3.10,19.13,9.45,36.89,0.00,0.00,0.00,0.00,0.00
1,3015823,Gleizé,7470.00,3.06,18.90,9.34,36.45,0.00,0.00,0.00,0.00,0.00
1,2967796,Vizille,10570.00,4.33,26.74,13.21,51.58,0.00,0.00,0.00,0.00,0.00
1,3030949,Bourg-Saint-Maurice,11296.00,4.63,28.58,14.12,55.12,0.00,0.00,0.00,0.00,0.00
1,2967203,Yssingeaux,10898.00,4.47,27.57,13.62,53.18,0.00,0.00,0.00,0.00,0.00
1,3030953,Bourg-Saint-Andéol,7167.00,2.94,18.13,8.96,34.97,0.00,0.00,0.00,0.00,0.00
1,6442917,Ugine,48293.00,19.80,122.18,60.37,235.67,0.00,0.00,0.00,0.00,0.00
1,3006320,La Talaudière,6931.00,2.84,17.54,8.66,33.82,0.00,0.00,0.00,0.00,0.00
1,6612211,Trévoux,6882.00,2.82,17.41,8.60,33.58,0.00,0.00,0.00,0.00,0.00
1,2989819,Nyons,8785.00,3.60,22.23,10.98,42.87,0.00,0.00,0.00,0.00,0.00
1,3029995,Brioude,13841.00,5.67,35.02,17.30,67.54,0.00,0.00,0.00,0.00,0.00
1,3037937,Ambert,12244.00,5.02,30.98,15.30,59.75,0.00,0.00,0.00,0.00,0.00
1,2983395,Rives,6606.00,2.71,16.71,8.26,32.24,0.00,0.00,0.00,0.00,0.00
1,6455959,La Tronche,9777.00,4.01,24.74,12.22,47.71,0.00,0.00,0.00,0.00,0.00
1,6424736,Viriat,103850.00,42.58,262.74,129.81,506.79,0.00,0.00,0.00,0.00,0.00
1,3027746,Ceyrat,6390.00,2.62,16.17,7.99,31.18,0.00,0.00,0.00,0.00,0.00
1,2980104,Saint-Flour,8671.00,3.56,21.94,10.84,42.31,0.00,0.00,0.00,0.00,0.00
1,6424553,Jassans-Riottier,36835.00,15.10,93.19,46.04,179.75,0.00,0.00,0.00,0.00,0.00
1,2972633,Thyez,11500.00,4.71,29.09,14.38,56.12,0.00,0.00,0.00,0.00,0.00
1,6617597,Ambilly,195477.00,80.15,494.56,244.35,953.93,0.00,0.00,0.00,0.00,0.00
1,3026145,Châtel-Guyon,107043.00,43.89,270.82,133.80,522.37,0.00,0.00,0.00,0.00,0.00
1,6617585,Saint-Alban-Leysse,6146.00,2.52,15.55,7.68,29.99,0.00,0.00,0.00,0.00,0.00
1,2977350,Saint-Priest-en-Jarez,6092.00,2.50,15.41,7.62,29.73,0.00,0.00,0.00,0.00,0.00
1,2970477,Vaugneray,5896.00,2.42,14.92,7.37,28.77,0.00,0.00,0.00,0.00,0.00
1,6434263,Saint-Galmier,5737.00,2.35,14.51,7.17,28.00,0.00,0.00,0.00,0.00,0.00
1,3027507,Challes-les-Eaux,12533.00,5.14,31.71,15.67,61.16,0.00,0.00,0.00,0.00,0.00
1,3025668,Chazelles-sur-Lyon,6430.00,2.64,16.27,8.04,31.38,0.00,0.00,0.00,0.00,0.00
1,3022060,Montrond-les-Bains,5290.00,2.17,13.38,6.61,25.82,0.00,0.00,0.00,0.00,0.00
1,2977365,Saint-Pourçain-sur-Sioule,6273.00,2.57,15.87,7.84,30.61,0.00,0.00,0.00,0.00,0.00
1,3034064,Beaurepaire,12956.00,5.31,32.78,16.20,63.23,0.00,0.00,0.00,0.00,0.00
1,3007957,La Mure,9251.00,3.79,23.41,11.56,45.14,0.00,0.00,0.00,0.00,0.00
1,3032629,Billom,6030.00,2.47,15.26,7.54,29.43,0.00,0.00,0.00,0.00,0.00
1,3021435,Die,4665.00,1.91,11.80,5.83,22.77,0.00,0.00,0.00,0.00,0.00
1,6433360,Saint-Laurent-du-Pont,4520.00,1.85,11.44,5.65,22.06,0.00,0.00,0.00,0.00,0.00
1,2991847,Morestel,4472.00,1.83,11.31,5.59,21.82,0.00,0.00,0.00,0.00,0.00
1,6446574,Désertines,7288.00,2.99,18.44,9.11,35.57,0.00,0.00,0.00,0.00,0.00
1,2974675,Sevrier,5931.00,2.43,15.01,7.41,28.94,0.00,0.00,0.00,0.00,0.00
1,6454661,Épagny,4118.00,1.69,10.42,5.15,20.10,0.00,0.00,0.00,0.00,0.00
1,3023937,Condrieu,3927.00,1.61,9.94,4.91,19.16,0.00,0.00,0.00,0.00,0.00
1,2988160,Pélussin,3751.00,1.54,9.49,4.69,18.30,0.00,0.00,0.00,0.00,0.00
1,2976794,Saint-Symphorien-sur-Coise,7758.00,3.18,19.63,9.70,37.86,0.00,0.00,0.00,0.00,0.00
1,3026610,Charlieu,3681.00,1.51,9.31,4.60,17.96,0.00,0.00,0.00,0.00,0.00
1,2970685,Varennes-sur-Allier,6734.00,2.76,17.04,8.42,32.86,0.00,0.00,0.00,0.00,0.00
1,6455948,Le Pont-de-Beauvoisin,3582.00,1.47,9.06,4.48,17.48,0.00,0.00,0.00,0.00,0.00
1,3007730,Langeac,6458.00,2.65,16.34,8.07,31.52,0.00,0.00,0.00,0.00,0.00
1,2995024,Mauriac,7168.00,2.94,18.14,8.96,34.98,0.00,0.00,0.00,0.00,0.00
1,2970828,Vals-les-Bains,3547.00,1.45,8.97,4.43,17.31,0.00,0.00,0.00,0.00,0.00
1,2991325,Moûtiers,20952.00,8.59,53.01,26.19,102.25,0.00,0.00,0.00,0.00,0.00
1,3006806,La Roche-Blanche,3474.00,1.42,8.79,4.34,16.95,0.00,0.00,0.00,0.00,0.00
1,6454141,Savigneux,3441.00,1.41,8.71,4.30,16.79,0.00,0.00,0.00,0.00,0.00
1,2990932,Nantua,37246.00,15.27,94.23,46.56,181.76,0.00,0.00,0.00,0.00,0.00
1,2968897,Villaz,117987.00,48.37,298.51,147.48,575.78,0.00,0.00,0.00,0.00,0.00
1,3032151,Boën-sur-Lignon,16776.00,6.88,42.44,20.97,81.87,0.00,0.00,0.00,0.00,0.00
1,6430076,Dieulefit,11266.00,4.62,28.50,14.08,54.98,0.00,0.00,0.00,0.00,0.00
1,3036987,Argonay,3184.00,1.31,8.06,3.98,15.54,0.00,0.00,0.00,0.00,0.00
1,2993654,Modane,6601.00,2.71,16.70,8.25,32.21,0.00,0.00,0.00,0.00,0.00
1,3021133,Dompierre-sur-Besbre,6066.00,2.49,15.35,7.58,29.60,0.00,0.00,0.00,0.00,0.00
1,6442915,Tresserve,61798.00,25.34,156.35,77.25,301.57,0.00,0.00,0.00,0.00,0.00
1,2968574,Villeneuve-de-Berg,2973.00,1.22,7.52,3.72,14.51,0.00,0.00,0.00,0.00,0.00
1,2977922,Saint-Nazaire-les-Eymes,228232.00,93.58,577.43,285.29,1113.77,0.00,0.00,0.00,0.00,0.00
1,3004609,Le Cheylard,7111.00,2.92,17.99,8.89,34.70,0.00,0.00,0.00,0.00,0.00
1,3038249,Albigny-sur-Saône,2911.00,1.19,7.36,3.64,14.21,0.00,0.00,0.00,0.00,0.00
1,2986454,Pollionnay,2761.00,1.13,6.99,3.45,13.47,0.00,0.00,0.00,0.00,0.00
1,2999391,Les Vans,6574.00,2.70,16.63,8.22,32.08,0.00,0.00,0.00,0.00,0.00
1,3031089,Bourbon-l’Archambault,6795.00,2.79,17.19,8.49,33.16,0.00,0.00,0.00,0.00,0.00
1,2990767,Néris-les-Bains,2544.00,1.04,6.44,3.18,12.41,0.00,0.00,0.00,0.00,0.00
1,2983487,Riom-ès-Montagnes,3537.00,1.45,8.95,4.42,17.26,0.00,0.00,0.00,0.00,0.00
1,3004774,Le Chambon-sur-Lignon,7838.00,3.21,19.83,9.80,38.25,0.00,0.00,0.00,0.00,0.00
1,2979976,Saint-Geoire-en-Valdaine,2390.00,0.98,6.05,2.99,11.66,0.00,0.00,0.00,0.00,0.00
1,2979900,Saint-Georges-les-Bains,2367.00,0.97,5.99,2.96,11.55,0.00,0.00,0.00,0.00,0.00
1,2981901,Saint-Agrève,2347.00,0.96,5.94,2.93,11.45,0.00,0.00,0.00,0.00,0.00
1,3008249,Lamastre,2338.00,0.96,5.92,2.92,11.41,0.00,0.00,0.00,0.00,0.00
1,3029603,Buis-les-Baronnies,6026.00,2.47,15.25,7.53,29.41,0.00,0.00,0.00,0.00,0.00
1,6424630,Pont-de-Vaux,32854.00,13.47,83.12,41.07,160.33,0.00,0.00,0.00,0.00,0.00
1,3034287,Beaujeu,27561.00,11.30,69.73,34.45,134.50,0.00,0.00,0.00,0.00,0.00
1,2995003,Maurs,3677.00,1.51,9.30,4.60,17.94,0.00,0.00,0.00,0.00,0.00
1,6451052,Contamine-sur-Arve,2091.00,0.86,5.29,2.61,10.20,0.00,0.00,0.00,0.00,0.00
1,3023478,Cosne-d’Allier,3560.00,1.46,9.01,4.45,17.37,0.00,0.00,0.00,0.00,0.00
1,3020620,Durtol,2028.00,0.83,5.13,2.54,9.90,0.00,0.00,0.00,0.00,0.00
1,6617578,Frontenex,16356.00,6.71,41.38,20.45,79.82,0.00,0.00,0.00,0.00,0.00
1,2980691,Sainte-Colombe,38716.00,15.87,97.95,48.40,188.93,0.00,0.00,0.00,0.00,0.00
1,2991179,Murat,1855.00,0.76,4.69,2.32,9.05,0.00,0.00,0.00,0.00,0.00
1,2969365,Vic-sur-Cère,12429.00,5.10,31.45,15.54,60.65,0.00,0.00,0.00,0.00,0.00
1,2978936,Saint-Laurent-de-Chamousset,116049.00,47.58,293.60,145.06,566.32,0.00,0.00,0.00,0.00,0.00
1,6430138,Montéléger,7646.00,3.13,19.34,9.56,37.31,0.00,0.00,0.00,0.00,0.00
1,3010882,La Bourboule,5235.00,2.15,13.24,6.54,25.55,0.00,0.00,0.00,0.00,0.00
1,2967252,Ydes,3073.00,1.26,7.77,3.84,15.00,0.00,0.00,0.00,0.00,0.00
1,3006958,Largentière,25175.00,10.32,63.69,31.47,122.85,0.00,0.00,0.00,0.00,0.00
1,2971074,Val-d’Isère,1577.00,0.65,3.99,1.97,7.70,0.00,0.00,0.00,0.00,0.00
1,2982781,Rosières,11357.00,4.66,28.73,14.20,55.42,0.00,0.00,0.00,0.00,0.00
1,2981325,Saint-Bonnet-le-Château,24087.00,9.88,60.94,30.11,117.54,0.00,0.00,0.00,0.00,0.00
1,6616783,Aiguilhe,20099.00,8.24,50.85,25.12,98.08,0.00,0.00,0.00,0.00,0.00
1,3038745,Abondance,2685.00,1.10,6.79,3.36,13.10,0.00,0.00,0.00,0.00,0.00
1,6433390,Saint-Prim,155465.00,63.74,393.33,194.33,758.67,0.00,0.00,0.00,0.00,0.00
1,3013022,Huez,4316.00,1.77,10.92,5.39,21.06,0.00,0.00,0.00,0.00,0.00
1,3006219,La Tour,84076.00,34.47,212.71,105.09,410.29,0.00,0.00,0.00,0.00,0.00
1,3020569,Ébreuil,2281.00,0.94,5.77,2.85,11.13,0.00,0.00,0.00,0.00,0.00
1,2976645,Saint-Victor-sur-Rhins,39136.00,16.05,99.01,48.92,190.98,0.00,0.00,0.00,0.00,0.00
1,3015000,Grandris,57322.00,23.50,145.02,71.65,279.73,0.00,0.00,0.00,0.00,0.00
1,2980165,Saint-Félicien,2694.00,1.10,6.82,3.37,13.15,0.00,0.00,0.00,0.00,0.00
1,2974809,Serrières,20731.00,8.50,52.45,25.91,101.17,0.00,0.00,0.00,0.00,0.00
1,6434284,Saint-Just-en-Chevalet,1138.00,0.47,2.88,1.42,5.55,0.00,0.00,0.00,0.00,0.00
1,6454096,Virieu,57667.00,23.64,145.90,72.08,281.41,0.00,0.00,0.00,0.00,0.00
1,2987067,Pionsat,6033.00,2.47,15.26,7.54,29.44,0.00,0.00,0.00,0.00,0.00
1,3004337,Le Donjon,2206.00,0.90,5.58,2.76,10.77,0.00,0.00,0.00,0.00,0.00
1,3026398,Chassenard,1008.00,0.41,2.55,1.26,4.92,0.00,0.00,0.00,0.00,0.00
