NIVEL	CODIGO	DESTINO	POP ATENDIDA	Physicians	Nurses	OtherCadres	CommunityBased	Beds	CTScanner	MRIUnit	Mammography	Radiotherapy
3	3014728	Grenoble	687985.00	1369.09	6178.11	1726.84	0.00	1252.13	13.69	11.56	10.73	7.02
3	6454573	Lyon	563474.00	1121.31	5060.00	1414.32	0.00	1025.52	11.21	9.47	8.79	5.75
3	6496352	Saint-Étienne	335352.00	667.35	3011.46	841.73	0.00	610.34	6.67	5.63	5.23	3.42
3	2968254	Villeurbanne	147712.00	293.95	1326.45	370.76	0.00	268.84	2.94	2.48	2.30	1.51
3	6501240	Clermont-Ferrand	143886.00	286.33	1292.10	361.15	0.00	261.87	2.86	2.42	2.24	1.47
3	8296151	Annecy	126924.00	252.58	1139.78	318.58	0.00	231.00	2.53	2.13	1.98	1.29
3	2970072	Vénissieux	114828.00	228.51	1031.16	288.22	0.00	208.99	2.29	1.93	1.79	1.17
3	6453882	Valence	108760.00	216.43	976.66	272.99	0.00	197.94	2.16	1.83	1.70	1.11
3	6430140	Montélimar	98058.00	195.14	880.56	246.13	0.00	178.47	1.95	1.65	1.53	1.00
3	3027422	Chambéry	80349.00	159.89	721.53	201.68	0.00	146.24	1.60	1.35	1.25	0.82
3	6527084	Vaulx-en-Velin	49658.00	98.82	445.93	124.64	0.00	90.38	0.99	0.83	0.77	0.51
3	6618456	Saint-Priest	411936.00	819.75	3699.19	1033.96	0.00	749.72	8.20	6.92	6.43	4.20
3	3029096	Caluire-et-Cuire	43187.00	85.94	387.82	108.40	0.00	78.60	0.86	0.73	0.67	0.44
3	3029931	Bron	41543.00	82.67	373.06	104.27	0.00	75.61	0.83	0.70	0.65	0.42
3	8287970	Villefranche-sur-Saône	36857.00	73.35	330.98	92.51	0.00	67.08	0.73	0.62	0.57	0.38
3	6433192	Échirolles	36840.00	73.31	330.82	92.47	0.00	67.05	0.73	0.62	0.57	0.38
3	6451007	Annemasse	35712.00	71.07	320.69	89.64	0.00	65.00	0.71	0.60	0.56	0.36
3	2992292	Montluçon	67580.00	134.48	606.87	169.63	0.00	123.00	1.34	1.14	1.05	0.69
3	2979070	Saint-Chamond	34967.00	69.58	314.00	87.77	0.00	63.64	0.70	0.59	0.55	0.36
3	2972742	Thonon-les-Bains	86956.00	173.04	780.86	218.26	0.00	158.26	1.73	1.46	1.36	0.89
3	2983362	Roanne	58361.00	116.14	524.08	146.49	0.00	106.22	1.16	0.98	0.91	0.60
3	2994048	Meyzieu	33477.00	66.62	300.62	84.03	0.00	60.93	0.67	0.56	0.52	0.34
3	6430196	Romans-sur-Isère	33160.00	65.99	297.78	83.23	0.00	60.35	0.66	0.56	0.52	0.34
3	2983536	Rillieux-la-Pape	30012.00	59.72	269.51	75.33	0.00	54.62	0.60	0.50	0.47	0.31
3	6452510	Aix-les-Bains	29794.00	59.29	267.55	74.78	0.00	54.23	0.59	0.50	0.46	0.30
3	2969280	Vienne	29306.00	58.32	263.17	73.56	0.00	53.34	0.58	0.49	0.46	0.30
3	6615539	Bourgoin-Jallieu	50991.00	101.47	457.90	127.99	0.00	92.80	1.01	0.86	0.80	0.52
3	8287998	Oullins	26273.00	52.28	235.93	65.95	0.00	47.82	0.52	0.44	0.41	0.27
3	3036016	Aurillac	50582.00	100.66	454.23	126.96	0.00	92.06	1.01	0.85	0.79	0.52
3	2969392	Vichy	87984.00	175.09	790.10	220.84	0.00	160.13	1.75	1.48	1.37	0.90
3	2988888	Oyonnax	22427.00	44.63	201.39	56.29	0.00	40.82	0.45	0.38	0.35	0.23
3	6441798	Tassin-la-Demi-Lune	22297.00	44.37	200.23	55.97	0.00	40.58	0.44	0.37	0.35	0.23
3	2980586	Sainte-Foy-lès-Lyon	22012.00	43.80	197.67	55.25	0.00	40.06	0.44	0.37	0.34	0.22
3	2979985	Saint-Genis-Laval	21217.00	42.22	190.53	53.25	0.00	38.61	0.42	0.36	0.33	0.22
3	3015902	Givors	20121.00	40.04	180.69	50.50	0.00	36.62	0.40	0.34	0.31	0.21
3	6433470	Voiron	20108.00	40.01	180.57	50.47	0.00	36.60	0.40	0.34	0.31	0.21
3	2991481	Moulins	72707.00	144.69	652.91	182.49	0.00	132.33	1.45	1.22	1.13	0.74
3	2976931	Albertville	35570.00	70.78	319.42	89.28	0.00	64.74	0.71	0.60	0.55	0.36
3	3002465	Le Puy-en-Velay	41126.00	81.84	369.31	103.23	0.00	74.85	0.82	0.69	0.64	0.42
3	2983489	Riom	19011.00	37.83	170.72	47.72	0.00	34.60	0.38	0.32	0.30	0.19
3	3020392	Écully	18587.00	36.99	166.91	46.65	0.00	33.83	0.37	0.31	0.29	0.19
3	2994087	Meylan	17448.00	34.72	156.68	43.79	0.00	31.76	0.35	0.29	0.27	0.18
3	3027453	Chamalières	17210.00	34.25	154.55	43.20	0.00	31.32	0.34	0.29	0.27	0.18
3	3018455	Firminy	53215.00	105.90	477.87	133.57	0.00	96.85	1.06	0.89	0.83	0.54
3	2976406	Sallanches	40187.00	79.97	360.88	100.87	0.00	73.14	0.80	0.68	0.63	0.41
3	3037514	Annonay	37019.00	73.67	332.43	92.92	0.00	67.37	0.74	0.62	0.58	0.38
3	2992890	Montbrison	15656.00	31.16	140.59	39.30	0.00	28.49	0.31	0.26	0.24	0.16
3	2979072	Saint-Julien-en-Genevois	28371.00	56.46	254.77	71.21	0.00	51.64	0.56	0.48	0.44	0.29
3	6453474	Rumilly	16643.00	33.12	149.45	41.77	0.00	30.29	0.33	0.28	0.26	0.17
3	3012664	Issoire	24600.00	48.95	220.91	61.75	0.00	44.77	0.49	0.41	0.38	0.25
3	2983408	Rive-de-Gier	15105.00	30.06	135.64	37.91	0.00	27.49	0.30	0.25	0.24	0.15
3	3017363	Francheville	14656.00	29.17	131.61	36.79	0.00	26.67	0.29	0.25	0.23	0.15
3	6618079	Ambérieu-en-Bugey	78553.00	156.32	705.41	197.17	0.00	142.97	1.56	1.32	1.23	0.80
3	2987259	Pierrelatte	34358.00	68.37	308.53	86.24	0.00	62.53	0.68	0.58	0.54	0.35
3	3016143	Gex	17617.00	35.06	158.20	44.22	0.00	32.06	0.35	0.30	0.27	0.18
3	3031517	Bonneville	12557.00	24.99	112.76	31.52	0.00	22.85	0.25	0.21	0.20	0.13
3	3036418	Aubenas	37428.00	74.48	336.10	93.94	0.00	68.12	0.74	0.63	0.58	0.38
3	2971106	Le Chambon-Feugerolles	12200.00	24.28	109.56	30.62	0.00	22.20	0.24	0.20	0.19	0.12
3	6456414	La Motte-Servolex	11932.00	23.74	107.15	29.95	0.00	21.72	0.24	0.20	0.19	0.12
3	2972857	Thiers	41029.00	81.65	368.44	102.98	0.00	74.67	0.82	0.69	0.64	0.42
3	6443019	Passy	11203.00	22.29	100.60	28.12	0.00	20.39	0.22	0.19	0.17	0.11
3	3006770	La Roche-sur-Foron	31198.00	62.08	280.16	78.31	0.00	56.78	0.62	0.52	0.49	0.32
3	3034198	Beaumont	10793.00	21.48	96.92	27.09	0.00	19.64	0.21	0.18	0.17	0.11
3	2972214	Tournon-sur-Rhône	10598.00	21.09	95.17	26.60	0.00	19.29	0.21	0.18	0.17	0.11
3	2973394	Tarare	10587.00	21.07	95.07	26.57	0.00	19.27	0.21	0.18	0.17	0.11
3	2987314	Pierre-Bénite	10461.00	20.82	93.94	26.26	0.00	19.04	0.21	0.18	0.16	0.11
3	3016177	Gerzat	10315.00	20.53	92.63	25.89	0.00	18.77	0.21	0.17	0.16	0.11
3	6615624	Miribel	17643.00	35.11	158.43	44.28	0.00	32.11	0.35	0.30	0.28	0.18
3	6447896	Bourg-de-Péage	140169.00	278.94	1258.72	351.82	0.00	255.11	2.79	2.35	2.19	1.43
3	3033625	Belley	59207.00	117.82	531.68	148.61	0.00	107.76	1.18	0.99	0.92	0.60
3	2969543	Vétraz-Monthoux	8969.00	17.85	80.54	22.51	0.00	16.32	0.18	0.15	0.14	0.09
3	2968703	Ville-la-Grand	8926.00	17.76	80.16	22.40	0.00	16.25	0.18	0.15	0.14	0.09
3	2993277	Monistrol-sur-Loire	8854.00	17.62	79.51	22.22	0.00	16.11	0.18	0.15	0.14	0.09
3	3026757	Chaponost	8790.00	17.49	78.93	22.06	0.00	16.00	0.17	0.15	0.14	0.09
3	3028028	Cébazat	9855.00	19.61	88.50	24.74	0.00	17.94	0.20	0.17	0.15	0.10
3	3012742	Irigny	8695.00	17.30	78.08	21.82	0.00	15.82	0.17	0.15	0.14	0.09
3	3022540	Crest	9950.00	19.80	89.35	24.97	0.00	18.11	0.20	0.17	0.16	0.10
3	2969432	Roussillon	193533.00	385.13	1737.93	485.77	0.00	352.23	3.85	3.25	3.02	1.97
3	2985290	Privas	69465.00	138.24	623.80	174.36	0.00	126.43	1.38	1.17	1.08	0.71
3	6455106	Feurs	8252.00	16.42	74.10	20.71	0.00	15.02	0.16	0.14	0.13	0.08
3	3033636	Belleville	17425.00	34.68	156.48	43.74	0.00	31.71	0.35	0.29	0.27	0.18
3	3006202	La Tour-du-Pin	115637.00	230.12	1038.42	290.25	0.00	210.46	2.30	1.94	1.80	1.18
3	6424590	Meximieux	13949.00	27.76	125.26	35.01	0.00	25.39	0.28	0.23	0.22	0.14
3	2983050	Romagnat	80776.00	160.74	725.37	202.75	0.00	147.01	1.61	1.36	1.26	0.82
3	2978566	Saint-Marcellin	24828.00	49.41	222.96	62.32	0.00	45.19	0.49	0.42	0.39	0.25
3	6433417	Seyssins	45658.00	90.86	410.01	114.60	0.00	83.10	0.91	0.77	0.71	0.47
3	6433435	Tullins	7719.00	15.36	69.32	19.37	0.00	14.05	0.15	0.13	0.12	0.08
3	2979303	Saint-Jean-de-Maurienne	11281.00	22.45	101.30	28.32	0.00	20.53	0.22	0.19	0.18	0.12
3	6434192	Mably	47840.00	95.20	429.60	120.08	0.00	87.07	0.95	0.80	0.75	0.49
3	2990516	Neuville-sur-Saône	7560.00	15.04	67.89	18.98	0.00	13.76	0.15	0.13	0.12	0.08
3	3015823	Gleizé	7470.00	14.87	67.08	18.75	0.00	13.60	0.15	0.13	0.12	0.08
3	2967796	Vizille	14886.00	29.62	133.68	37.36	0.00	27.09	0.30	0.25	0.23	0.15
3	3030949	Bourg-Saint-Maurice	12873.00	25.62	115.60	32.31	0.00	23.43	0.26	0.22	0.20	0.13
3	2967203	Yssingeaux	42354.00	84.28	380.34	106.31	0.00	77.08	0.84	0.71	0.66	0.43
3	3030953	Bourg-Saint-Andéol	7167.00	14.26	64.36	17.99	0.00	13.04	0.14	0.12	0.11	0.07
3	6442917	Ugine	48293.00	96.10	433.67	121.22	0.00	87.89	0.96	0.81	0.75	0.49
3	3006320	La Talaudière	6931.00	13.79	62.24	17.40	0.00	12.61	0.14	0.12	0.11	0.07
3	6612211	Trévoux	6882.00	13.70	61.80	17.27	0.00	12.53	0.14	0.12	0.11	0.07
3	2989819	Nyons	8785.00	17.48	78.89	22.05	0.00	15.99	0.17	0.15	0.14	0.09
3	3029995	Brioude	13841.00	27.54	124.29	34.74	0.00	25.19	0.28	0.23	0.22	0.14
3	3037937	Ambert	12244.00	24.37	109.95	30.73	0.00	22.28	0.24	0.21	0.19	0.12
3	2983395	Rives	6606.00	13.15	59.32	16.58	0.00	12.02	0.13	0.11	0.10	0.07
3	6455959	La Tronche	9777.00	19.46	87.80	24.54	0.00	17.79	0.19	0.16	0.15	0.10
3	6424736	Viriat	103850.00	206.66	932.57	260.66	0.00	189.01	2.07	1.74	1.62	1.06
3	3027746	Ceyrat	6390.00	12.72	57.38	16.04	0.00	11.63	0.13	0.11	0.10	0.07
3	2980104	Saint-Flour	10526.00	20.95	94.52	26.42	0.00	19.16	0.21	0.18	0.16	0.11
3	6424553	Jassans-Riottier	36835.00	73.30	330.78	92.46	0.00	67.04	0.73	0.62	0.57	0.38
3	2972633	Thyez	11500.00	22.89	103.27	28.86	0.00	20.93	0.23	0.19	0.18	0.12
3	6617597	Ambilly	279553.00	556.31	2510.39	701.68	0.00	508.79	5.56	4.70	4.36	2.85
3	3026145	Châtel-Guyon	109324.00	217.55	981.73	274.40	0.00	198.97	2.18	1.84	1.71	1.12
3	6617585	Saint-Alban-Leysse	6146.00	12.23	55.19	15.43	0.00	11.19	0.12	0.10	0.10	0.06
3	2977350	Saint-Priest-en-Jarez	6092.00	12.12	54.71	15.29	0.00	11.09	0.12	0.10	0.10	0.06
3	2970477	Vaugneray	5896.00	11.73	52.95	14.80	0.00	10.73	0.12	0.10	0.09	0.06
3	6434263	Saint-Galmier	5737.00	11.42	51.52	14.40	0.00	10.44	0.11	0.10	0.09	0.06
3	3027507	Challes-les-Eaux	12533.00	24.94	112.55	31.46	0.00	22.81	0.25	0.21	0.20	0.13
3	3025668	Chazelles-sur-Lyon	122479.00	243.73	1099.86	307.42	0.00	222.91	2.44	2.06	1.91	1.25
3	3022060	Montrond-les-Bains	5290.00	10.53	47.50	13.28	0.00	9.63	0.11	0.09	0.08	0.05
3	3034064	Beaurepaire	12956.00	25.78	116.34	32.52	0.00	23.58	0.26	0.22	0.20	0.13
3	3007957	La Mure	9251.00	18.41	83.07	23.22	0.00	16.84	0.18	0.16	0.14	0.09
3	3032629	Billom	6030.00	12.00	54.15	15.14	0.00	10.97	0.12	0.10	0.09	0.06
3	3021435	Die	4665.00	9.28	41.89	11.71	0.00	8.49	0.09	0.08	0.07	0.05
3	6433360	Saint-Laurent-du-Pont	4520.00	8.99	40.59	11.35	0.00	8.23	0.09	0.08	0.07	0.05
3	2991847	Morestel	4472.00	8.90	40.16	11.22	0.00	8.14	0.09	0.08	0.07	0.05
3	6446574	Désertines	10848.00	21.59	97.42	27.23	0.00	19.74	0.22	0.18	0.17	0.11
3	2974675	Sevrier	5931.00	11.80	53.26	14.89	0.00	10.79	0.12	0.10	0.09	0.06
3	6454661	Épagny	4118.00	8.19	36.98	10.34	0.00	7.49	0.08	0.07	0.06	0.04
3	3023937	Condrieu	3927.00	7.81	35.26	9.86	0.00	7.15	0.08	0.07	0.06	0.04
3	2988160	Pélussin	3751.00	7.46	33.68	9.42	0.00	6.83	0.07	0.06	0.06	0.04
3	2976794	Saint-Symphorien-sur-Coise	7758.00	15.44	69.67	19.47	0.00	14.12	0.15	0.13	0.12	0.08
3	3026610	Charlieu	4689.00	9.33	42.11	11.77	0.00	8.53	0.09	0.08	0.07	0.05
3	6455948	Le Pont-de-Beauvoisin	3582.00	7.13	32.17	8.99	0.00	6.52	0.07	0.06	0.06	0.04
3	3007730	Langeac	6458.00	12.85	57.99	16.21	0.00	11.75	0.13	0.11	0.10	0.07
3	2995024	Mauriac	10241.00	20.38	91.96	25.70	0.00	18.64	0.20	0.17	0.16	0.10
3	2970828	Vals-les-Bains	3547.00	7.06	31.85	8.90	0.00	6.46	0.07	0.06	0.06	0.04
3	2991325	Moûtiers	20952.00	41.69	188.15	52.59	0.00	38.13	0.42	0.35	0.33	0.21
3	3006806	La Roche-Blanche	3474.00	6.91	31.20	8.72	0.00	6.32	0.07	0.06	0.05	0.04
3	6454141	Savigneux	3441.00	6.85	30.90	8.64	0.00	6.26	0.07	0.06	0.05	0.04
3	2990932	Nantua	37246.00	74.12	334.47	93.49	0.00	67.79	0.74	0.63	0.58	0.38
3	2968897	Villaz	117987.00	234.79	1059.52	296.15	0.00	214.74	2.35	1.98	1.84	1.20
3	3032151	Boën-sur-Lignon	17914.00	35.65	160.87	44.96	0.00	32.60	0.36	0.30	0.28	0.18
3	6430076	Dieulefit	11266.00	22.42	101.17	28.28	0.00	20.50	0.22	0.19	0.18	0.11
3	3036987	Argonay	3184.00	6.34	28.59	7.99	0.00	5.79	0.06	0.05	0.05	0.03
3	2993654	Modane	6601.00	13.14	59.28	16.57	0.00	12.01	0.13	0.11	0.10	0.07
3	6442915	Tresserve	61798.00	122.98	554.95	155.11	0.00	112.47	1.23	1.04	0.96	0.63
3	2968574	Villeneuve-de-Berg	2973.00	5.92	26.70	7.46	0.00	5.41	0.06	0.05	0.05	0.03
3	2977922	Saint-Nazaire-les-Eymes	228232.00	454.18	2049.52	572.86	0.00	415.38	4.54	3.83	3.56	2.33
3	3004609	Le Cheylard	7111.00	14.15	63.86	17.85	0.00	12.94	0.14	0.12	0.11	0.07
3	3038249	Albigny-sur-Saône	2911.00	5.79	26.14	7.31	0.00	5.30	0.06	0.05	0.05	0.03
3	2986454	Pollionnay	2761.00	5.49	24.79	6.93	0.00	5.03	0.05	0.05	0.04	0.03
3	2999391	Les Vans	6574.00	13.08	59.03	16.50	0.00	11.96	0.13	0.11	0.10	0.07
3	2990767	Néris-les-Bains	8577.00	17.07	77.02	21.53	0.00	15.61	0.17	0.14	0.13	0.09
3	2983487	Riom-ès-Montagnes	3537.00	7.04	31.76	8.88	0.00	6.44	0.07	0.06	0.06	0.04
3	3004774	Le Chambon-sur-Lignon	7838.00	15.60	70.39	19.67	0.00	14.27	0.16	0.13	0.12	0.08
3	2979976	Saint-Geoire-en-Valdaine	60057.00	119.51	539.31	150.74	0.00	109.30	1.20	1.01	0.94	0.61
3	2979900	Saint-Georges-les-Bains	2367.00	4.71	21.26	5.94	0.00	4.31	0.05	0.04	0.04	0.02
3	2981901	Saint-Agrève	5041.00	10.03	45.27	12.65	0.00	9.17	0.10	0.08	0.08	0.05
3	3008249	Lamastre	2338.00	4.65	21.00	5.87	0.00	4.26	0.05	0.04	0.04	0.02
3	3029603	Buis-les-Baronnies	6026.00	11.99	54.11	15.13	0.00	10.97	0.12	0.10	0.09	0.06
3	6424630	Pont-de-Vaux	32854.00	65.38	295.03	82.46	0.00	59.79	0.65	0.55	0.51	0.34
3	3034287	Beaujeu	84883.00	168.92	762.25	213.06	0.00	154.49	1.69	1.43	1.32	0.87
3	2995003	Maurs	3677.00	7.32	33.02	9.23	0.00	6.69	0.07	0.06	0.06	0.04
3	6451052	Contamine-sur-Arve	2091.00	4.16	18.78	5.25	0.00	3.81	0.04	0.04	0.03	0.02
3	3020620	Durtol	7263.00	14.45	65.22	18.23	0.00	13.22	0.14	0.12	0.11	0.07
