NIVEL	CODIGO	DESTINO	POP ATENDIDA	Physicians	Nurses	OtherCadres	CommunityBased	Beds	CTScanner	MRIUnit	Mammography	Radiotherapy
3	280030	Aracaju	858140.00	1707.70	7706.10	2153.93	0.00	1561.81	17.08	14.42	13.39	8.75
3	280120	Caninde_De_Sao_Francisco	85165.00	169.48	764.78	213.76	0.00	155.00	1.69	1.43	1.33	0.87
3	280130	Capela	749305.00	1491.12	6728.76	1880.76	0.00	1363.74	14.91	12.59	11.69	7.64
3	280210	Estancia	263313.00	523.99	2364.55	660.92	0.00	479.23	5.24	4.42	4.11	2.69
3	280300	Itabaianinha	59045.00	117.50	530.22	148.20	0.00	107.46	1.17	0.99	0.92	0.60
3	280350	Lagarto	220327.00	438.45	1978.54	553.02	0.00	401.00	4.38	3.70	3.44	2.25
3	280450	Nossa_Senhora_Da_Gloria	63368.00	126.10	569.04	159.05	0.00	115.33	1.26	1.06	0.99	0.65
3	280560	Porto_Da_Folha	55539.00	110.52	498.74	139.40	0.00	101.08	1.11	0.93	0.87	0.57
3	280710	Simao_Dias	103060.00	205.09	925.48	258.68	0.00	187.57	2.05	1.73	1.61	1.05
