NIVEL	CODIGO	DESTINO	POP ATENDIDA	Physicians	Nurses	OtherCadres	CommunityBased	MRIUnit	Mammography	Radiotherapy
1,170035,Alianca_Do_Tocantins,7703.00,3.16,19.49,9.63,37.59,0.00,0.00,0.00,0.00,0.00
1,170040,Almas,7691.00,3.15,19.46,9.61,37.53,0.00,0.00,0.00,0.00,0.00
1,170070,Alvorada,9089.00,3.73,23.00,11.36,44.35,0.00,0.00,0.00,0.00,0.00
1,170100,Ananas,19013.00,7.80,48.10,23.77,92.78,0.00,0.00,0.00,0.00,0.00
1,170110,Aparecida_Do_Rio_Negro,5113.00,2.10,12.94,6.39,24.95,0.00,0.00,0.00,0.00,0.00
1,170130,Aragominas,6240.00,2.56,15.79,7.80,30.45,0.00,0.00,0.00,0.00,0.00
1,170190,Araguacema,7567.00,3.10,19.14,9.46,36.93,0.00,0.00,0.00,0.00,0.00
1,170200,Araguacu,9240.00,3.79,23.38,11.55,45.09,0.00,0.00,0.00,0.00,0.00
1,170210,Araguaina,191461.00,78.50,484.40,239.33,934.33,0.00,0.00,0.00,0.00,0.00
1,170220,Araguatins,38122.00,15.63,96.45,47.65,186.04,0.00,0.00,0.00,0.00,0.00
1,170230,Arapoema,7194.00,2.95,18.20,8.99,35.11,0.00,0.00,0.00,0.00,0.00
1,170240,Arraias,11434.00,4.69,28.93,14.29,55.80,0.00,0.00,0.00,0.00,0.00
1,170255,Augustinopolis,44107.00,18.08,111.59,55.13,215.24,0.00,0.00,0.00,0.00,0.00
1,170270,Aurora_Do_Tocantins,4024.00,1.65,10.18,5.03,19.64,0.00,0.00,0.00,0.00,0.00
1,170300,Babaculandia,11499.00,4.71,29.09,14.37,56.12,0.00,0.00,0.00,0.00,0.00
1,170305,Bandeirantes_Do_Tocantins,3788.00,1.55,9.58,4.74,18.49,0.00,0.00,0.00,0.00,0.00
1,170307,Barra_Do_Ouro,4906.00,2.01,12.41,6.13,23.94,0.00,0.00,0.00,0.00,0.00
1,170310,Barrolandia,6055.00,2.48,15.32,7.57,29.55,0.00,0.00,0.00,0.00,0.00
1,170320,Bernardo_Sayao,4820.00,1.98,12.19,6.03,23.52,0.00,0.00,0.00,0.00,0.00
1,170370,Brejinho_De_Nazare,5905.00,2.42,14.94,7.38,28.82,0.00,0.00,0.00,0.00,0.00
1,170380,Buriti_Do_Tocantins,17207.00,7.05,43.53,21.51,83.97,0.00,0.00,0.00,0.00,0.00
1,170384,Campos_Lindos,10696.00,4.39,27.06,13.37,52.20,0.00,0.00,0.00,0.00,0.00
1,170388,Carmolandia,2757.00,1.13,6.98,3.45,13.45,0.00,0.00,0.00,0.00,0.00
1,170389,Carrasco_Bonito,4378.00,1.79,11.08,5.47,21.36,0.00,0.00,0.00,0.00,0.00
1,170390,Caseara,5711.00,2.34,14.45,7.14,27.87,0.00,0.00,0.00,0.00,0.00
1,170410,Centenario,3100.00,1.27,7.84,3.88,15.13,0.00,0.00,0.00,0.00,0.00
1,170460,Chapada_De_Areia,1511.00,0.62,3.82,1.89,7.37,0.00,0.00,0.00,0.00,0.00
1,170550,Colinas_Do_Tocantins,37738.00,15.47,95.48,47.17,184.16,0.00,0.00,0.00,0.00,0.00
1,170560,Conceicao_Do_Tocantins,4448.00,1.82,11.25,5.56,21.71,0.00,0.00,0.00,0.00,0.00
1,170600,Couto_Magalhaes,5971.00,2.45,15.11,7.46,29.14,0.00,0.00,0.00,0.00,0.00
1,170610,Cristalandia,7873.00,3.23,19.92,9.84,38.42,0.00,0.00,0.00,0.00,0.00
1,170700,Dianopolis,29170.00,11.96,73.80,36.46,142.35,0.00,0.00,0.00,0.00,0.00
1,170710,Divinopolis_Do_Tocantins,10160.00,4.17,25.70,12.70,49.58,0.00,0.00,0.00,0.00,0.00
1,170720,Dois_Irmaos_Do_Tocantins,7777.00,3.19,19.68,9.72,37.95,0.00,0.00,0.00,0.00,0.00
1,170730,Duere,5055.00,2.07,12.79,6.32,24.67,0.00,0.00,0.00,0.00,0.00
1,170740,Esperantina,11703.00,4.80,29.61,14.63,57.11,0.00,0.00,0.00,0.00,0.00
1,170765,Figueiropolis,10359.00,4.25,26.21,12.95,50.55,0.00,0.00,0.00,0.00,0.00
1,170770,Filadelfia,9531.00,3.91,24.11,11.91,46.51,0.00,0.00,0.00,0.00,0.00
1,170820,Formoso_Do_Araguaia,19934.00,8.17,50.43,24.92,97.28,0.00,0.00,0.00,0.00,0.00
1,170830,Goianorte,5518.00,2.26,13.96,6.90,26.93,0.00,0.00,0.00,0.00,0.00
1,170900,Goiatins,13959.00,5.72,35.32,17.45,68.12,0.00,0.00,0.00,0.00,0.00
1,170930,Guarai,30472.00,12.49,77.09,38.09,148.70,0.00,0.00,0.00,0.00,0.00
1,170950,Gurupi,92471.00,37.91,233.95,115.59,451.26,0.00,0.00,0.00,0.00,0.00
1,170980,Ipueiras,2132.00,0.87,5.39,2.67,10.40,0.00,0.00,0.00,0.00,0.00
1,171050,Itacaja,7996.00,3.28,20.23,9.99,39.02,0.00,0.00,0.00,0.00,0.00
1,171090,Itapiratins,6871.00,2.82,17.38,8.59,33.53,0.00,0.00,0.00,0.00,0.00
1,171150,Jau_Do_Tocantins,4119.00,1.69,10.42,5.15,20.10,0.00,0.00,0.00,0.00,0.00
1,171180,Juarina,2375.00,0.97,6.01,2.97,11.59,0.00,0.00,0.00,0.00,0.00
1,171190,Lagoa_Da_Confusao,14058.00,5.76,35.57,17.57,68.60,0.00,0.00,0.00,0.00,0.00
1,171195,Lagoa_Do_Tocantins,4570.00,1.87,11.56,5.71,22.30,0.00,0.00,0.00,0.00,0.00
1,171200,Lajeado,3345.00,1.37,8.46,4.18,16.32,0.00,0.00,0.00,0.00,0.00
1,171240,Lizarda,4042.00,1.66,10.23,5.05,19.72,0.00,0.00,0.00,0.00,0.00
1,171245,Luzinopolis,11413.00,4.68,28.87,14.27,55.70,0.00,0.00,0.00,0.00,0.00
1,171250,Marianopolis_Do_Tocantins,5494.00,2.25,13.90,6.87,26.81,0.00,0.00,0.00,0.00,0.00
1,171270,Mateiros,2845.00,1.17,7.20,3.56,13.88,0.00,0.00,0.00,0.00,0.00
1,171280,Maurilandia_Do_Tocantins,3670.00,1.50,9.29,4.59,17.91,0.00,0.00,0.00,0.00,0.00
1,171320,Miracema_Do_Tocantins,28082.00,11.51,71.05,35.10,137.04,0.00,0.00,0.00,0.00,0.00
1,171330,Miranorte,17458.00,7.16,44.17,21.82,85.20,0.00,0.00,0.00,0.00,0.00
1,171360,Monte_Do_Carmo,8442.00,3.46,21.36,10.55,41.20,0.00,0.00,0.00,0.00,0.00
1,171380,Palmeiras_Do_Tocantins,20574.00,8.44,52.05,25.72,100.40,0.00,0.00,0.00,0.00,0.00
1,171395,Muricilandia,11799.00,4.84,29.85,14.75,57.58,0.00,0.00,0.00,0.00,0.00
1,171420,Natividade,13561.00,5.56,34.31,16.95,66.18,0.00,0.00,0.00,0.00,0.00
1,171488,Nova_Olinda,12640.00,5.18,31.98,15.80,61.68,0.00,0.00,0.00,0.00,0.00
1,171500,Nova_Rosalandia,8689.00,3.56,21.98,10.86,42.40,0.00,0.00,0.00,0.00,0.00
1,171510,Novo_Acordo,4624.00,1.90,11.70,5.78,22.57,0.00,0.00,0.00,0.00,0.00
1,171515,Novo_Alegre,9779.00,4.01,24.74,12.22,47.72,0.00,0.00,0.00,0.00,0.00
1,171525,Novo_Jardim,2910.00,1.19,7.36,3.64,14.20,0.00,0.00,0.00,0.00,0.00
1,171550,Oliveira_De_Fatima,3721.00,1.53,9.41,4.65,18.16,0.00,0.00,0.00,0.00,0.00
1,171570,Palmeirante,6384.00,2.62,16.15,7.98,31.15,0.00,0.00,0.00,0.00,0.00
1,171575,Palmeiropolis,8241.00,3.38,20.85,10.30,40.22,0.00,0.00,0.00,0.00,0.00
1,171610,Paraiso_Do_Tocantins,59886.00,24.55,151.51,74.86,292.24,0.00,0.00,0.00,0.00,0.00
1,171620,Parana,11283.00,4.63,28.55,14.10,55.06,0.00,0.00,0.00,0.00,0.00
1,171630,Pau_Darco,5210.00,2.14,13.18,6.51,25.42,0.00,0.00,0.00,0.00,0.00
1,171650,Pedro_Afonso,21591.00,8.85,54.63,26.99,105.36,0.00,0.00,0.00,0.00,0.00
1,171660,Peixe,12536.00,5.14,31.72,15.67,61.18,0.00,0.00,0.00,0.00,0.00
1,171670,Colmeia,17417.00,7.14,44.07,21.77,84.99,0.00,0.00,0.00,0.00,0.00
1,171700,Pindorama_Do_Tocantins,4815.00,1.97,12.18,6.02,23.50,0.00,0.00,0.00,0.00,0.00
1,171720,Piraque,3260.00,1.34,8.25,4.08,15.91,0.00,0.00,0.00,0.00,0.00
1,171750,Pium,8158.00,3.34,20.64,10.20,39.81,0.00,0.00,0.00,0.00,0.00
1,171780,Ponte_Alta_Do_Bom_Jesus,4962.00,2.03,12.55,6.20,24.21,0.00,0.00,0.00,0.00,0.00
1,171790,Ponte_Alta_Do_Tocantins,8586.00,3.52,21.72,10.73,41.90,0.00,0.00,0.00,0.00,0.00
1,171820,Porto_Nacional,56839.00,23.30,143.80,71.05,277.37,0.00,0.00,0.00,0.00,0.00
1,171840,Presidente_Kennedy,6345.00,2.60,16.05,7.93,30.96,0.00,0.00,0.00,0.00,0.00
1,171850,Recursolandia,4577.00,1.88,11.58,5.72,22.34,0.00,0.00,0.00,0.00,0.00
1,171875,Rio_Sono,6976.00,2.86,17.65,8.72,34.04,0.00,0.00,0.00,0.00,0.00
1,171884,Sandolandia,3643.00,1.49,9.22,4.55,17.78,0.00,0.00,0.00,0.00,0.00
1,171888,Santa_Maria_Do_Tocantins,3647.00,1.50,9.23,4.56,17.80,0.00,0.00,0.00,0.00,0.00
1,171890,Santa_Rosa_Do_Tocantins,5189.00,2.13,13.13,6.49,25.32,0.00,0.00,0.00,0.00,0.00
1,171900,Santa_Tereza_Do_Tocantins,3057.00,1.25,7.73,3.82,14.92,0.00,0.00,0.00,0.00,0.00
1,172015,Sao_Felix_Do_Tocantins,1695.00,0.69,4.29,2.12,8.27,0.00,0.00,0.00,0.00,0.00
1,172025,Sao_Salvador_Do_Tocantins,3311.00,1.36,8.38,4.14,16.16,0.00,0.00,0.00,0.00,0.00
1,172049,Sao_Valerio,4333.00,1.78,10.96,5.42,21.15,0.00,0.00,0.00,0.00,0.00
1,172065,Silvanopolis,5800.00,2.38,14.67,7.25,28.30,0.00,0.00,0.00,0.00,0.00
1,172080,Sitio_Novo_Do_Tocantins,29057.00,11.91,73.51,36.32,141.80,0.00,0.00,0.00,0.00,0.00
1,172085,Sucupira,2099.00,0.86,5.31,2.62,10.24,0.00,0.00,0.00,0.00,0.00
1,172090,Taguatinga,17837.00,7.31,45.13,22.30,87.04,0.00,0.00,0.00,0.00,0.00
1,172093,Taipas_Do_Tocantins,2298.00,0.94,5.81,2.87,11.21,0.00,0.00,0.00,0.00,0.00
1,172097,Talisma,2991.00,1.23,7.57,3.74,14.60,0.00,0.00,0.00,0.00,0.00
1,172100,Palmas,314780.00,129.06,796.39,393.48,1536.13,0.00,0.00,0.00,0.00,0.00
1,172120,Tocantinopolis,31782.00,13.03,80.41,39.73,155.10,0.00,0.00,0.00,0.00,0.00
1,172208,Wanderlandia,12545.00,5.14,31.74,15.68,61.22,0.00,0.00,0.00,0.00,0.00
1,172210,Xambioa,18577.00,7.62,47.00,23.22,90.66,0.00,0.00,0.00,0.00,0.00
