NIVEL	CODIGO	DESTINO	POP ATENDIDA	Physicians	Nurses	OtherCadres	CommunityBased	Beds	CTScanner	MRIUnit	Mammography	Radiotherapy
3	6484156	Rouen	494382.00	983.82	4439.55	1240.90	0.00	899.78	9.84	8.31	7.71	5.04
3	3002964	Le Havre	238813.00	475.24	2144.54	599.42	0.00	434.64	4.75	4.01	3.73	2.44
3	6427109	Caen	135143.00	268.93	1213.58	339.21	0.00	245.96	2.69	2.27	2.11	1.38
3	3019265	Évreux	84100.00	167.36	755.22	211.09	0.00	153.06	1.67	1.41	1.31	0.86
3	3021411	Dieppe	88050.00	175.22	790.69	221.01	0.00	160.25	1.75	1.48	1.37	0.90
3	2974153	Sotteville-lès-Rouen	116347.00	231.53	1044.80	292.03	0.00	211.75	2.32	1.95	1.82	1.19
3	2980236	Saint-Étienne-du-Rouvray	28641.00	57.00	257.20	71.89	0.00	52.13	0.57	0.48	0.45	0.29
3	6452432	Alençon	32528.00	64.73	292.10	81.65	0.00	59.20	0.65	0.55	0.51	0.33
3	6453910	Vernon	69969.00	139.24	628.32	175.62	0.00	127.34	1.39	1.18	1.09	0.71
3	6427260	Hérouville-Saint-Clair	22954.00	45.68	206.13	57.61	0.00	41.78	0.46	0.39	0.36	0.23
3	6456462	Le Petit-Quevilly	21995.00	43.77	197.52	55.21	0.00	40.03	0.44	0.37	0.34	0.22
3	2979422	Lisieux	36922.00	73.47	331.56	92.67	0.00	67.20	0.73	0.62	0.58	0.38
3	2992003	Mont-Saint-Aignan	21290.00	42.37	191.18	53.44	0.00	38.75	0.42	0.36	0.33	0.22
3	2978757	Saint-Lô	54875.00	109.20	492.78	137.74	0.00	99.87	1.09	0.92	0.86	0.56
3	2997336	Louviers	23284.00	46.34	209.09	58.44	0.00	42.38	0.46	0.39	0.36	0.24
3	3018794	Fécamp	18251.00	36.32	163.89	45.81	0.00	33.22	0.36	0.31	0.28	0.19
3	6454686	Elbeuf	16205.00	32.25	145.52	40.67	0.00	29.49	0.32	0.27	0.25	0.17
3	3231095	Tourlaville	113425.00	225.72	1018.56	284.70	0.00	206.43	2.26	1.91	1.77	1.16
3	6439093	Flers	20406.00	40.61	183.25	51.22	0.00	37.14	0.41	0.34	0.32	0.21
3	8296353	Bois-Guillaume	14309.00	28.47	128.49	35.92	0.00	26.04	0.28	0.24	0.22	0.15
3	3037051	Argentan	17203.00	34.23	154.48	43.18	0.00	31.31	0.34	0.29	0.27	0.18
3	3034483	Bayeux	23151.00	46.07	207.90	58.11	0.00	42.13	0.46	0.39	0.36	0.24
3	6612581	Granville	20871.00	41.53	187.42	52.39	0.00	37.99	0.42	0.35	0.33	0.21
3	6451100	Barentin	31864.00	63.41	286.14	79.98	0.00	57.99	0.63	0.54	0.50	0.33
3	6443376	Oissel	12102.00	24.08	108.68	30.38	0.00	22.03	0.24	0.20	0.19	0.12
3	2971635	Gisors	15583.00	31.01	139.94	39.11	0.00	28.36	0.31	0.26	0.24	0.16
3	6443597	Yvetot	11627.00	23.14	104.41	29.18	0.00	21.16	0.23	0.20	0.18	0.12
3	3031871	Bolbec	95227.00	189.50	855.14	239.02	0.00	173.31	1.90	1.60	1.49	0.97
3	3012903	Ifs	14633.00	29.12	131.40	36.73	0.00	26.63	0.29	0.25	0.23	0.15
3	2967972	Vire	16365.00	32.57	146.96	41.08	0.00	29.78	0.33	0.27	0.26	0.17
3	3035639	Avranches	22926.00	45.62	205.88	57.54	0.00	41.73	0.46	0.39	0.36	0.23
3	3028214	Caudebec-lès-Elbeuf	15382.00	30.61	138.13	38.61	0.00	28.00	0.31	0.26	0.24	0.16
3	6453900	Pont-Audemer	19465.00	38.74	174.80	48.86	0.00	35.43	0.39	0.33	0.30	0.20
3	3033308	Bernay	21167.00	42.12	190.08	53.13	0.00	38.52	0.42	0.36	0.33	0.22
3	3021717	Darnétal	9773.00	19.45	87.76	24.53	0.00	17.79	0.19	0.16	0.15	0.10
3	3015267	Grand-Couronne	9716.00	19.33	87.25	24.39	0.00	17.68	0.19	0.16	0.15	0.10
3	2989013	Ouistreham	161068.00	320.53	1446.39	404.28	0.00	293.14	3.21	2.71	2.51	1.64
3	2998322	Lillebonne	8845.00	17.60	79.43	22.20	0.00	16.10	0.18	0.15	0.14	0.09
3	3022826	Coutances	40468.00	80.53	363.40	101.57	0.00	73.65	0.81	0.68	0.63	0.41
3	2998664	Harfleur	8395.00	16.71	75.39	21.07	0.00	15.28	0.17	0.14	0.13	0.09
3	3032025	Bihorel	198889.00	395.79	1786.02	499.21	0.00	361.98	3.96	3.34	3.10	2.03
3	3002172	Les Andelys	17391.00	34.61	156.17	43.65	0.00	31.65	0.35	0.29	0.27	0.18
3	8289772	Falaise	50234.00	99.97	451.10	126.09	0.00	91.43	1.00	0.84	0.78	0.51
3	2980795	Sainte-Adresse	21186.00	42.16	190.25	53.18	0.00	38.56	0.42	0.36	0.33	0.22
3	2970860	Valognes	14634.00	29.12	131.41	36.73	0.00	26.63	0.29	0.25	0.23	0.15
3	3019329	Eu	17803.00	35.43	159.87	44.69	0.00	32.40	0.35	0.30	0.28	0.18
3	6443244	Gournay-en-Bray	12831.00	25.53	115.22	32.21	0.00	23.35	0.26	0.22	0.20	0.13
3	2989753	Octeville-sur-Mer	5987.00	11.91	53.76	15.03	0.00	10.90	0.12	0.10	0.09	0.06
3	3009486	La Ferté-Macé	21797.00	43.38	195.74	54.71	0.00	39.67	0.43	0.37	0.34	0.22
3	6443142	Cléon	4943.00	9.84	44.39	12.41	0.00	9.00	0.10	0.08	0.08	0.05
3	2979401	Saint-James	34674.00	69.00	311.37	87.03	0.00	63.11	0.69	0.58	0.54	0.35
3	2990680	Neufchâtel-en-Bray	14399.00	28.65	129.30	36.14	0.00	26.21	0.29	0.24	0.22	0.15
3	6455786	Le Neubourg	4204.00	8.37	37.75	10.55	0.00	7.65	0.08	0.07	0.07	0.04
3	6454473	Sées	27113.00	53.95	243.47	68.05	0.00	49.35	0.54	0.46	0.42	0.28
3	2977146	Saint-Romain-de-Colbosc	38182.00	75.98	342.87	95.84	0.00	69.49	0.76	0.64	0.60	0.39
3	6430282	Bourg-Achard	3945.00	7.85	35.43	9.90	0.00	7.18	0.08	0.07	0.06	0.04
3	2978981	Mortagne-au-Perche	6724.00	13.38	60.38	16.88	0.00	12.24	0.13	0.11	0.10	0.07
3	6443294	Isneauville	4493.00	8.94	40.35	11.28	0.00	8.18	0.09	0.08	0.07	0.05
3	2968072	Vimoutiers	5060.00	10.07	45.44	12.70	0.00	9.21	0.10	0.09	0.08	0.05
3	6443213	Fontaine-la-Mallet	3872.00	7.71	34.77	9.72	0.00	7.05	0.08	0.07	0.06	0.04
3	6443230	Gainneville	2553.00	5.08	22.93	6.41	0.00	4.65	0.05	0.04	0.04	0.03
3	3023951	Condé-sur-Sarthe	5994.00	11.93	53.83	15.04	0.00	10.91	0.12	0.10	0.09	0.06
3	2977007	Saint-Sauveur-le-Vicomte	33242.00	66.15	298.51	83.44	0.00	60.50	0.66	0.56	0.52	0.34
3	2972882	Thiberville	1792.00	3.57	16.09	4.50	0.00	3.26	0.04	0.03	0.03	0.02
