NIVEL	CODIGO	DESTINO	POP ATENDIDA	Physicians	Nurses	OtherCadres	CommunityBased	Beds	CTScanner	MRIUnit	Mammography	Radiotherapy
2	2978048	Paris	11020000.00	18403.40	13224.00	27660.20	0.00	29423.40	72.73	55.10	34.16	3.31
2	3031137	Boulogne-Billancourt	120071.00	200.52	144.09	301.38	0.00	320.59	0.79	0.60	0.37	0.04
2	2980916	Saint-Denis	111135.00	185.60	133.36	278.95	0.00	296.73	0.73	0.56	0.34	0.03
2	3037044	Argenteuil	110210.00	184.05	132.25	276.63	0.00	294.26	0.73	0.55	0.34	0.03
2	2992090	Montreuil	109897.00	183.53	131.88	275.84	0.00	293.42	0.73	0.55	0.34	0.03
2	8298013	Nanterre	95105.00	158.83	114.13	238.71	0.00	253.93	0.63	0.48	0.29	0.03
2	6452043	Vitry-sur-Seine	114947.00	191.96	137.94	288.52	0.00	306.91	0.76	0.57	0.36	0.03
2	6452018	Créteil	90605.00	151.31	108.73	227.42	0.00	241.92	0.60	0.45	0.28	0.03
2	6452605	Aubervilliers	86375.00	144.25	103.65	216.80	0.00	230.62	0.57	0.43	0.27	0.03
2	8286605	Versailles	85862.00	143.39	103.03	215.51	0.00	229.25	0.57	0.43	0.27	0.03
2	3036145	Aulnay-sous-Bois	85740.00	143.19	102.89	215.21	0.00	228.93	0.57	0.43	0.27	0.03
2	3024266	Colombes	85177.00	142.25	102.21	213.79	0.00	227.42	0.56	0.43	0.26	0.03
2	6521954	Rueil-Malmaison	78152.00	130.51	93.78	196.16	0.00	208.67	0.52	0.39	0.24	0.02
2	6452032	Saint-Maur-des-Fossés	74859.00	125.01	89.83	187.90	0.00	199.87	0.49	0.37	0.23	0.02
2	3020839	Drancy	71318.00	119.10	85.58	179.01	0.00	190.42	0.47	0.36	0.22	0.02
2	6451970	Issy-les-Moulineaux	68451.00	114.31	82.14	171.81	0.00	182.76	0.45	0.34	0.21	0.02
2	6612091	Levallois-Perret	64379.00	107.51	77.25	161.59	0.00	171.89	0.42	0.32	0.20	0.02
2	3037423	Antony	62570.00	104.49	75.08	157.05	0.00	167.06	0.41	0.31	0.19	0.02
2	8298130	Ivry-sur-Seine	676938.00	1130.49	812.33	1699.11	0.00	1807.42	4.47	3.38	2.10	0.20
2	3024597	Clichy	61070.00	101.99	73.28	153.29	0.00	163.06	0.40	0.31	0.19	0.02
2	2990611	Neuilly-sur-Seine	60361.00	100.80	72.43	151.51	0.00	161.16	0.40	0.30	0.19	0.02
2	2976043	Sarcelles	58587.00	97.84	70.30	147.05	0.00	156.43	0.39	0.29	0.18	0.02
2	3005269	Le Blanc-Mesnil	56783.00	94.83	68.14	142.53	0.00	151.61	0.37	0.28	0.18	0.02
2	6451992	Épinay-sur-Seine	75609.00	126.27	90.73	189.78	0.00	201.88	0.50	0.38	0.23	0.02
2	6454723	Meaux	78500.00	131.09	94.20	197.03	0.00	209.59	0.52	0.39	0.24	0.02
2	9177387	Chelles	54917.00	91.71	65.90	137.84	0.00	146.63	0.36	0.27	0.17	0.02
2	2968705	Villejuif	54753.00	91.44	65.70	137.43	0.00	146.19	0.36	0.27	0.17	0.02
2	6452608	Bobigny	53640.00	89.58	64.37	134.64	0.00	143.22	0.35	0.27	0.17	0.02
2	6451987	Bondy	53353.00	89.10	64.02	133.92	0.00	142.45	0.35	0.27	0.17	0.02
2	6451966	Clamart	52971.00	88.46	63.57	132.96	0.00	141.43	0.35	0.26	0.16	0.02
2	8286614	Sartrouville	51967.00	86.78	62.36	130.44	0.00	138.75	0.34	0.26	0.16	0.02
2	3019597	Corbeil-Essonnes	51292.00	85.66	61.55	128.74	0.00	136.95	0.34	0.26	0.16	0.02
2	2974681	Sevran	51016.00	85.20	61.22	128.05	0.00	136.21	0.34	0.26	0.16	0.02
2	6508695	Massy	50833.00	84.89	61.00	127.59	0.00	135.72	0.34	0.25	0.16	0.02
2	6510057	Suresnes	49145.00	82.07	58.97	123.35	0.00	131.22	0.32	0.25	0.15	0.01
2	3016321	Gennevilliers	46907.00	78.33	56.29	117.74	0.00	125.24	0.31	0.23	0.15	0.01
2	2994144	Meudon	45352.00	75.74	54.42	113.83	0.00	121.09	0.30	0.23	0.14	0.01
2	2979783	Saint-Germain-en-Laye	44753.00	74.74	53.70	112.33	0.00	119.49	0.30	0.22	0.14	0.01
2	3009670	Puteaux	44645.00	74.56	53.57	112.06	0.00	119.20	0.29	0.22	0.14	0.01
2	2998056	Livry-Gargan	607336.00	1014.25	728.80	1524.41	0.00	1621.59	4.01	3.04	1.88	0.18
2	2996148	Mantes-la-Jolie	50049.00	83.58	60.06	125.62	0.00	133.63	0.33	0.25	0.16	0.02
2	6452000	Noisy-le-Sec	44136.00	73.71	52.96	110.78	0.00	117.84	0.29	0.22	0.14	0.01
2	3038213	Alfortville	43881.00	73.28	52.66	110.14	0.00	117.16	0.29	0.22	0.14	0.01
2	6454724	Melun	40032.00	66.85	48.04	100.48	0.00	106.89	0.26	0.20	0.12	0.01
2	2973841	Stains	38720.00	64.66	46.46	97.19	0.00	103.38	0.26	0.19	0.12	0.01
2	2986501	Poissy	37388.00	62.44	44.87	93.84	0.00	99.83	0.25	0.19	0.12	0.01
2	3026083	Châtillon	37355.00	62.38	44.83	93.76	0.00	99.74	0.25	0.19	0.12	0.01
2	8298054	Villepinte	36830.00	61.51	44.20	92.44	0.00	98.34	0.24	0.18	0.11	0.01
2	3035403	Bagnolet	35674.00	59.58	42.81	89.54	0.00	95.25	0.24	0.18	0.11	0.01
2	3036460	Athis-Mons	34347.00	57.36	41.22	86.21	0.00	91.71	0.23	0.17	0.11	0.01
2	2967244	Villeneuve-Saint-Georges	33545.00	56.02	40.25	84.20	0.00	89.57	0.22	0.17	0.10	0.01
2	6613133	Châtenay-Malabry	33286.00	55.59	39.94	83.55	0.00	88.87	0.22	0.17	0.10	0.01
2	2992415	Montigny-le-Bretonneux	32929.00	54.99	39.51	82.65	0.00	87.92	0.22	0.16	0.10	0.01
2	3000192	Les Mureaux	32792.00	54.76	39.35	82.31	0.00	87.55	0.22	0.16	0.10	0.01
2	6444090	Trappes	32584.00	54.42	39.10	81.79	0.00	87.00	0.22	0.16	0.10	0.01
2	2986930	Plaisir	31419.00	52.47	37.70	78.86	0.00	83.89	0.21	0.16	0.10	0.01
2	6446231	Viry-Châtillon	31093.00	51.93	37.31	78.04	0.00	83.02	0.21	0.16	0.10	0.01
2	2967990	Pontoise	30767.00	51.38	36.92	77.23	0.00	82.15	0.20	0.15	0.10	0.01
2	10283420	Charenton-le-Pont	30374.00	50.72	36.45	76.24	0.00	81.10	0.20	0.15	0.09	0.01
2	2987271	Pierrefitte-sur-Seine	30306.00	50.61	36.37	76.07	0.00	80.92	0.20	0.15	0.09	0.01
2	8286631	Malakoff	30286.00	50.58	36.34	76.02	0.00	80.86	0.20	0.15	0.09	0.01
2	3026033	Chatou	30253.00	50.52	36.30	75.94	0.00	80.78	0.20	0.15	0.09	0.01
2	8297997	Saint-Cloud	29973.00	50.05	35.97	75.23	0.00	80.03	0.20	0.15	0.09	0.01
2	6452064	Bezons	29383.00	49.07	35.26	73.75	0.00	78.45	0.19	0.15	0.09	0.01
2	12122717	Ris-Orangis	29225.00	48.81	35.07	73.35	0.00	78.03	0.19	0.15	0.09	0.01
2	3009169	La Garenne-Colombes	29169.00	48.71	35.00	73.21	0.00	77.88	0.19	0.15	0.09	0.01
2	3019897	Ermont	29108.00	48.61	34.93	73.06	0.00	77.72	0.19	0.15	0.09	0.01
2	6457182	Le Plessis-Robinson	29100.00	48.60	34.92	73.04	0.00	77.70	0.19	0.15	0.09	0.01
2	2967245	Yerres	29029.00	48.48	34.83	72.86	0.00	77.51	0.19	0.15	0.09	0.01
2	3020832	Draveil	28833.00	48.15	34.60	72.37	0.00	76.98	0.19	0.14	0.09	0.01
2	3014143	Guyancourt	28633.00	47.82	34.36	71.87	0.00	76.45	0.19	0.14	0.09	0.01
2	6614115	Bois-Colombes	28239.00	47.16	33.89	70.88	0.00	75.40	0.19	0.14	0.09	0.01
2	6455402	Le Chesnay	27683.00	46.23	33.22	69.48	0.00	73.91	0.18	0.14	0.09	0.01
2	6455392	Romainville	27567.00	46.04	33.08	69.19	0.00	73.60	0.18	0.14	0.09	0.01
2	2992616	Montfermeil	26783.00	44.73	32.14	67.23	0.00	71.51	0.18	0.13	0.08	0.01
2	2984513	Rambouillet	26736.00	44.65	32.08	67.11	0.00	71.39	0.18	0.13	0.08	0.01
2	3012874	Brunoy	25669.00	42.87	30.80	64.43	0.00	68.54	0.17	0.13	0.08	0.01
2	3020310	Élancourt	25400.00	42.42	30.48	63.75	0.00	67.82	0.17	0.13	0.08	0.01
2	6457187	Le Kremlin-Bicêtre	25334.00	42.31	30.40	63.59	0.00	67.64	0.17	0.13	0.08	0.01
2	8297830	Étampes	37490.00	62.61	44.99	94.10	0.00	100.10	0.25	0.19	0.12	0.01
2	3017924	Fontenay-aux-Roses	24564.00	41.02	29.48	61.66	0.00	65.59	0.16	0.12	0.08	0.01
2	6612920	Cormeilles-en-Parisis	798169.00	1332.94	957.80	2003.40	0.00	2131.11	5.27	3.99	2.47	0.24
2	6451986	Villeneuve-la-Garenne	23771.00	39.70	28.53	59.67	0.00	63.47	0.16	0.12	0.07	0.01
2	2996564	Maisons-Laffitte	23669.00	39.53	28.40	59.41	0.00	63.20	0.16	0.12	0.07	0.01
2	6451981	Sèvres	23507.00	39.26	28.21	59.00	0.00	62.76	0.16	0.12	0.07	0.01
2	3000491	Les Lilas	23045.00	38.49	27.65	57.84	0.00	61.53	0.15	0.12	0.07	0.01
2	8297845	Longjumeau	21221.00	35.44	25.47	53.26	0.00	56.66	0.14	0.11	0.07	0.01
2	3038712	Achères	21017.00	35.10	25.22	52.75	0.00	56.12	0.14	0.11	0.07	0.01
2	3010529	La Celle-Saint-Cloud	20966.00	35.01	25.16	52.62	0.00	55.98	0.14	0.10	0.06	0.01
2	2975469	Sceaux	19606.00	32.74	23.53	49.21	0.00	52.35	0.13	0.10	0.06	0.01
2	3030101	Brie-Comte-Robert	50116.00	83.69	60.14	125.79	0.00	133.81	0.33	0.25	0.16	0.02
2	3013657	Garches	17762.00	29.66	21.31	44.58	0.00	47.42	0.12	0.09	0.06	0.01
2	3002499	Le Pré-Saint-Gervais	17485.00	29.20	20.98	43.89	0.00	46.68	0.12	0.09	0.05	0.01
2	6446153	Juvisy-sur-Orge	36580.00	61.09	43.90	91.82	0.00	97.67	0.24	0.18	0.11	0.01
2	6444102	Viroflay	16406.00	27.40	19.69	41.18	0.00	43.80	0.11	0.08	0.05	0.00
2	6455393	Le Bourget	16139.00	26.95	19.37	40.51	0.00	43.09	0.11	0.08	0.05	0.00
2	2998854	Le Vésinet	15865.00	26.49	19.04	39.82	0.00	42.36	0.10	0.08	0.05	0.00
2	2989204	Orsay	40426.00	67.51	48.51	101.47	0.00	107.94	0.27	0.20	0.13	0.01
2	3018074	Fontainebleau	56972.00	95.14	68.37	143.00	0.00	152.12	0.38	0.28	0.18	0.02
2	6444032	Montesson	15013.00	25.07	18.02	37.68	0.00	40.08	0.10	0.08	0.05	0.00
2	6443622	Coulommiers	29997.00	50.09	36.00	75.29	0.00	80.09	0.20	0.15	0.09	0.01
2	3002401	Le Raincy	14708.00	24.56	17.65	36.92	0.00	39.27	0.10	0.07	0.05	0.00
2	6446138	Fleury-Mérogis	1186103.00	1980.79	1423.32	2977.12	0.00	3166.90	7.83	5.93	3.68	0.36
2	6451134	Avon	18866.00	31.51	22.64	47.35	0.00	50.37	0.12	0.09	0.06	0.01
2	6443750	Montévrain	118654.00	198.15	142.38	297.82	0.00	316.81	0.78	0.59	0.37	0.04
2	2985229	Provins	23074.00	38.53	27.69	57.92	0.00	61.61	0.15	0.12	0.07	0.01
2	3036402	Aubergenville	11974.00	20.00	14.37	30.05	0.00	31.97	0.08	0.06	0.04	0.00
2	3007102	La Queue-en-Brie	33733.00	56.33	40.48	84.67	0.00	90.07	0.22	0.17	0.10	0.01
2	3036823	Arpajon	10920.00	18.24	13.10	27.41	0.00	29.16	0.07	0.05	0.03	0.00
2	3020925	Dourdan	10559.00	17.63	12.67	26.50	0.00	28.19	0.07	0.05	0.03	0.00
2	3009481	La Ferté-sous-Jouarre	9586.00	16.01	11.50	24.06	0.00	25.59	0.06	0.05	0.03	0.00
2	6446113	Bures-sur-Yvette	9577.00	15.99	11.49	24.04	0.00	25.57	0.06	0.05	0.03	0.00
2	3022301	Crosne	9285.00	15.51	11.14	23.31	0.00	24.79	0.06	0.05	0.03	0.00
2	6497274	Serris	9236.00	15.42	11.08	23.18	0.00	24.66	0.06	0.05	0.03	0.00
2	2984678	Quincy-sous-Sénart	9018.00	15.06	10.82	22.64	0.00	24.08	0.06	0.05	0.03	0.00
2	6443768	Nangis	15204.00	25.39	18.24	38.16	0.00	40.59	0.10	0.08	0.05	0.00
2	2972253	Tournan-en-Brie	8613.00	14.38	10.34	21.62	0.00	23.00	0.06	0.04	0.03	0.00
2	2983755	Saint-Rémy-lès-Chevreuse	7810.00	13.04	9.37	19.60	0.00	20.85	0.05	0.04	0.02	0.00
2	2974383	Soisy-sur-Seine	7235.00	12.08	8.68	18.16	0.00	19.32	0.05	0.04	0.02	0.00
2	2997351	Louveciennes	7055.00	11.78	8.47	17.71	0.00	18.84	0.05	0.04	0.02	0.00
2	6456501	Le Mesnil-Saint-Denis	6814.00	11.38	8.18	17.10	0.00	18.19	0.04	0.03	0.02	0.00
2	2982756	Rosny-sur-Seine	53305.00	89.02	63.97	133.80	0.00	142.32	0.35	0.27	0.17	0.02
2	2997698	Longpont-sur-Orge	6277.00	10.48	7.53	15.76	0.00	16.76	0.04	0.03	0.02	0.00
2	2996802	Magnanville	82707.00	138.12	99.25	207.59	0.00	220.83	0.55	0.41	0.26	0.02
2	6451149	Bois-le-Roi	63324.00	105.75	75.99	158.94	0.00	169.08	0.42	0.32	0.20	0.02
2	2986272	Jouars-Pontchartrain	5715.00	9.54	6.86	14.34	0.00	15.26	0.04	0.03	0.02	0.00
2	6454736	Chevreuse	5647.00	9.43	6.78	14.17	0.00	15.08	0.04	0.03	0.02	0.00
2	2973963	Souppes-sur-Loing	13365.00	22.32	16.04	33.55	0.00	35.68	0.09	0.07	0.04	0.00
2	3027200	Champcueil	26078.00	43.55	31.29	65.46	0.00	69.63	0.17	0.13	0.08	0.01
2	3033598	Belloy-en-France	1223040.00	2042.48	1467.65	3069.83	0.00	3265.52	8.07	6.12	3.79	0.37
2	2990612	Neuilly-sur-Marne	34993.00	58.44	41.99	87.83	0.00	93.43	0.23	0.17	0.11	0.01
2	3016292	Gentilly	18577.00	31.02	22.29	46.63	0.00	49.60	0.12	0.09	0.06	0.01
