NIVEL	CODIGO	DESTINO	POP ATENDIDA	Physicians	Nurses	OtherCadres	CommunityBased	MRIUnit	Mammography	Radiotherapy
1,2998324,Lille,232787.00,95.44,588.95,290.98,1136.00,0.00,0.00,0.00,0.00,0.00
1,6455273,Amiens,136105.00,55.80,344.35,170.13,664.19,0.00,0.00,0.00,0.00,0.00
1,2978439,Boulogne-sur-Mer,133062.00,54.56,336.65,166.33,649.34,0.00,0.00,0.00,0.00,0.00
1,2982681,Roubaix,100000.00,41.00,253.00,125.00,488.00,0.00,0.00,0.00,0.00,0.00
1,2972284,Tourcoing,97368.00,39.92,246.34,121.71,475.16,0.00,0.00,0.00,0.00,0.00
1,3029159,Calais,156303.00,64.08,395.45,195.38,762.76,0.00,0.00,0.00,0.00,0.00
1,2995695,Beauvais,56020.00,22.97,141.73,70.03,273.38,0.00,0.00,0.00,0.00,0.00
1,2977295,Saint-Quentin,55499.00,22.75,140.41,69.37,270.84,0.00,0.00,0.00,0.00,0.00
1,8286482,Valenciennes,43336.00,17.77,109.64,54.17,211.48,0.00,0.00,0.00,0.00,0.00
1,3036784,Arras,41019.00,16.82,103.78,51.27,200.17,0.00,0.00,0.00,0.00,0.00
1,2967421,Wattrelos,40958.00,16.79,103.62,51.20,199.88,0.00,0.00,0.00,0.00,0.00
1,7626220,Compiègne,40199.00,16.48,101.70,50.25,196.17,0.00,0.00,0.00,0.00,0.00
1,3021000,Douai,58213.00,23.87,147.28,72.77,284.08,0.00,0.00,0.00,0.00,0.00
1,6438650,Creil,35657.00,14.62,90.21,44.57,174.01,0.00,0.00,0.00,0.00,0.00
1,3029030,Cambrai,32558.00,13.35,82.37,40.70,158.88,0.00,0.00,0.00,0.00,0.00
1,3003093,Lens,31415.00,12.88,79.48,39.27,153.31,0.00,0.00,0.00,0.00,0.00
1,2998431,Liévin,30785.00,12.62,77.89,38.48,150.23,0.00,0.00,0.00,0.00,0.00
1,2995150,Maubeuge,29944.00,12.28,75.76,37.43,146.13,0.00,0.00,0.00,0.00,0.00
1,2974389,Soissons,28530.00,11.70,72.18,35.66,139.23,0.00,0.00,0.00,0.00,0.00
1,3008218,Lambersart,27649.00,11.34,69.95,34.56,134.93,0.00,0.00,0.00,0.00,0.00
1,6439604,Hénin-Beaumont,26022.00,10.67,65.84,32.53,126.99,0.00,0.00,0.00,0.00,0.00
1,3033002,Béthune,231129.00,94.76,584.76,288.91,1127.91,0.00,0.00,0.00,0.00,0.00
1,3036903,Armentières,227460.00,93.26,575.47,284.32,1110.00,0.00,0.00,0.00,0.00,0.00
1,6453527,Laon,31019.00,12.72,78.48,38.77,151.37,0.00,0.00,0.00,0.00,0.00
1,6438266,Grande-Synthe,22966.00,9.42,58.10,28.71,112.07,0.00,0.00,0.00,0.00,0.00
1,3038789,Abbeville,49081.00,20.12,124.17,61.35,239.52,0.00,0.00,0.00,0.00,0.00
1,6454415,Loos,26142.00,10.72,66.14,32.68,127.57,0.00,0.00,0.00,0.00,0.00
1,8286238,Hazebrouck,27106.00,11.11,68.58,33.88,132.28,0.00,0.00,0.00,0.00,0.00
1,3023356,Coudekerque-Branche,35625.00,14.61,90.13,44.53,173.85,0.00,0.00,0.00,0.00,0.00
1,2967438,Wasquehal,20479.00,8.40,51.81,25.60,99.94,0.00,0.00,0.00,0.00,0.00
1,6438865,Nogent-sur-Oise,20033.00,8.21,50.68,25.04,97.76,0.00,0.00,0.00,0.00,0.00
1,6454406,Denain,19933.00,8.17,50.43,24.92,97.27,0.00,0.00,0.00,0.00,0.00
1,3028486,Carvin,204830.00,83.98,518.22,256.04,999.57,0.00,0.00,0.00,0.00,0.00
1,2981839,Saint-Amand-les-Eaux,16053.00,6.58,40.61,20.07,78.34,0.00,0.00,0.00,0.00,0.00
1,6455196,Bailleul,175010.00,71.75,442.78,218.76,854.05,0.00,0.00,0.00,0.00,0.00
1,2975088,Senlis,14891.00,6.11,37.67,18.61,72.67,0.00,0.00,0.00,0.00,0.00
1,3022569,Crépy-en-Valois,74534.00,30.56,188.57,93.17,363.73,0.00,0.00,0.00,0.00,0.00
1,3028205,Caudry,18530.00,7.60,46.88,23.16,90.43,0.00,0.00,0.00,0.00,0.00
1,2982938,Roncq,53792.00,22.05,136.09,67.24,262.50,0.00,0.00,0.00,0.00,0.00
1,2989877,Noyon,47620.00,19.52,120.48,59.52,232.39,0.00,0.00,0.00,0.00,0.00
1,6438896,Pont-Sainte-Maxence,14482.00,5.94,36.64,18.10,70.67,0.00,0.00,0.00,0.00,0.00
1,2975361,Seclin,229091.00,93.93,579.60,286.36,1117.96,0.00,0.00,0.00,0.00,0.00
1,2974324,Somain,12213.00,5.01,30.90,15.27,59.60,0.00,0.00,0.00,0.00,0.00
1,6439413,Bully-les-Mines,12117.00,4.97,30.66,15.15,59.13,0.00,0.00,0.00,0.00,0.00
1,6438351,Marly,180794.00,74.13,457.41,225.99,882.27,0.00,0.00,0.00,0.00,0.00
1,3025859,Chauny,11773.00,4.83,29.79,14.72,57.45,0.00,0.00,0.00,0.00,0.00
1,3017512,Fourmies,11714.00,4.80,29.64,14.64,57.16,0.00,0.00,0.00,0.00,0.00
1,2977058,Saint-Saulve,11353.00,4.65,28.72,14.19,55.40,0.00,0.00,0.00,0.00,0.00
1,6439867,Saint-Martin-Boulogne,11226.00,4.60,28.40,14.03,54.78,0.00,0.00,0.00,0.00,0.00
1,3014816,Gravelines,11132.00,4.56,28.16,13.91,54.32,0.00,0.00,0.00,0.00,0.00
1,6438625,Chantilly,11001.00,4.51,27.83,13.75,53.68,0.00,0.00,0.00,0.00,0.00
1,6439685,Longuenesse,15081.00,6.18,38.15,18.85,73.60,0.00,0.00,0.00,0.00,0.00
1,6450253,Auchel,10399.00,4.26,26.31,13.00,50.75,0.00,0.00,0.00,0.00,0.00
1,6438310,Jeumont,10229.00,4.19,25.88,12.79,49.92,0.00,0.00,0.00,0.00,0.00
1,3024643,Clermont,11264.00,4.62,28.50,14.08,54.97,0.00,0.00,0.00,0.00,0.00
1,6439773,Oignies,9841.00,4.03,24.90,12.30,48.02,0.00,0.00,0.00,0.00,0.00
1,3038271,Albert,12335.00,5.06,31.21,15.42,60.19,0.00,0.00,0.00,0.00,0.00
1,3038393,Aire-sur-la-Lys,9772.00,4.01,24.72,12.21,47.69,0.00,0.00,0.00,0.00,0.00
1,3019827,Escaudain,9645.00,3.95,24.40,12.06,47.07,0.00,0.00,0.00,0.00,0.00
1,6618431,Beuvry,9331.00,3.83,23.61,11.66,45.54,0.00,0.00,0.00,0.00,0.00
1,6438728,Gouvieux,32115.00,13.17,81.25,40.14,156.72,0.00,0.00,0.00,0.00,0.00
1,6614547,Lamorlaye,8823.00,3.62,22.32,11.03,43.06,0.00,0.00,0.00,0.00,0.00
1,3013258,Hirson,8800.00,3.61,22.26,11.00,42.94,0.00,0.00,0.00,0.00,0.00
1,6438325,Lesquin,8635.00,3.54,21.85,10.79,42.14,0.00,0.00,0.00,0.00,0.00
1,2994837,Mazingarbe,8036.00,3.29,20.33,10.04,39.22,0.00,0.00,0.00,0.00,0.00
1,6438304,Houplines,7770.00,3.19,19.66,9.71,37.92,0.00,0.00,0.00,0.00,0.00
1,2967411,Wavrin,7723.00,3.17,19.54,9.65,37.69,0.00,0.00,0.00,0.00,0.00
1,2987928,Péronne,18780.00,7.70,47.51,23.48,91.65,0.00,0.00,0.00,0.00,0.00
1,3017167,Fresnes-sur-Escaut,7532.00,3.09,19.06,9.41,36.76,0.00,0.00,0.00,0.00,0.00
1,6439479,Divion,6977.00,2.86,17.65,8.72,34.05,0.00,0.00,0.00,0.00,0.00
1,2998532,Liancourt,106881.00,43.82,270.41,133.60,521.58,0.00,0.00,0.00,0.00,0.00
1,2997619,Loos-en-Gohelle,6855.00,2.81,17.34,8.57,33.45,0.00,0.00,0.00,0.00,0.00
1,3011307,La Bassée,6545.00,2.68,16.56,8.18,31.94,0.00,0.00,0.00,0.00,0.00
1,6438342,Louvroil,6405.00,2.63,16.20,8.01,31.26,0.00,0.00,0.00,0.00,0.00
1,3017556,Fouquières-lès-Lens,6399.00,2.62,16.19,8.00,31.23,0.00,0.00,0.00,0.00,0.00
1,3023742,Corbie,6307.00,2.59,15.96,7.88,30.78,0.00,0.00,0.00,0.00,0.00
1,3008463,Lallaing,6297.00,2.58,15.93,7.87,30.73,0.00,0.00,0.00,0.00,0.00
1,2992760,Montdidier,8797.00,3.61,22.26,11.00,42.93,0.00,0.00,0.00,0.00,0.00
1,3020944,Doullens,24007.00,9.84,60.74,30.01,117.15,0.00,0.00,0.00,0.00,0.00
1,2989901,Noyelles-Godault,5828.00,2.39,14.74,7.29,28.44,0.00,0.00,0.00,0.00,0.00
1,3018336,Flers-en-Escrebieux,5816.00,2.38,14.71,7.27,28.38,0.00,0.00,0.00,0.00,0.00
1,2982330,Roye,5709.00,2.34,14.44,7.14,27.86,0.00,0.00,0.00,0.00,0.00
1,2997681,Longueau,5693.00,2.33,14.40,7.12,27.78,0.00,0.00,0.00,0.00,0.00
1,3021911,Dainville,5665.00,2.32,14.33,7.08,27.65,0.00,0.00,0.00,0.00,0.00
1,8294802,Loison-sous-Lens,5379.00,2.21,13.61,6.72,26.25,0.00,0.00,0.00,0.00,0.00
1,8294749,Cucq,29462.00,12.08,74.54,36.83,143.77,0.00,0.00,0.00,0.00,0.00
1,6439374,Blendecques,85598.00,35.10,216.56,107.00,417.72,0.00,0.00,0.00,0.00,0.00
1,6439873,Saint-Pol-sur-Ternoise,4942.00,2.03,12.50,6.18,24.12,0.00,0.00,0.00,0.00,0.00
1,3002420,Le Quesnoy,8381.00,3.44,21.20,10.48,40.90,0.00,0.00,0.00,0.00,0.00
1,3014195,Guise,6062.00,2.49,15.34,7.58,29.58,0.00,0.00,0.00,0.00,0.00
1,2977901,Saint-Nicolas,4724.00,1.94,11.95,5.91,23.05,0.00,0.00,0.00,0.00,0.00
1,2976865,Ham,4596.00,1.88,11.63,5.75,22.43,0.00,0.00,0.00,0.00,0.00
1,3036406,Auberchicourt,4533.00,1.86,11.47,5.67,22.12,0.00,0.00,0.00,0.00,0.00
1,3017024,Friville-Escarbotin,17396.00,7.13,44.01,21.75,84.89,0.00,0.00,0.00,0.00,0.00
1,2968415,Villers-Bretonneux,11392.00,4.67,28.82,14.24,55.59,0.00,0.00,0.00,0.00,0.00
1,6438593,Breteuil,5435.00,2.23,13.75,6.79,26.52,0.00,0.00,0.00,0.00,0.00
1,2999139,Le Touquet-Paris-Plage,4229.00,1.73,10.70,5.29,20.64,0.00,0.00,0.00,0.00,0.00
1,2984438,Rang-du-Fliers,7320.00,3.00,18.52,9.15,35.72,0.00,0.00,0.00,0.00,0.00
1,6439365,Biache-Saint-Vaast,4197.00,1.72,10.62,5.25,20.48,0.00,0.00,0.00,0.00,0.00
1,6438432,Raimbeaucourt,231272.00,94.82,585.12,289.09,1128.61,0.00,0.00,0.00,0.00,0.00
1,3024906,Cires-lès-Mello,3986.00,1.63,10.08,4.98,19.45,0.00,0.00,0.00,0.00,0.00
1,3035088,Bapaume,26312.00,10.79,66.57,32.89,128.40,0.00,0.00,0.00,0.00,0.00
1,3033657,Belleu,3815.00,1.56,9.65,4.77,18.62,0.00,0.00,0.00,0.00,0.00
1,2980723,Sainte-Catherine,12628.00,5.18,31.95,15.79,61.62,0.00,0.00,0.00,0.00,0.00
1,6439864,Saint-Léonard,13781.00,5.65,34.87,17.23,67.25,0.00,0.00,0.00,0.00,0.00
1,2978017,Saint-Michel,3365.00,1.38,8.51,4.21,16.42,0.00,0.00,0.00,0.00,0.00
1,3012620,Iwuy,3359.00,1.38,8.50,4.20,16.39,0.00,0.00,0.00,0.00,0.00
1,3025881,Chaumont-en-Vexin,9729.00,3.99,24.61,12.16,47.48,0.00,0.00,0.00,0.00,0.00
1,3033355,Berlaimont,3155.00,1.29,7.98,3.94,15.40,0.00,0.00,0.00,0.00,0.00
1,2985231,Proville,3150.00,1.29,7.97,3.94,15.37,0.00,0.00,0.00,0.00,0.00
1,6456238,La Sentinelle,3126.00,1.28,7.91,3.91,15.25,0.00,0.00,0.00,0.00,0.00
1,2976690,Saint-Venant,4695.00,1.92,11.88,5.87,22.91,0.00,0.00,0.00,0.00,0.00
1,6439485,Drocourt,2924.00,1.20,7.40,3.65,14.27,0.00,0.00,0.00,0.00,0.00
1,6438413,Pont-à-Marcq,2899.00,1.19,7.33,3.62,14.15,0.00,0.00,0.00,0.00,0.00
1,3014918,Grandvilliers,5000.00,2.05,12.65,6.25,24.40,0.00,0.00,0.00,0.00,0.00
1,2967372,Wignehies,2877.00,1.18,7.28,3.60,14.04,0.00,0.00,0.00,0.00,0.00
1,3009526,La Fère,9540.00,3.91,24.14,11.93,46.56,0.00,0.00,0.00,0.00,0.00
1,3029012,Camiers,45676.00,18.73,115.56,57.09,222.90,0.00,0.00,0.00,0.00,0.00
1,3023787,Coquelles,4498.00,1.84,11.38,5.62,21.95,0.00,0.00,0.00,0.00,0.00
1,3003101,Le Nouvion-en-Thiérache,2584.00,1.06,6.54,3.23,12.61,0.00,0.00,0.00,0.00,0.00
1,2969599,Vervins,9809.00,4.02,24.82,12.26,47.87,0.00,0.00,0.00,0.00,0.00
1,6438152,Capinghem,2565.00,1.05,6.49,3.21,12.52,0.00,0.00,0.00,0.00,0.00
1,2984871,Pont-sur-Sambre,2505.00,1.03,6.34,3.13,12.22,0.00,0.00,0.00,0.00,0.00
1,6450036,Avesnelles,2433.00,1.00,6.16,3.04,11.87,0.00,0.00,0.00,0.00,0.00
1,2979648,Saint-Gobain,2288.00,0.94,5.79,2.86,11.17,0.00,0.00,0.00,0.00,0.00
1,3013365,Hesdin,3622.00,1.49,9.16,4.53,17.68,0.00,0.00,0.00,0.00,0.00
1,3033962,Beauvois-en-Cambrésis,96513.00,39.57,244.18,120.64,470.98,0.00,0.00,0.00,0.00,0.00
1,6438697,Fleurines,12239.00,5.02,30.96,15.30,59.73,0.00,0.00,0.00,0.00,0.00
1,3028983,Campagne-lès-Hesdin,27707.00,11.36,70.10,34.63,135.21,0.00,0.00,0.00,0.00,0.00
1,6424766,Bucy-le-Long,26930.00,11.04,68.13,33.66,131.42,0.00,0.00,0.00,0.00,0.00
1,2987270,Pierrefonds,14867.00,6.10,37.61,18.58,72.55,0.00,0.00,0.00,0.00,0.00
1,2980344,Saint-Erme-Outre-et-Ramecourt,3933.00,1.61,9.95,4.92,19.19,0.00,0.00,0.00,0.00,0.00
1,3018361,Flavy-le-Martel,55409.00,22.72,140.18,69.26,270.40,0.00,0.00,0.00,0.00,0.00
1,2967110,Zuydcoote,173019.00,70.94,437.74,216.27,844.33,0.00,0.00,0.00,0.00,0.00
1,6614064,Allonne,60541.00,24.82,153.17,75.68,295.44,0.00,0.00,0.00,0.00,0.00
1,3030524,Brasles,41702.00,17.10,105.51,52.13,203.51,0.00,0.00,0.00,0.00,0.00
1,3020617,Dury,44006.00,18.04,111.34,55.01,214.75,0.00,0.00,0.00,0.00,0.00
1,6438228,Felleries,93757.00,38.44,237.21,117.20,457.53,0.00,0.00,0.00,0.00,0.00
1,2977841,Saint-Omer-en-Chaussée,29127.00,11.94,73.69,36.41,142.14,0.00,0.00,0.00,0.00,0.00
1,2993532,Moliens,2575.00,1.06,6.51,3.22,12.57,0.00,0.00,0.00,0.00,0.00
1,2980751,Marconne,14325.00,5.87,36.24,17.91,69.91,0.00,0.00,0.00,0.00,0.00
1,2982294,Rozoy-sur-Serre,1001.00,0.41,2.53,1.25,4.88,0.00,0.00,0.00,0.00,0.00
