NIVEL	CODIGO	DESTINO	POP ATENDIDA	Physicians	Nurses	OtherCadres	CommunityBased	Beds	CTScanner	MRIUnit	Mammography	Radiotherapy
2	2973781	Strasbourg	465069.00	776.67	558.08	1167.32	0.00	1241.73	3.07	2.33	1.44	0.14
2	8293796	Nancy	434565.00	725.72	521.48	1090.76	0.00	1160.29	2.87	2.17	1.35	0.13
2	6454365	Metz	405447.00	677.10	486.54	1017.67	0.00	1082.54	2.68	2.03	1.26	0.12
2	6441541	Mulhouse	285121.00	476.15	342.15	715.65	0.00	761.27	1.88	1.43	0.88	0.09
2	6524641	Reims	186040.00	310.69	223.25	466.96	0.00	496.73	1.23	0.93	0.58	0.06
2	6445533	Épinal	93184.00	155.62	111.82	233.89	0.00	248.80	0.62	0.47	0.29	0.03
2	3024297	Colmar	99732.00	166.55	119.68	250.33	0.00	266.28	0.66	0.50	0.31	0.03
2	6453634	Troyes	127660.00	213.19	153.19	320.43	0.00	340.85	0.84	0.64	0.40	0.04
2	2994020	Charleville-Mézières	46428.00	77.53	55.71	116.53	0.00	123.96	0.31	0.23	0.14	0.01
2	3027487	Châlons-en-Champagne	75083.00	125.39	90.10	188.46	0.00	200.47	0.50	0.38	0.23	0.02
2	6454375	Thionville	43537.00	72.71	52.24	109.28	0.00	116.24	0.29	0.22	0.13	0.01
2	3014078	Haguenau	63632.00	106.27	76.36	159.72	0.00	169.90	0.42	0.32	0.20	0.02
2	2975446	Schiltigheim	62942.00	105.11	75.53	157.98	0.00	168.06	0.42	0.31	0.20	0.02
2	2970797	Vandœuvre-lès-Nancy	41641.00	69.54	49.97	104.52	0.00	111.18	0.27	0.21	0.13	0.01
2	3012834	Illkirch-Graffenstaden	90838.00	151.70	109.01	228.00	0.00	242.54	0.60	0.45	0.28	0.03
2	2980816	Saint-Dizier	46809.00	78.17	56.17	117.49	0.00	124.98	0.31	0.23	0.15	0.01
2	3020062	Épernay	35522.00	59.32	42.63	89.16	0.00	94.84	0.23	0.18	0.11	0.01
2	3025892	Chaumont	28794.00	48.09	34.55	72.27	0.00	76.88	0.19	0.14	0.09	0.01
2	6454357	Forbach	24114.00	40.27	28.94	60.53	0.00	64.38	0.16	0.12	0.07	0.01
2	6441606	Saint-Louis	21177.00	35.37	25.41	53.15	0.00	56.54	0.14	0.11	0.07	0.01
2	2975964	Sarreguemines	22248.00	37.15	26.70	55.84	0.00	59.40	0.15	0.11	0.07	0.01
2	2980827	Saint-Dié-des-Vosges	37058.00	61.89	44.47	93.02	0.00	98.94	0.24	0.19	0.11	0.01
2	2975233	Sélestat	19360.00	32.33	23.23	48.59	0.00	51.69	0.13	0.10	0.06	0.01
2	6454301	Lunéville	18027.00	30.11	21.63	45.25	0.00	48.13	0.12	0.09	0.06	0.01
2	2969958	Verdun	29678.00	49.56	35.61	74.49	0.00	79.24	0.20	0.15	0.09	0.01
2	2975349	Sedan	60178.00	100.50	72.21	151.05	0.00	160.68	0.40	0.30	0.19	0.02
2	3013627	Hayange	67906.00	113.40	81.49	170.44	0.00	181.31	0.45	0.34	0.21	0.02
2	2972350	Toul	21045.00	35.15	25.25	52.82	0.00	56.19	0.14	0.11	0.07	0.01
2	6454369	Saint-Avold	15433.00	25.77	18.52	38.74	0.00	41.21	0.10	0.08	0.05	0.00
2	6449768	Bar-le-Duc	20171.00	33.69	24.21	50.63	0.00	53.86	0.13	0.10	0.06	0.01
2	6454309	Pont-à-Mousson	14434.00	24.10	17.32	36.23	0.00	38.54	0.10	0.07	0.04	0.00
2	6426538	Romilly-sur-Seine	20269.00	33.85	24.32	50.88	0.00	54.12	0.13	0.10	0.06	0.01
2	6436699	Laxou	14300.00	23.88	17.16	35.89	0.00	38.18	0.09	0.07	0.04	0.00
2	3022513	Creutzwald	63282.00	105.68	75.94	158.84	0.00	168.96	0.42	0.32	0.20	0.02
2	6450596	Bischwiller	14543.00	24.29	17.45	36.50	0.00	38.83	0.10	0.07	0.05	0.00
2	6426546	Saint-André-les-Vergers	12581.00	21.01	15.10	31.58	0.00	33.59	0.08	0.06	0.04	0.00
2	2967856	Vitry-le-François	15719.00	26.25	18.86	39.45	0.00	41.97	0.10	0.08	0.05	0.00
2	2989796	Obernai	11350.00	18.95	13.62	28.49	0.00	30.30	0.07	0.06	0.04	0.00
2	3027857	Cernay	186946.00	312.20	224.34	469.23	0.00	499.15	1.23	0.93	0.58	0.06
2	2975588	Saverne	25790.00	43.07	30.95	64.73	0.00	68.86	0.17	0.13	0.08	0.01
2	6454560	Guebwiller	11022.00	18.41	13.23	27.67	0.00	29.43	0.07	0.06	0.03	0.00
2	3019865	Erstein	13302.00	22.21	15.96	33.39	0.00	35.52	0.09	0.07	0.04	0.00
2	3029771	Brumath	9970.00	16.65	11.96	25.02	0.00	26.62	0.07	0.05	0.03	0.00
2	2968316	Villerupt	69977.00	116.86	83.97	175.64	0.00	186.84	0.46	0.35	0.22	0.02
2	6436741	Maxéville	173296.00	289.40	207.96	434.97	0.00	462.70	1.14	0.87	0.54	0.05
2	2987429	Pfastatt	9656.00	16.13	11.59	24.24	0.00	25.78	0.06	0.05	0.03	0.00
2	2993476	Molsheim	218263.00	364.50	261.92	547.84	0.00	582.76	1.44	1.09	0.68	0.07
2	3021178	Essey-lès-Nancy	8825.00	14.74	10.59	22.15	0.00	23.56	0.06	0.04	0.03	0.00
2	3015741	Golbey	43296.00	72.30	51.96	108.67	0.00	115.60	0.29	0.22	0.13	0.01
2	3016274	Gérardmer	45875.00	76.61	55.05	115.15	0.00	122.49	0.30	0.23	0.14	0.01
2	2973013	Thann	7721.00	12.89	9.27	19.38	0.00	20.62	0.05	0.04	0.02	0.00
2	3007680	Langres	16371.00	27.34	19.65	41.09	0.00	43.71	0.11	0.08	0.05	0.00
2	2984050	Remiremont	38055.00	63.55	45.67	95.52	0.00	101.61	0.25	0.19	0.12	0.01
2	2991264	Moyeuvre-Grande	7662.00	12.80	9.19	19.23	0.00	20.46	0.05	0.04	0.02	0.00
2	3020152	Ensisheim	8591.00	14.35	10.31	21.56	0.00	22.94	0.06	0.04	0.03	0.00
2	2983891	Rethel	13098.00	21.87	15.72	32.88	0.00	34.97	0.09	0.07	0.04	0.00
2	2977880	Saint-Nicolas-de-Port	10663.00	17.81	12.80	26.76	0.00	28.47	0.07	0.05	0.03	0.00
2	2973993	Soultz-Haut-Rhin	7058.00	11.79	8.47	17.72	0.00	18.84	0.05	0.04	0.02	0.00
2	6436775	Neuves-Maisons	6653.00	11.11	7.98	16.70	0.00	17.76	0.04	0.03	0.02	0.00
2	2990682	Neufchâteau	9854.00	16.46	11.82	24.73	0.00	26.31	0.07	0.05	0.03	0.00
2	6614532	Jœuf	316792.00	529.04	380.15	795.15	0.00	845.83	2.09	1.58	0.98	0.10
2	3023628	Cormontreuil	19465.00	32.51	23.36	48.86	0.00	51.97	0.13	0.10	0.06	0.01
2	2996106	Marange-Silvange	6319.00	10.55	7.58	15.86	0.00	16.87	0.04	0.03	0.02	0.00
2	2997010	Lutterbach	16539.00	27.62	19.85	41.51	0.00	44.16	0.11	0.08	0.05	0.00
2	2983806	Revin	9650.00	16.12	11.58	24.22	0.00	25.77	0.06	0.05	0.03	0.00
2	2990263	Nogent-sur-Seine	7037.00	11.75	8.44	17.66	0.00	18.79	0.05	0.04	0.02	0.00
2	6426046	Nouzonville	8200.00	13.69	9.84	20.58	0.00	21.89	0.05	0.04	0.03	0.00
2	3038012	Altkirch	26103.00	43.59	31.32	65.52	0.00	69.70	0.17	0.13	0.08	0.01
2	6614421	Boulay-Moselle	50049.00	83.58	60.06	125.62	0.00	133.63	0.33	0.25	0.16	0.02
2	6454239	Fismes	12328.00	20.59	14.79	30.94	0.00	32.92	0.08	0.06	0.04	0.00
2	3024086	Commercy	15149.00	25.30	18.18	38.02	0.00	40.45	0.10	0.08	0.05	0.00
2	6426518	Pont-Sainte-Marie	9829.00	16.41	11.79	24.67	0.00	26.24	0.06	0.05	0.03	0.00
2	2993728	Mirecourt	13590.00	22.70	16.31	34.11	0.00	36.29	0.09	0.07	0.04	0.00
2	2980438	Sainte-Marie-aux-Mines	14644.00	24.46	17.57	36.76	0.00	39.10	0.10	0.07	0.05	0.00
2	6436859	Seichamps	6179.00	10.32	7.41	15.51	0.00	16.50	0.04	0.03	0.02	0.00
2	6437734	Moulins-lès-Metz	34341.00	57.35	41.21	86.20	0.00	91.69	0.23	0.17	0.11	0.01
2	2967845	Vittel	10762.00	17.97	12.91	27.01	0.00	28.73	0.07	0.05	0.03	0.00
2	2986385	Pompey	4871.00	8.13	5.85	12.23	0.00	13.01	0.03	0.02	0.02	0.00
2	3034802	Bar-sur-Aube	8172.00	13.65	9.81	20.51	0.00	21.82	0.05	0.04	0.03	0.00
2	2974640	Sézanne	13964.00	23.32	16.76	35.05	0.00	37.28	0.09	0.07	0.04	0.00
2	2987421	Phalsbourg	4728.00	7.90	5.67	11.87	0.00	12.62	0.03	0.02	0.01	0.00
2	2983705	Ribeauvillé	5902.00	9.86	7.08	14.81	0.00	15.76	0.04	0.03	0.02	0.00
2	6454565	Munster	4653.00	7.77	5.58	11.68	0.00	12.42	0.03	0.02	0.01	0.00
2	2975992	Sarralbe	65637.00	109.61	78.76	164.75	0.00	175.25	0.43	0.33	0.20	0.02
2	2982636	Rouffach	72022.00	120.28	86.43	180.78	0.00	192.30	0.48	0.36	0.22	0.02
2	2982774	Rosières-près-Troyes	10851.00	18.12	13.02	27.24	0.00	28.97	0.07	0.05	0.03	0.00
2	2990420	Niederbronn-les-Bains	77613.00	129.61	93.14	194.81	0.00	207.23	0.51	0.39	0.24	0.02
2	2967603	Vouziers	5466.00	9.13	6.56	13.72	0.00	14.59	0.04	0.03	0.02	0.00
2	3035498	Baccarat	7725.00	12.90	9.27	19.39	0.00	20.63	0.05	0.04	0.02	0.00
2	2980400	Sainte-Menehould	5616.00	9.38	6.74	14.10	0.00	14.99	0.04	0.03	0.02	0.00
2	6454333	Saint-Mihiel	6946.00	11.60	8.34	17.43	0.00	18.55	0.05	0.03	0.02	0.00
2	3030708	Bouxwiller	4906.00	8.19	5.89	12.31	0.00	13.10	0.03	0.02	0.02	0.00
2	6441618	Sierentz	27326.00	45.63	32.79	68.59	0.00	72.96	0.18	0.14	0.08	0.01
2	2992240	Montmirail	6503.00	10.86	7.80	16.32	0.00	17.36	0.04	0.03	0.02	0.00
2	6456612	Le Thillot	3405.00	5.69	4.09	8.55	0.00	9.09	0.02	0.02	0.01	0.00
2	3016907	Fumay	26127.00	43.63	31.35	65.58	0.00	69.76	0.17	0.13	0.08	0.01
2	6454562	Masevaux	36759.00	61.39	44.11	92.27	0.00	98.15	0.24	0.18	0.11	0.01
2	3029725	Bruyères	3078.00	5.14	3.69	7.73	0.00	8.22	0.02	0.02	0.01	0.00
2	3012315	Joinville	4522.00	7.55	5.43	11.35	0.00	12.07	0.03	0.02	0.01	0.00
2	3034800	Bar-sur-Seine	6297.00	10.52	7.56	15.81	0.00	16.81	0.04	0.03	0.02	0.00
2	3021392	Dieuze	2868.00	4.79	3.44	7.20	0.00	7.66	0.02	0.01	0.01	0.00
2	3030093	Brienne-le-Château	4750.00	7.93	5.70	11.92	0.00	12.68	0.03	0.02	0.01	0.00
2	2975063	Senones	2439.00	4.07	2.93	6.12	0.00	6.51	0.02	0.01	0.01	0.00
2	3005397	Lay-Saint-Christophe	2421.00	4.04	2.91	6.08	0.00	6.46	0.02	0.01	0.01	0.00
2	6437438	Château-Salins	9692.00	16.19	11.63	24.33	0.00	25.88	0.06	0.05	0.03	0.00
2	3021888	Dambach-la-Ville	37165.00	62.07	44.60	93.28	0.00	99.23	0.25	0.19	0.12	0.01
2	2975445	Schirmeck	3737.00	6.24	4.48	9.38	0.00	9.98	0.02	0.02	0.01	0.00
2	2992260	Montmédy	9883.00	16.50	11.86	24.81	0.00	26.39	0.07	0.05	0.03	0.00
2	3031086	Bourbonne-les-Bains	3336.00	5.57	4.00	8.37	0.00	8.91	0.02	0.02	0.01	0.00
2	3024899	Cirey-sur-Vezouze	36254.00	60.54	43.50	91.00	0.00	96.80	0.24	0.18	0.11	0.01
2	3027113	Champigny	45005.00	75.16	54.01	112.96	0.00	120.16	0.30	0.23	0.14	0.01
2	2975392	Scy-Chazelles	2675.00	4.47	3.21	6.71	0.00	7.14	0.02	0.01	0.01	0.00
2	2993673	Mittelhausbergen	2035.00	3.40	2.44	5.11	0.00	5.43	0.01	0.01	0.01	0.00
