NIVEL	CODIGO	DESTINO	POP ATENDIDA	Physicians	Nurses	OtherCadres	CommunityBased	MRIUnit	Mammography	Radiotherapy
1,220020,Agua_Branca,23352.00,9.57,59.08,29.19,113.96,0.00,0.00,0.00,0.00,0.00
1,220030,Alto_Longa,15389.00,6.31,38.93,19.24,75.10,0.00,0.00,0.00,0.00,0.00
1,220040,Altos,43616.00,17.88,110.35,54.52,212.85,0.00,0.00,0.00,0.00,0.00
1,220045,Alvorada_Do_Gurgueia,5816.00,2.38,14.71,7.27,28.38,0.00,0.00,0.00,0.00,0.00
1,220050,Amarante,18974.00,7.78,48.00,23.72,92.59,0.00,0.00,0.00,0.00,0.00
1,220080,Antonio_Almeida,3406.00,1.40,8.62,4.26,16.62,0.00,0.00,0.00,0.00,0.00
1,220090,Aroazes,6303.00,2.58,15.95,7.88,30.76,0.00,0.00,0.00,0.00,0.00
1,220095,Aroeiras_Do_Itaim,2751.00,1.13,6.96,3.44,13.42,0.00,0.00,0.00,0.00,0.00
1,220100,Arraial,5107.00,2.09,12.92,6.38,24.92,0.00,0.00,0.00,0.00,0.00
1,220105,Assuncao_Do_Piaui,8443.00,3.46,21.36,10.55,41.20,0.00,0.00,0.00,0.00,0.00
1,220110,Avelino_Lopes,12136.00,4.98,30.70,15.17,59.22,0.00,0.00,0.00,0.00,0.00
1,220115,Baixa_Grande_Do_Ribeiro,12400.00,5.08,31.37,15.50,60.51,0.00,0.00,0.00,0.00,0.00
1,220120,Barras,61996.00,25.42,156.85,77.50,302.54,0.00,0.00,0.00,0.00,0.00
1,220140,Barro_Duro,7591.00,3.11,19.21,9.49,37.04,0.00,0.00,0.00,0.00,0.00
1,220160,Beneditinos,11284.00,4.63,28.55,14.11,55.07,0.00,0.00,0.00,0.00,0.00
1,220170,Bertolinia,10550.00,4.33,26.69,13.19,51.48,0.00,0.00,0.00,0.00,0.00
1,220173,Betania_Do_Piaui,6687.00,2.74,16.92,8.36,32.63,0.00,0.00,0.00,0.00,0.00
1,220177,Boa_Hora,14164.00,5.81,35.83,17.70,69.12,0.00,0.00,0.00,0.00,0.00
1,220190,Bom_Jesus,32248.00,13.22,81.59,40.31,157.37,0.00,0.00,0.00,0.00,0.00
1,220191,Bom_Principio_Do_Piaui,6048.00,2.48,15.30,7.56,29.51,0.00,0.00,0.00,0.00,0.00
1,220192,Bonfim_Do_Piaui,11443.00,4.69,28.95,14.30,55.84,0.00,0.00,0.00,0.00,0.00
1,220200,Buriti_Dos_Lopes,21306.00,8.74,53.90,26.63,103.97,0.00,0.00,0.00,0.00,0.00
1,220202,Buriti_Dos_Montes,8869.00,3.64,22.44,11.09,43.28,0.00,0.00,0.00,0.00,0.00
1,220208,Cajueiro_Da_Praia,8206.00,3.36,20.76,10.26,40.05,0.00,0.00,0.00,0.00,0.00
1,220210,Campinas_Do_Piaui,6043.00,2.48,15.29,7.55,29.49,0.00,0.00,0.00,0.00,0.00
1,220211,Campo_Alegre_Do_Fidalgo,9820.00,4.03,24.84,12.28,47.92,0.00,0.00,0.00,0.00,0.00
1,220220,Campo_Maior,50444.00,20.68,127.62,63.05,246.17,0.00,0.00,0.00,0.00,0.00
1,220225,Canavieira,4268.00,1.75,10.80,5.33,20.83,0.00,0.00,0.00,0.00,0.00
1,220230,Canto_Do_Buriti,26978.00,11.06,68.25,33.72,131.65,0.00,0.00,0.00,0.00,0.00
1,220250,Caracol,11720.00,4.81,29.65,14.65,57.19,0.00,0.00,0.00,0.00,0.00
1,220260,Castelo_Do_Piaui,27166.00,11.14,68.73,33.96,132.57,0.00,0.00,0.00,0.00,0.00
1,220265,Caxingo,12123.00,4.97,30.67,15.15,59.16,0.00,0.00,0.00,0.00,0.00
1,220270,Cocal,36525.00,14.98,92.41,45.66,178.24,0.00,0.00,0.00,0.00,0.00
1,220271,Cocal_De_Telha,5264.00,2.16,13.32,6.58,25.69,0.00,0.00,0.00,0.00,0.00
1,220273,Coivaras,4322.00,1.77,10.93,5.40,21.09,0.00,0.00,0.00,0.00,0.00
1,220280,Conceicao_Do_Caninde,5175.00,2.12,13.09,6.47,25.25,0.00,0.00,0.00,0.00,0.00
1,220285,Coronel_Jose_Dias,5045.00,2.07,12.76,6.31,24.62,0.00,0.00,0.00,0.00,0.00
1,220290,Corrente,37575.00,15.41,95.06,46.97,183.37,0.00,0.00,0.00,0.00,0.00
1,220310,Cristino_Castro,22960.00,9.41,58.09,28.70,112.04,0.00,0.00,0.00,0.00,0.00
1,220320,Curimata,12239.00,5.02,30.96,15.30,59.73,0.00,0.00,0.00,0.00,0.00
1,220325,Curralinhos,4773.00,1.96,12.08,5.97,23.29,0.00,0.00,0.00,0.00,0.00
1,220327,Curral_Novo_Do_Piaui,5734.00,2.35,14.51,7.17,27.98,0.00,0.00,0.00,0.00,0.00
1,220330,Demerval_Lobao,30641.00,12.56,77.52,38.30,149.53,0.00,0.00,0.00,0.00,0.00
1,220342,Domingos_Mourao,4698.00,1.93,11.89,5.87,22.93,0.00,0.00,0.00,0.00,0.00
1,220345,Dom_Inocencio,10296.00,4.22,26.05,12.87,50.24,0.00,0.00,0.00,0.00,0.00
1,220350,Elesbao_Veloso,21548.00,8.83,54.52,26.93,105.15,0.00,0.00,0.00,0.00,0.00
1,220360,Eliseu_Martins,12243.00,5.02,30.97,15.30,59.75,0.00,0.00,0.00,0.00,0.00
1,220370,Esperantina,78959.00,32.37,199.77,98.70,385.32,0.00,0.00,0.00,0.00,0.00
1,220375,Fartura_Do_Piaui,5711.00,2.34,14.45,7.14,27.87,0.00,0.00,0.00,0.00,0.00
1,220380,Flores_Do_Piaui,16566.00,6.79,41.91,20.71,80.84,0.00,0.00,0.00,0.00,0.00
1,220390,Floriano,64540.00,26.46,163.29,80.67,314.96,0.00,0.00,0.00,0.00,0.00
1,220410,Francisco_Ayres,4716.00,1.93,11.93,5.89,23.01,0.00,0.00,0.00,0.00,0.00
1,220420,Francisco_Santos,25216.00,10.34,63.80,31.52,123.05,0.00,0.00,0.00,0.00,0.00
1,220430,Fronteiras,12500.00,5.12,31.62,15.62,61.00,0.00,0.00,0.00,0.00,0.00
1,220440,Gilbues,22969.00,9.42,58.11,28.71,112.09,0.00,0.00,0.00,0.00,0.00
1,220450,Guadalupe,11325.00,4.64,28.65,14.16,55.27,0.00,0.00,0.00,0.00,0.00
1,220455,Guaribas,4914.00,2.01,12.43,6.14,23.98,0.00,0.00,0.00,0.00,0.00
1,220470,Inhuma,27047.00,11.09,68.43,33.81,131.99,0.00,0.00,0.00,0.00,0.00
1,220490,Isaias_Coelho,9223.00,3.78,23.33,11.53,45.01,0.00,0.00,0.00,0.00,0.00
1,220510,Itaueira,11875.00,4.87,30.04,14.84,57.95,0.00,0.00,0.00,0.00,0.00
1,220520,Jaicos,38692.00,15.86,97.89,48.37,188.82,0.00,0.00,0.00,0.00,0.00
1,220525,Jardim_Do_Mulato,4847.00,1.99,12.26,6.06,23.65,0.00,0.00,0.00,0.00,0.00
1,220527,Jatoba_Do_Piaui,5236.00,2.15,13.25,6.54,25.55,0.00,0.00,0.00,0.00,0.00
1,220530,Jerumenha,4807.00,1.97,12.16,6.01,23.46,0.00,0.00,0.00,0.00,0.00
1,220535,Joao_Costa,3246.00,1.33,8.21,4.06,15.84,0.00,0.00,0.00,0.00,0.00
1,220540,Joaquim_Pires,15458.00,6.34,39.11,19.32,75.44,0.00,0.00,0.00,0.00,0.00
1,220550,Jose_De_Freitas,42141.00,17.28,106.62,52.68,205.65,0.00,0.00,0.00,0.00,0.00
1,220552,Julio_Borges,6055.00,2.48,15.32,7.57,29.55,0.00,0.00,0.00,0.00,0.00
1,220555,Lagoa_Alegre,9172.00,3.76,23.21,11.46,44.76,0.00,0.00,0.00,0.00,0.00
1,220556,Lagoa_Do_Barro_Do_Piaui,14688.00,6.02,37.16,18.36,71.68,0.00,0.00,0.00,0.00,0.00
1,220560,Landri_Sales,10631.00,4.36,26.90,13.29,51.88,0.00,0.00,0.00,0.00,0.00
1,220570,Luis_Correia,32547.00,13.34,82.34,40.68,158.83,0.00,0.00,0.00,0.00,0.00
1,220580,Luzilandia,42238.00,17.32,106.86,52.80,206.12,0.00,0.00,0.00,0.00,0.00
1,220590,Manoel_Emidio,5768.00,2.36,14.59,7.21,28.15,0.00,0.00,0.00,0.00,0.00
1,220595,Marcolandia,18740.00,7.68,47.41,23.43,91.45,0.00,0.00,0.00,0.00,0.00
1,220610,Matias_Olimpio,11770.00,4.83,29.78,14.71,57.44,0.00,0.00,0.00,0.00,0.00
1,220620,Miguel_Alves,36330.00,14.90,91.91,45.41,177.29,0.00,0.00,0.00,0.00,0.00
1,220630,Miguel_Leao,1348.00,0.55,3.41,1.69,6.58,0.00,0.00,0.00,0.00,0.00
1,220635,Milton_Brandao,7137.00,2.93,18.06,8.92,34.83,0.00,0.00,0.00,0.00,0.00
1,220665,Morro_Cabeca_No_Tempo,4889.00,2.00,12.37,6.11,23.86,0.00,0.00,0.00,0.00,0.00
1,220669,Murici_Dos_Portelas,9820.00,4.03,24.84,12.28,47.92,0.00,0.00,0.00,0.00,0.00
1,220670,Nazare_Do_Piaui,7934.00,3.25,20.07,9.92,38.72,0.00,0.00,0.00,0.00,0.00
1,220672,Nazaria,9206.00,3.77,23.29,11.51,44.93,0.00,0.00,0.00,0.00,0.00
1,220675,Nossa_Senhora_De_Nazare,5228.00,2.14,13.23,6.54,25.51,0.00,0.00,0.00,0.00,0.00
1,220695,Novo_Santo_Antonio,3213.00,1.32,8.13,4.02,15.68,0.00,0.00,0.00,0.00,0.00
1,220700,Oeiras,48127.00,19.73,121.76,60.16,234.86,0.00,0.00,0.00,0.00,0.00
1,220730,Paes_Landim,7736.00,3.17,19.57,9.67,37.75,0.00,0.00,0.00,0.00,0.00
1,220735,Pajeu_Do_Piaui,3640.00,1.49,9.21,4.55,17.76,0.00,0.00,0.00,0.00,0.00
1,220750,Palmeirais,15626.00,6.41,39.53,19.53,76.25,0.00,0.00,0.00,0.00,0.00
1,220755,Paqueta,4263.00,1.75,10.79,5.33,20.80,0.00,0.00,0.00,0.00,0.00
1,220760,Parnagua,11607.00,4.76,29.37,14.51,56.64,0.00,0.00,0.00,0.00,0.00
1,220770,Parnaiba,174776.00,71.66,442.18,218.47,852.91,0.00,0.00,0.00,0.00,0.00
1,220777,Patos_Do_Piaui,6878.00,2.82,17.40,8.60,33.56,0.00,0.00,0.00,0.00,0.00
1,220779,Pau_Darco_Do_Piaui,4339.00,1.78,10.98,5.42,21.17,0.00,0.00,0.00,0.00,0.00
1,220780,Paulistana,35924.00,14.73,90.89,44.91,175.31,0.00,0.00,0.00,0.00,0.00
1,220785,Pavussu,3974.00,1.63,10.05,4.97,19.39,0.00,0.00,0.00,0.00,0.00
1,220790,Pedro_Ii,49011.00,20.09,124.00,61.26,239.17,0.00,0.00,0.00,0.00,0.00
1,220793,Pedro_Laurentino,2728.00,1.12,6.90,3.41,13.31,0.00,0.00,0.00,0.00,0.00
1,220800,Picos,114271.00,46.85,289.11,142.84,557.64,0.00,0.00,0.00,0.00,0.00
1,220810,Pimenteiras,13067.00,5.36,33.06,16.33,63.77,0.00,0.00,0.00,0.00,0.00
1,220820,Pio_Ix,19833.00,8.13,50.18,24.79,96.79,0.00,0.00,0.00,0.00,0.00
1,220830,Piracuruca,45678.00,18.73,115.57,57.10,222.91,0.00,0.00,0.00,0.00,0.00
1,220840,Piripiri,80980.00,33.20,204.88,101.22,395.18,0.00,0.00,0.00,0.00,0.00
1,220850,Porto,30665.00,12.57,77.58,38.33,149.65,0.00,0.00,0.00,0.00,0.00
1,220855,Porto_Alegre_Do_Piaui,2912.00,1.19,7.37,3.64,14.21,0.00,0.00,0.00,0.00,0.00
1,220870,Redencao_Do_Gurgueia,9446.00,3.87,23.90,11.81,46.10,0.00,0.00,0.00,0.00,0.00
1,220880,Regeneracao,29039.00,11.91,73.47,36.30,141.71,0.00,0.00,0.00,0.00,0.00
1,220885,Riacho_Frio,4655.00,1.91,11.78,5.82,22.72,0.00,0.00,0.00,0.00,0.00
1,220890,Ribeiro_Goncalves,7879.00,3.23,19.93,9.85,38.45,0.00,0.00,0.00,0.00,0.00
1,220915,Santa_Cruz_Dos_Milagres,4319.00,1.77,10.93,5.40,21.08,0.00,0.00,0.00,0.00,0.00
1,220920,Santa_Filomena,6743.00,2.76,17.06,8.43,32.91,0.00,0.00,0.00,0.00,0.00
1,220937,Santa_Rosa_Do_Piaui,9493.00,3.89,24.02,11.87,46.33,0.00,0.00,0.00,0.00,0.00
1,220950,Santo_Inacio_Do_Piaui,6839.00,2.80,17.30,8.55,33.37,0.00,0.00,0.00,0.00,0.00
1,220955,Sao_Braz_Do_Piaui,20503.00,8.41,51.87,25.63,100.05,0.00,0.00,0.00,0.00,0.00
1,220965,Sao_Francisco_De_Assis_Do_Piaui,6181.00,2.53,15.64,7.73,30.16,0.00,0.00,0.00,0.00,0.00
1,220970,Sao_Francisco_Do_Piaui,6930.00,2.84,17.53,8.66,33.82,0.00,0.00,0.00,0.00,0.00
1,220975,Sao_Goncalo_Do_Gurgueia,6870.00,2.82,17.38,8.59,33.53,0.00,0.00,0.00,0.00,0.00
1,220985,Sao_Joao_Da_Canabrava,7813.00,3.20,19.77,9.77,38.13,0.00,0.00,0.00,0.00,0.00
1,220987,Sao_Joao_Da_Fronteira,6492.00,2.66,16.42,8.12,31.68,0.00,0.00,0.00,0.00,0.00
1,220990,Sao_Joao_Da_Serra,6641.00,2.72,16.80,8.30,32.41,0.00,0.00,0.00,0.00,0.00
1,220995,Sao_Joao_Da_Varjota,12637.00,5.18,31.97,15.80,61.67,0.00,0.00,0.00,0.00,0.00
1,220997,Sao_Joao_Do_Arraial,8560.00,3.51,21.66,10.70,41.77,0.00,0.00,0.00,0.00,0.00
1,221000,Sao_Joao_Do_Piaui,22150.00,9.08,56.04,27.69,108.09,0.00,0.00,0.00,0.00,0.00
1,221010,Sao_Jose_Do_Peixe,4045.00,1.66,10.23,5.06,19.74,0.00,0.00,0.00,0.00,0.00
1,221030,Sao_Juliao,29995.00,12.30,75.89,37.49,146.38,0.00,0.00,0.00,0.00,0.00
1,221035,Sao_Lourenco_Do_Piaui,12468.00,5.11,31.54,15.59,60.84,0.00,0.00,0.00,0.00,0.00
1,221038,Sao_Miguel_Da_Baixa_Grande,9228.00,3.78,23.35,11.54,45.03,0.00,0.00,0.00,0.00,0.00
1,221040,Sao_Miguel_Do_Tapuio,19075.00,7.82,48.26,23.84,93.09,0.00,0.00,0.00,0.00,0.00
1,221050,Sao_Pedro_Do_Piaui,36192.00,14.84,91.57,45.24,176.62,0.00,0.00,0.00,0.00,0.00
1,221060,Sao_Raimundo_Nonato,37248.00,15.27,94.24,46.56,181.77,0.00,0.00,0.00,0.00,0.00
1,221062,Sebastiao_Barros,3762.00,1.54,9.52,4.70,18.36,0.00,0.00,0.00,0.00,0.00
1,221065,Sigefredo_Pacheco,10811.00,4.43,27.35,13.51,52.76,0.00,0.00,0.00,0.00,0.00
1,221070,Simoes,21209.00,8.70,53.66,26.51,103.50,0.00,0.00,0.00,0.00,0.00
1,221080,Simplicio_Mendes,22679.00,9.30,57.38,28.35,110.67,0.00,0.00,0.00,0.00,0.00
1,221090,Socorro_Do_Piaui,4935.00,2.02,12.49,6.17,24.08,0.00,0.00,0.00,0.00,0.00
1,221095,Tamboril_Do_Piaui,3136.00,1.29,7.93,3.92,15.30,0.00,0.00,0.00,0.00,0.00
1,221100,Teresina,929106.00,380.93,2350.64,1161.38,4534.04,0.00,0.00,0.00,0.00,0.00
1,221110,Uniao,47883.00,19.63,121.14,59.85,233.67,0.00,0.00,0.00,0.00,0.00
1,221120,Urucui,23142.00,9.49,58.55,28.93,112.93,0.00,0.00,0.00,0.00,0.00
1,221130,Valenca_Do_Piaui,35198.00,14.43,89.05,44.00,171.77,0.00,0.00,0.00,0.00,0.00
1,221140,Varzea_Grande,11974.00,4.91,30.29,14.97,58.43,0.00,0.00,0.00,0.00,0.00
1,221150,Vera_Mendes,15728.00,6.45,39.79,19.66,76.75,0.00,0.00,0.00,0.00,0.00
1,221170,Wall_Ferraz,11526.00,4.73,29.16,14.41,56.25,0.00,0.00,0.00,0.00,0.00
