NIVEL	CODIGO	DESTINO	POP ATENDIDA	Physicians	Nurses	OtherCadres	CommunityBased	MRIUnit	Mammography	Radiotherapy
1	310010.00	0.00	7520.00	3.08	19.03	9.40	36.70	0.00	0.00	0.00
1	310020.00	0.00	25047.00	10.27	63.37	31.31	122.23	0.00	0.00	0.00
1	310030.00	0.00	26663.00	10.93	67.46	33.33	130.12	0.00	0.00	0.00
1	310040.00	0.00	14084.00	5.77	35.63	17.60	68.73	0.00	0.00	0.00
1	310060.00	0.00	14668.00	6.01	37.11	18.34	71.58	0.00	0.00	0.00
1	310070.00	0.00	2162.00	0.89	5.47	2.70	10.55	0.00	0.00	0.00
1	310090.00	0.00	32801.00	13.45	82.99	41.00	160.07	0.00	0.00	0.00
1	310100.00	0.00	21764.00	8.92	55.06	27.21	106.21	0.00	0.00	0.00
1	310110.00	0.00	27172.00	11.14	68.75	33.97	132.60	0.00	0.00	0.00
1	310120.00	0.00	6506.00	2.67	16.46	8.13	31.75	0.00	0.00	0.00
1	310130.00	0.00	2894.00	1.19	7.32	3.62	14.12	0.00	0.00	0.00
1	310150.00	0.00	47635.00	19.53	120.52	59.54	232.46	0.00	0.00	0.00
1	310160.00	0.00	88290.00	36.20	223.37	110.36	430.86	0.00	0.00	0.00
1	310170.00	0.00	44913.00	18.41	113.63	56.14	219.18	0.00	0.00	0.00
1	310190.00	0.00	29246.00	11.99	73.99	36.56	142.72	0.00	0.00	0.00
1	310200.00	0.00	15546.00	6.37	39.33	19.43	75.86	0.00	0.00	0.00
1	310210.00	0.00	15169.00	6.22	38.38	18.96	74.02	0.00	0.00	0.00
1	310220.00	0.00	4285.00	1.76	10.84	5.36	20.91	0.00	0.00	0.00
1	310230.00	0.00	16436.00	6.74	41.58	20.55	80.21	0.00	0.00	0.00
1	310260.00	0.00	50944.00	20.89	128.89	63.68	248.61	0.00	0.00	0.00
1	310270.00	0.00	10119.00	4.15	25.60	12.65	49.38	0.00	0.00	0.00
1	310280.00	0.00	13204.00	5.41	33.41	16.50	64.44	0.00	0.00	0.00
1	310285.00	0.00	9147.00	3.75	23.14	11.43	44.64	0.00	0.00	0.00
1	310290.00	0.00	12330.00	5.06	31.19	15.41	60.17	0.00	0.00	0.00
1	310320.00	0.00	2525.00	1.04	6.39	3.16	12.32	0.00	0.00	0.00
1	310340.00	0.00	39588.00	16.23	100.16	49.48	193.19	0.00	0.00	0.00
1	310350.00	0.00	125857.00	51.60	318.42	157.32	614.18	0.00	0.00	0.00
1	310375.00	0.00	7338.00	3.01	18.57	9.17	35.81	0.00	0.00	0.00
1	310380.00	0.00	3056.00	1.25	7.73	3.82	14.91	0.00	0.00	0.00
1	310400.00	0.00	113337.00	46.47	286.74	141.67	553.08	0.00	0.00	0.00
1	310420.00	0.00	47572.00	19.50	120.36	59.46	232.15	0.00	0.00	0.00
1	310430.00	0.00	16130.00	6.61	40.81	20.16	78.71	0.00	0.00	0.00
1	310450.00	0.00	19293.00	7.91	48.81	24.12	94.15	0.00	0.00	0.00
1	310470.00	0.00	14090.00	5.78	35.65	17.61	68.76	0.00	0.00	0.00
1	310480.00	0.00	5272.00	2.16	13.34	6.59	25.73	0.00	0.00	0.00
1	310490.00	0.00	20594.00	8.44	52.10	25.74	100.50	0.00	0.00	0.00
1	310510.00	0.00	25623.00	10.51	64.83	32.03	125.04	0.00	0.00	0.00
1	310520.00	0.00	5204.00	2.13	13.17	6.50	25.40	0.00	0.00	0.00
1	310540.00	0.00	46526.00	19.08	117.71	58.16	227.05	0.00	0.00	0.00
1	310560.00	0.00	157084.00	64.40	397.42	196.35	766.57	0.00	0.00	0.00
1	310590.00	0.00	22348.00	9.16	56.54	27.93	109.06	0.00	0.00	0.00
1	310620.00	0.00	2698069.00	1106.21	6826.11	3372.59	13166.58	0.00	0.00	0.00
1	310630.00	0.00	46280.00	18.97	117.09	57.85	225.85	0.00	0.00	0.00
1	310640.00	0.00	13605.00	5.58	34.42	17.01	66.39	0.00	0.00	0.00
1	310650.00	0.00	24092.00	9.88	60.95	30.11	117.57	0.00	0.00	0.00
1	310665.00	0.00	5075.00	2.08	12.84	6.34	24.77	0.00	0.00	0.00
1	310670.00	0.00	466553.00	191.29	1180.38	583.19	2276.78	0.00	0.00	0.00
1	310680.00	0.00	3699.00	1.52	9.36	4.62	18.05	0.00	0.00	0.00
1	310690.00	0.00	24795.00	10.17	62.73	30.99	121.00	0.00	0.00	0.00
1	310700.00	0.00	7595.00	3.11	19.22	9.49	37.06	0.00	0.00	0.00
1	310710.00	0.00	43175.00	17.70	109.23	53.97	210.69	0.00	0.00	0.00
1	310730.00	0.00	67021.00	27.48	169.56	83.78	327.06	0.00	0.00	0.00
1	310740.00	0.00	54106.00	22.18	136.89	67.63	264.04	0.00	0.00	0.00
1	310750.00	0.00	10023.00	4.11	25.36	12.53	48.91	0.00	0.00	0.00
1	310770.00	0.00	12672.00	5.20	32.06	15.84	61.84	0.00	0.00	0.00
1	310780.00	0.00	16189.00	6.64	40.96	20.24	79.00	0.00	0.00	0.00
1	310800.00	0.00	22196.00	9.10	56.16	27.75	108.32	0.00	0.00	0.00
1	310820.00	0.00	5979.00	2.45	15.13	7.47	29.18	0.00	0.00	0.00
1	310825.00	0.00	11959.00	4.90	30.26	14.95	58.36	0.00	0.00	0.00
1	310840.00	0.00	16173.00	6.63	40.92	20.22	78.92	0.00	0.00	0.00
1	310850.00	0.00	6849.00	2.81	17.33	8.56	33.42	0.00	0.00	0.00
1	310855.00	0.00	17603.00	7.22	44.54	22.00	85.90	0.00	0.00	0.00
1	310860.00	0.00	42029.00	17.23	106.33	52.54	205.10	0.00	0.00	0.00
1	310880.00	0.00	5215.00	2.14	13.19	6.52	25.45	0.00	0.00	0.00
1	310900.00	0.00	92448.00	37.90	233.89	115.56	451.15	0.00	0.00	0.00
1	310910.00	0.00	11875.00	4.87	30.04	14.84	57.95	0.00	0.00	0.00
1	310930.00	0.00	26600.00	10.91	67.30	33.25	129.81	0.00	0.00	0.00
1	310940.00	0.00	30186.00	12.38	76.37	37.73	147.31	0.00	0.00	0.00
1	310945.00	0.00	7452.00	3.06	18.85	9.31	36.37	0.00	0.00	0.00
1	310950.00	0.00	15181.00	6.22	38.41	18.98	74.08	0.00	0.00	0.00
1	310990.00	0.00	48269.00	19.79	122.12	60.34	235.55	0.00	0.00	0.00
1	311000.00	0.00	47863.00	19.62	121.09	59.83	233.57	0.00	0.00	0.00
1	311030.00	0.00	25228.00	10.34	63.83	31.54	123.11	0.00	0.00	0.00
1	311050.00	0.00	23445.00	9.61	59.32	29.31	114.41	0.00	0.00	0.00
1	311060.00	0.00	51799.00	21.24	131.05	64.75	252.78	0.00	0.00	0.00
1	311070.00	0.00	13823.00	5.67	34.97	17.28	67.46	0.00	0.00	0.00
1	311090.00	0.00	17866.00	7.33	45.20	22.33	87.19	0.00	0.00	0.00
1	311100.00	0.00	22710.00	9.31	57.46	28.39	110.82	0.00	0.00	0.00
1	311110.00	0.00	21288.00	8.73	53.86	26.61	103.89	0.00	0.00	0.00
1	311115.00	0.00	4109.00	1.68	10.40	5.14	20.05	0.00	0.00	0.00
1	311120.00	0.00	74132.00	30.39	187.55	92.67	361.76	0.00	0.00	0.00
1	311130.00	0.00	12574.00	5.16	31.81	15.72	61.36	0.00	0.00	0.00
1	311150.00	0.00	16562.00	6.79	41.90	20.70	80.82	0.00	0.00	0.00
1	311160.00	0.00	30958.00	12.69	78.32	38.70	151.07	0.00	0.00	0.00
1	311170.00	0.00	14026.00	5.75	35.49	17.53	68.45	0.00	0.00	0.00
1	311180.00	0.00	12970.00	5.32	32.81	16.21	63.29	0.00	0.00	0.00
1	311200.00	0.00	16052.00	6.58	40.61	20.07	78.33	0.00	0.00	0.00
1	311210.00	0.00	5850.00	2.40	14.80	7.31	28.55	0.00	0.00	0.00
1	311220.00	0.00	5040.00	2.07	12.75	6.30	24.60	0.00	0.00	0.00
1	311230.00	0.00	46429.00	19.04	117.47	58.04	226.57	0.00	0.00	0.00
1	311260.00	0.00	20261.00	8.31	51.26	25.33	98.87	0.00	0.00	0.00
1	311270.00	0.00	16343.00	6.70	41.35	20.43	79.75	0.00	0.00	0.00
1	311280.00	0.00	9277.00	3.80	23.47	11.60	45.27	0.00	0.00	0.00
1	311290.00	0.00	10016.00	4.11	25.34	12.52	48.88	0.00	0.00	0.00
1	311300.00	0.00	25439.00	10.43	64.36	31.80	124.14	0.00	0.00	0.00
1	311310.00	0.00	7538.00	3.09	19.07	9.42	36.79	0.00	0.00	0.00
1	311320.00	0.00	40233.00	16.50	101.79	50.29	196.34	0.00	0.00	0.00
1	311330.00	0.00	39097.00	16.03	98.92	48.87	190.79	0.00	0.00	0.00
1	311340.00	0.00	128584.00	52.72	325.32	160.73	627.49	0.00	0.00	0.00
1	311350.00	0.00	10134.00	4.15	25.64	12.67	49.45	0.00	0.00	0.00
1	311360.00	0.00	20168.00	8.27	51.03	25.21	98.42	0.00	0.00	0.00
1	311370.00	0.00	20500.00	8.40	51.87	25.62	100.04	0.00	0.00	0.00
1	311380.00	0.00	2823.00	1.16	7.14	3.53	13.78	0.00	0.00	0.00
1	311390.00	0.00	13113.00	5.38	33.18	16.39	63.99	0.00	0.00	0.00
1	311400.00	0.00	12338.00	5.06	31.22	15.42	60.21	0.00	0.00	0.00
1	311410.00	0.00	27326.00	11.20	69.13	34.16	133.35	0.00	0.00	0.00
1	311430.00	0.00	32706.00	13.41	82.75	40.88	159.61	0.00	0.00	0.00
1	311440.00	0.00	22844.00	9.37	57.80	28.55	111.48	0.00	0.00	0.00
1	311450.00	0.00	20648.00	8.47	52.24	25.81	100.76	0.00	0.00	0.00
1	311455.00	0.00	10770.00	4.42	27.25	13.46	52.56	0.00	0.00	0.00
1	311460.00	0.00	4362.00	1.79	11.04	5.45	21.29	0.00	0.00	0.00
1	311500.00	0.00	3297.00	1.35	8.34	4.12	16.09	0.00	0.00	0.00
1	311510.00	0.00	26630.00	10.92	67.37	33.29	129.95	0.00	0.00	0.00
1	311520.00	0.00	4273.00	1.75	10.81	5.34	20.85	0.00	0.00	0.00
1	311530.00	0.00	111613.00	45.76	282.38	139.52	544.67	0.00	0.00	0.00
1	311540.00	0.00	9814.00	4.02	24.83	12.27	47.89	0.00	0.00	0.00
1	311547.00	0.00	5401.00	2.21	13.66	6.75	26.36	0.00	0.00	0.00
1	311550.00	0.00	30000.00	12.30	75.90	37.50	146.40	0.00	0.00	0.00
1	311560.00	0.00	1263.00	0.52	3.20	1.58	6.16	0.00	0.00	0.00
1	311570.00	0.00	7568.00	3.10	19.15	9.46	36.93	0.00	0.00	0.00
1	311580.00	0.00	11244.00	4.61	28.45	14.05	54.87	0.00	0.00	0.00
1	311590.00	0.00	3366.00	1.38	8.52	4.21	16.43	0.00	0.00	0.00
1	311610.00	0.00	16575.00	6.80	41.93	20.72	80.89	0.00	0.00	0.00
1	311615.00	0.00	14449.00	5.92	36.56	18.06	70.51	0.00	0.00	0.00
1	311620.00	0.00	2914.00	1.19	7.37	3.64	14.22	0.00	0.00	0.00
1	311630.00	0.00	7306.00	3.00	18.48	9.13	35.65	0.00	0.00	0.00
1	311650.00	0.00	8186.00	3.36	20.71	10.23	39.95	0.00	0.00	0.00
1	311660.00	0.00	30594.00	12.54	77.40	38.24	149.30	0.00	0.00	0.00
1	311680.00	0.00	20334.00	8.34	51.45	25.42	99.23	0.00	0.00	0.00
1	311690.00	0.00	3347.00	1.37	8.47	4.18	16.33	0.00	0.00	0.00
1	311700.00	0.00	7647.00	3.14	19.35	9.56	37.32	0.00	0.00	0.00
1	311710.00	0.00	11067.00	4.54	28.00	13.83	54.01	0.00	0.00	0.00
1	311720.00	0.00	8135.00	3.34	20.58	10.17	39.70	0.00	0.00	0.00
1	311730.00	0.00	29579.00	12.13	74.83	36.97	144.35	0.00	0.00	0.00
1	311750.00	0.00	19027.00	7.80	48.14	23.78	92.85	0.00	0.00	0.00
1	311770.00	0.00	14657.00	6.01	37.08	18.32	71.53	0.00	0.00	0.00
1	311783.00	0.00	8192.00	3.36	20.73	10.24	39.98	0.00	0.00	0.00
1	311800.00	0.00	58453.00	23.97	147.89	73.07	285.25	0.00	0.00	0.00
1	311810.00	0.00	5440.00	2.23	13.76	6.80	26.55	0.00	0.00	0.00
1	311820.00	0.00	7451.00	3.05	18.85	9.31	36.36	0.00	0.00	0.00
1	311830.00	0.00	137557.00	56.40	348.02	171.95	671.28	0.00	0.00	0.00
1	311840.00	0.00	32072.00	13.15	81.14	40.09	156.51	0.00	0.00	0.00
1	311860.00	0.00	756403.00	310.13	1913.70	945.50	3691.25	0.00	0.00	0.00
1	311880.00	0.00	33415.00	13.70	84.54	41.77	163.07	0.00	0.00	0.00
1	311910.00	0.00	25666.00	10.52	64.94	32.08	125.25	0.00	0.00	0.00
1	311930.00	0.00	30180.00	12.37	76.36	37.73	147.28	0.00	0.00	0.00
1	311940.00	0.00	117999.00	48.38	298.54	147.50	575.84	0.00	0.00	0.00
1	311950.00	0.00	9953.00	4.08	25.18	12.44	48.57	0.00	0.00	0.00
1	311960.00	0.00	10551.00	4.33	26.69	13.19	51.49	0.00	0.00	0.00
1	312000.00	0.00	8313.00	3.41	21.03	10.39	40.57	0.00	0.00	0.00
1	312020.00	0.00	13654.00	5.60	34.54	17.07	66.63	0.00	0.00	0.00
1	312050.00	0.00	11064.00	4.54	27.99	13.83	53.99	0.00	0.00	0.00
1	312070.00	0.00	4459.00	1.83	11.28	5.57	21.76	0.00	0.00	0.00
1	312080.00	0.00	16564.00	6.79	41.91	20.70	80.83	0.00	0.00	0.00
1	312090.00	0.00	93933.00	38.51	237.65	117.42	458.39	0.00	0.00	0.00
1	312120.00	0.00	7656.00	3.14	19.37	9.57	37.36	0.00	0.00	0.00
1	312125.00	0.00	11099.00	4.55	28.08	13.87	54.16	0.00	0.00	0.00
1	312130.00	0.00	14990.00	6.15	37.92	18.74	73.15	0.00	0.00	0.00
1	312160.00	0.00	51357.00	21.06	129.93	64.20	250.62	0.00	0.00	0.00
1	312180.00	0.00	8469.00	3.47	21.43	10.59	41.33	0.00	0.00	0.00
1	312200.00	0.00	21446.00	8.79	54.26	26.81	104.66	0.00	0.00	0.00
1	312210.00	0.00	9017.00	3.70	22.81	11.27	44.00	0.00	0.00	0.00
1	312230.00	0.00	298904.00	122.55	756.23	373.63	1458.65	0.00	0.00	0.00
1	312240.00	0.00	6467.00	2.65	16.36	8.08	31.56	0.00	0.00	0.00
1	312245.00	0.00	11670.00	4.78	29.53	14.59	56.95	0.00	0.00	0.00
1	312247.00	0.00	3990.00	1.64	10.09	4.99	19.47	0.00	0.00	0.00
1	312260.00	0.00	4834.00	1.98	12.23	6.04	23.59	0.00	0.00	0.00
1	312270.00	0.00	8525.00	3.50	21.57	10.66	41.60	0.00	0.00	0.00
1	312310.00	0.00	5592.00	2.29	14.15	6.99	27.29	0.00	0.00	0.00
1	312320.00	0.00	18425.00	7.55	46.62	23.03	89.91	0.00	0.00	0.00
1	312340.00	0.00	1640.00	0.67	4.15	2.05	8.00	0.00	0.00	0.00
1	312350.00	0.00	2055.00	0.84	5.20	2.57	10.03	0.00	0.00	0.00
1	312360.00	0.00	30008.00	12.30	75.92	37.51	146.44	0.00	0.00	0.00
1	312385.00	0.00	12784.00	5.24	32.34	15.98	62.39	0.00	0.00	0.00
1	312390.00	0.00	16409.00	6.73	41.51	20.51	80.08	0.00	0.00	0.00
1	312400.00	0.00	24624.00	10.10	62.30	30.78	120.17	0.00	0.00	0.00
1	312410.00	0.00	75714.00	31.04	191.56	94.64	369.48	0.00	0.00	0.00
1	312420.00	0.00	32597.00	13.36	82.47	40.75	159.07	0.00	0.00	0.00
1	312430.00	0.00	34108.00	13.98	86.29	42.63	166.45	0.00	0.00	0.00
1	312450.00	0.00	23597.00	9.67	59.70	29.50	115.15	0.00	0.00	0.00
1	312480.00	0.00	8559.00	3.51	21.65	10.70	41.77	0.00	0.00	0.00
1	312490.00	0.00	19705.00	8.08	49.85	24.63	96.16	0.00	0.00	0.00
1	312510.00	0.00	38260.00	15.69	96.80	47.83	186.71	0.00	0.00	0.00
1	312550.00	0.00	17871.00	7.33	45.21	22.34	87.21	0.00	0.00	0.00
1	312560.00	0.00	13564.00	5.56	34.32	16.95	66.19	0.00	0.00	0.00
1	312570.00	0.00	16432.00	6.74	41.57	20.54	80.19	0.00	0.00	0.00
1	312580.00	0.00	9694.00	3.97	24.53	12.12	47.31	0.00	0.00	0.00
1	312590.00	0.00	10730.00	4.40	27.15	13.41	52.36	0.00	0.00	0.00
1	312595.00	0.00	28654.00	11.75	72.49	35.82	139.83	0.00	0.00	0.00
1	312610.00	0.00	72845.00	29.87	184.30	91.06	355.48	0.00	0.00	0.00
1	312620.00	0.00	10172.00	4.17	25.74	12.71	49.64	0.00	0.00	0.00
1	312640.00	0.00	7057.00	2.89	17.85	8.82	34.44	0.00	0.00	0.00
1	312660.00	0.00	5594.00	2.29	14.15	6.99	27.30	0.00	0.00	0.00
1	312670.00	0.00	28237.00	11.58	71.44	35.30	137.80	0.00	0.00	0.00
1	312680.00	0.00	12776.00	5.24	32.32	15.97	62.35	0.00	0.00	0.00
1	312690.00	0.00	19586.00	8.03	49.55	24.48	95.58	0.00	0.00	0.00
1	312700.00	0.00	19091.00	7.83	48.30	23.86	93.16	0.00	0.00	0.00
1	312707.00	0.00	5868.00	2.41	14.85	7.33	28.64	0.00	0.00	0.00
1	312710.00	0.00	63593.00	26.07	160.89	79.49	310.33	0.00	0.00	0.00
1	312733.00	0.00	5524.00	2.26	13.98	6.91	26.96	0.00	0.00	0.00
1	312735.00	0.00	8037.00	3.30	20.33	10.05	39.22	0.00	0.00	0.00
1	312737.00	0.00	8939.00	3.67	22.62	11.17	43.62	0.00	0.00	0.00
1	312760.00	0.00	18585.00	7.62	47.02	23.23	90.69	0.00	0.00	0.00
1	312770.00	0.00	308568.00	126.51	780.68	385.71	1505.81	0.00	0.00	0.00
1	312780.00	0.00	23446.00	9.61	59.32	29.31	114.42	0.00	0.00	0.00
1	312790.00	0.00	1498.00	0.61	3.79	1.87	7.31	0.00	0.00	0.00
1	312800.00	0.00	40536.00	16.62	102.56	50.67	197.82	0.00	0.00	0.00
1	312810.00	0.00	15351.00	6.29	38.84	19.19	74.91	0.00	0.00	0.00
1	312820.00	0.00	11145.00	4.57	28.20	13.93	54.39	0.00	0.00	0.00
1	312830.00	0.00	20519.00	8.41	51.91	25.65	100.13	0.00	0.00	0.00
1	312860.00	0.00	7109.00	2.91	17.99	8.89	34.69	0.00	0.00	0.00
1	312870.00	0.00	55815.00	22.88	141.21	69.77	272.38	0.00	0.00	0.00
1	312910.00	0.00	6152.00	2.52	15.56	7.69	30.02	0.00	0.00	0.00
1	312940.00	0.00	9148.00	3.75	23.14	11.44	44.64	0.00	0.00	0.00
1	312950.00	0.00	27001.00	11.07	68.31	33.75	131.76	0.00	0.00	0.00
1	312960.00	0.00	9007.00	3.69	22.79	11.26	43.95	0.00	0.00	0.00
1	312970.00	0.00	19950.00	8.18	50.47	24.94	97.36	0.00	0.00	0.00
1	312980.00	0.00	227664.00	93.34	575.99	284.58	1111.00	0.00	0.00	0.00
1	313005.00	0.00	12812.00	5.25	32.41	16.02	62.52	0.00	0.00	0.00
1	313030.00	0.00	8597.00	3.52	21.75	10.75	41.95	0.00	0.00	0.00
1	313050.00	0.00	13269.00	5.44	33.57	16.59	64.75	0.00	0.00	0.00
1	313065.00	0.00	7941.00	3.26	20.09	9.93	38.75	0.00	0.00	0.00
1	313070.00	0.00	7365.00	3.02	18.63	9.21	35.94	0.00	0.00	0.00
1	313080.00	0.00	8856.00	3.63	22.41	11.07	43.22	0.00	0.00	0.00
1	313090.00	0.00	79918.00	32.77	202.19	99.90	390.00	0.00	0.00	0.00
1	313120.00	0.00	29559.00	12.12	74.78	36.95	144.25	0.00	0.00	0.00
1	313130.00	0.00	338357.00	138.73	856.04	422.95	1651.18	0.00	0.00	0.00
1	313140.00	0.00	4548.00	1.86	11.51	5.68	22.19	0.00	0.00	0.00
1	313150.00	0.00	25235.00	10.35	63.84	31.54	123.15	0.00	0.00	0.00
1	313170.00	0.00	128548.00	52.70	325.23	160.69	627.31	0.00	0.00	0.00
1	313180.00	0.00	15856.00	6.50	40.12	19.82	77.38	0.00	0.00	0.00
1	313190.00	0.00	55309.00	22.68	139.93	69.14	269.91	0.00	0.00	0.00
1	313200.00	0.00	5773.00	2.37	14.61	7.22	28.17	0.00	0.00	0.00
1	313210.00	0.00	33479.00	13.73	84.70	41.85	163.38	0.00	0.00	0.00
1	313220.00	0.00	26654.00	10.93	67.43	33.32	130.07	0.00	0.00	0.00
1	313230.00	0.00	13677.00	5.61	34.60	17.10	66.74	0.00	0.00	0.00
1	313240.00	0.00	132762.00	54.43	335.89	165.95	647.88	0.00	0.00	0.00
1	313250.00	0.00	37239.00	15.27	94.21	46.55	181.73	0.00	0.00	0.00
1	313270.00	0.00	29037.00	11.91	73.46	36.30	141.70	0.00	0.00	0.00
1	313280.00	0.00	2273.00	0.93	5.75	2.84	11.09	0.00	0.00	0.00
1	313290.00	0.00	11032.00	4.52	27.91	13.79	53.84	0.00	0.00	0.00
1	313300.00	0.00	19059.00	7.81	48.22	23.82	93.01	0.00	0.00	0.00
1	313310.00	0.00	16433.00	6.74	41.58	20.54	80.19	0.00	0.00	0.00
1	313320.00	0.00	19017.00	7.80	48.11	23.77	92.80	0.00	0.00	0.00
1	313330.00	0.00	35761.00	14.66	90.48	44.70	174.51	0.00	0.00	0.00
1	313340.00	0.00	16288.00	6.68	41.21	20.36	79.49	0.00	0.00	0.00
1	313350.00	0.00	26636.00	10.92	67.39	33.30	129.98	0.00	0.00	0.00
1	313375.00	0.00	17272.00	7.08	43.70	21.59	84.29	0.00	0.00	0.00
1	313380.00	0.00	111735.00	45.81	282.69	139.67	545.27	0.00	0.00	0.00
1	313400.00	0.00	16131.00	6.61	40.81	20.16	78.72	0.00	0.00	0.00
1	313420.00	0.00	112241.00	46.02	283.97	140.30	547.74	0.00	0.00	0.00
1	313440.00	0.00	41871.00	17.17	105.93	52.34	204.33	0.00	0.00	0.00
1	313460.00	0.00	21418.00	8.78	54.19	26.77	104.52	0.00	0.00	0.00
1	313470.00	0.00	13297.00	5.45	33.64	16.62	64.89	0.00	0.00	0.00
1	313480.00	0.00	8284.00	3.40	20.96	10.36	40.43	0.00	0.00	0.00
1	313490.00	0.00	27701.00	11.36	70.08	34.63	135.18	0.00	0.00	0.00
1	313500.00	0.00	17829.00	7.31	45.11	22.29	87.01	0.00	0.00	0.00
1	313505.00	0.00	41430.00	16.99	104.82	51.79	202.18	0.00	0.00	0.00
1	313510.00	0.00	84956.00	34.83	214.94	106.19	414.59	0.00	0.00	0.00
1	313520.00	0.00	85293.00	34.97	215.79	106.62	416.23	0.00	0.00	0.00
1	313535.00	0.00	18944.00	7.77	47.93	23.68	92.45	0.00	0.00	0.00
1	313540.00	0.00	9377.00	3.84	23.72	11.72	45.76	0.00	0.00	0.00
1	313545.00	0.00	8245.00	3.38	20.86	10.31	40.24	0.00	0.00	0.00
1	313560.00	0.00	8194.00	3.36	20.73	10.24	39.99	0.00	0.00	0.00
1	313570.00	0.00	14093.00	5.78	35.66	17.62	68.77	0.00	0.00	0.00
1	313580.00	0.00	27293.00	11.19	69.05	34.12	133.19	0.00	0.00	0.00
1	313600.00	0.00	16620.00	6.81	42.05	20.77	81.11	0.00	0.00	0.00
1	313610.00	0.00	11152.00	4.57	28.21	13.94	54.42	0.00	0.00	0.00
1	313620.00	0.00	85623.00	35.11	216.63	107.03	417.84	0.00	0.00	0.00
1	313630.00	0.00	52375.00	21.47	132.51	65.47	255.59	0.00	0.00	0.00
1	313640.00	0.00	16220.00	6.65	41.04	20.27	79.15	0.00	0.00	0.00
1	313650.00	0.00	11627.00	4.77	29.42	14.53	56.74	0.00	0.00	0.00
1	313652.00	0.00	4871.00	2.00	12.32	6.09	23.77	0.00	0.00	0.00
1	313655.00	0.00	11033.00	4.52	27.91	13.79	53.84	0.00	0.00	0.00
1	313670.00	0.00	624150.00	255.90	1579.10	780.19	3045.85	0.00	0.00	0.00
1	313690.00	0.00	16340.00	6.70	41.34	20.42	79.74	0.00	0.00	0.00
1	313700.00	0.00	19442.00	7.97	49.19	24.30	94.88	0.00	0.00	0.00
1	313720.00	0.00	55654.00	22.82	140.80	69.57	271.59	0.00	0.00	0.00
1	313740.00	0.00	13970.00	5.73	35.34	17.46	68.17	0.00	0.00	0.00
1	313750.00	0.00	19404.00	7.96	49.09	24.25	94.69	0.00	0.00	0.00
1	313753.00	0.00	10197.00	4.18	25.80	12.75	49.76	0.00	0.00	0.00
1	313760.00	0.00	75516.00	30.96	191.06	94.39	368.52	0.00	0.00	0.00
1	313770.00	0.00	36075.00	14.79	91.27	45.09	176.05	0.00	0.00	0.00
1	313780.00	0.00	22346.00	9.16	56.54	27.93	109.05	0.00	0.00	0.00
1	313800.00	0.00	7319.00	3.00	18.52	9.15	35.72	0.00	0.00	0.00
1	313810.00	0.00	7034.00	2.88	17.80	8.79	34.33	0.00	0.00	0.00
1	313820.00	0.00	117320.00	48.10	296.82	146.65	572.52	0.00	0.00	0.00
1	313835.00	0.00	5301.00	2.17	13.41	6.63	25.87	0.00	0.00	0.00
1	313840.00	0.00	59625.00	24.45	150.85	74.53	290.97	0.00	0.00	0.00
1	313850.00	0.00	11001.00	4.51	27.83	13.75	53.68	0.00	0.00	0.00
1	313860.00	0.00	17980.00	7.37	45.49	22.48	87.74	0.00	0.00	0.00
1	313862.00	0.00	8069.00	3.31	20.41	10.09	39.38	0.00	0.00	0.00
1	313867.00	0.00	6768.00	2.77	17.12	8.46	33.03	0.00	0.00	0.00
1	313880.00	0.00	19599.00	8.04	49.59	24.50	95.64	0.00	0.00	0.00
1	313890.00	0.00	22306.00	9.15	56.43	27.88	108.85	0.00	0.00	0.00
1	313900.00	0.00	48971.00	20.08	123.90	61.21	238.98	0.00	0.00	0.00
1	313910.00	0.00	5487.00	2.25	13.88	6.86	26.78	0.00	0.00	0.00
1	313920.00	0.00	26043.00	10.68	65.89	32.55	127.09	0.00	0.00	0.00
1	313930.00	0.00	31973.00	13.11	80.89	39.97	156.03	0.00	0.00	0.00
1	313940.00	0.00	105218.00	43.14	266.20	131.52	513.46	0.00	0.00	0.00
1	313950.00	0.00	47289.00	19.39	119.64	59.11	230.77	0.00	0.00	0.00
1	313960.00	0.00	29811.00	12.22	75.42	37.26	145.48	0.00	0.00	0.00
1	313980.00	0.00	20008.00	8.20	50.62	25.01	97.64	0.00	0.00	0.00
1	313990.00	0.00	15246.00	6.25	38.57	19.06	74.40	0.00	0.00	0.00
1	314000.00	0.00	64866.00	26.60	164.11	81.08	316.55	0.00	0.00	0.00
1	314010.00	0.00	4459.00	1.83	11.28	5.57	21.76	0.00	0.00	0.00
1	314040.00	0.00	11669.00	4.78	29.52	14.59	56.94	0.00	0.00	0.00
1	314050.00	0.00	14377.00	5.89	36.37	17.97	70.16	0.00	0.00	0.00
1	314055.00	0.00	9196.00	3.77	23.27	11.49	44.88	0.00	0.00	0.00
1	314070.00	0.00	69747.00	28.60	176.46	87.18	340.37	0.00	0.00	0.00
1	314090.00	0.00	20285.00	8.32	51.32	25.36	98.99	0.00	0.00	0.00
1	314110.00	0.00	65638.00	26.91	166.06	82.05	320.31	0.00	0.00	0.00
1	314130.00	0.00	4067.00	1.67	10.29	5.08	19.85	0.00	0.00	0.00
1	314140.00	0.00	22522.00	9.23	56.98	28.15	109.91	0.00	0.00	0.00
1	314150.00	0.00	6952.00	2.85	17.59	8.69	33.93	0.00	0.00	0.00
1	314160.00	0.00	13997.00	5.74	35.41	17.50	68.31	0.00	0.00	0.00
1	314180.00	0.00	33943.00	13.92	85.88	42.43	165.64	0.00	0.00	0.00
1	314190.00	0.00	4202.00	1.72	10.63	5.25	20.51	0.00	0.00	0.00
1	314200.00	0.00	14622.00	6.00	36.99	18.28	71.36	0.00	0.00	0.00
1	314220.00	0.00	19310.00	7.92	48.85	24.14	94.23	0.00	0.00	0.00
1	314225.00	0.00	5243.00	2.15	13.26	6.55	25.59	0.00	0.00	0.00
1	314240.00	0.00	8066.00	3.31	20.41	10.08	39.36	0.00	0.00	0.00
1	314250.00	0.00	5769.00	2.37	14.60	7.21	28.15	0.00	0.00	0.00
1	314260.00	0.00	9327.00	3.82	23.60	11.66	45.52	0.00	0.00	0.00
1	314270.00	0.00	22374.00	9.17	56.61	27.97	109.19	0.00	0.00	0.00
1	314280.00	0.00	22648.00	9.29	57.30	28.31	110.52	0.00	0.00	0.00
1	314290.00	0.00	43203.00	17.71	109.30	54.00	210.83	0.00	0.00	0.00
1	314300.00	0.00	14215.00	5.83	35.96	17.77	69.37	0.00	0.00	0.00
1	314310.00	0.00	51427.00	21.09	130.11	64.28	250.96	0.00	0.00	0.00
1	314315.00	0.00	5273.00	2.16	13.34	6.59	25.73	0.00	0.00	0.00
1	314320.00	0.00	34719.00	14.23	87.84	43.40	169.43	0.00	0.00	0.00
1	314330.00	0.00	436600.00	179.01	1104.60	545.75	2130.61	0.00	0.00	0.00
1	314345.00	0.00	8823.00	3.62	22.32	11.03	43.06	0.00	0.00	0.00
1	314350.00	0.00	9507.00	3.90	24.05	11.88	46.39	0.00	0.00	0.00
1	314360.00	0.00	2683.00	1.10	6.79	3.35	13.09	0.00	0.00	0.00
1	314370.00	0.00	3463.00	1.42	8.76	4.33	16.90	0.00	0.00	0.00
1	314390.00	0.00	122701.00	50.31	310.43	153.38	598.78	0.00	0.00	0.00
1	314400.00	0.00	29118.00	11.94	73.67	36.40	142.10	0.00	0.00	0.00
1	314410.00	0.00	22212.00	9.11	56.20	27.77	108.39	0.00	0.00	0.00
1	314420.00	0.00	8061.00	3.30	20.39	10.08	39.34	0.00	0.00	0.00
1	314430.00	0.00	53414.00	21.90	135.14	66.77	260.66	0.00	0.00	0.00
1	314437.00	0.00	3574.00	1.47	9.04	4.47	17.44	0.00	0.00	0.00
1	314450.00	0.00	13335.00	5.47	33.74	16.67	65.07	0.00	0.00	0.00
1	314460.00	0.00	28807.00	11.81	72.88	36.01	140.58	0.00	0.00	0.00
1	314470.00	0.00	18990.00	7.79	48.04	23.74	92.67	0.00	0.00	0.00
1	314480.00	0.00	111931.00	45.89	283.19	139.91	546.22	0.00	0.00	0.00
1	314490.00	0.00	12661.00	5.19	32.03	15.83	61.79	0.00	0.00	0.00
1	314500.00	0.00	16480.00	6.76	41.69	20.60	80.42	0.00	0.00	0.00
1	314510.00	0.00	22434.00	9.20	56.76	28.04	109.48	0.00	0.00	0.00
1	314520.00	0.00	138997.00	56.99	351.66	173.75	678.31	0.00	0.00	0.00
1	314530.00	0.00	33787.00	13.85	85.48	42.23	164.88	0.00	0.00	0.00
1	314540.00	0.00	1914.00	0.78	4.84	2.39	9.34	0.00	0.00	0.00
1	314545.00	0.00	6491.00	2.66	16.42	8.11	31.68	0.00	0.00	0.00
1	314560.00	0.00	51839.00	21.25	131.15	64.80	252.97	0.00	0.00	0.00
1	314590.00	0.00	42194.00	17.30	106.75	52.74	205.91	0.00	0.00	0.00
1	314600.00	0.00	69401.00	28.45	175.58	86.75	338.68	0.00	0.00	0.00
1	314610.00	0.00	79806.00	32.72	201.91	99.76	389.45	0.00	0.00	0.00
1	314625.00	0.00	12053.00	4.94	30.49	15.07	58.82	0.00	0.00	0.00
1	314630.00	0.00	28493.00	11.68	72.09	35.62	139.05	0.00	0.00	0.00
1	314650.00	0.00	15704.00	6.44	39.73	19.63	76.64	0.00	0.00	0.00
1	314660.00	0.00	3884.00	1.59	9.83	4.86	18.95	0.00	0.00	0.00
1	314670.00	0.00	7141.00	2.93	18.07	8.93	34.85	0.00	0.00	0.00
1	314675.00	0.00	6116.00	2.51	15.47	7.64	29.85	0.00	0.00	0.00
1	314700.00	0.00	99690.00	40.87	252.22	124.61	486.49	0.00	0.00	0.00
1	314710.00	0.00	120669.00	49.47	305.29	150.84	588.86	0.00	0.00	0.00
1	314720.00	0.00	23100.00	9.47	58.44	28.88	112.73	0.00	0.00	0.00
1	314730.00	0.00	49032.00	20.10	124.05	61.29	239.28	0.00	0.00	0.00
1	314760.00	0.00	17574.00	7.21	44.46	21.97	85.76	0.00	0.00	0.00
1	314770.00	0.00	16549.00	6.79	41.87	20.69	80.76	0.00	0.00	0.00
1	314780.00	0.00	2209.00	0.91	5.59	2.76	10.78	0.00	0.00	0.00
1	314790.00	0.00	127684.00	52.35	323.04	159.60	623.10	0.00	0.00	0.00
1	314795.00	0.00	6409.00	2.63	16.21	8.01	31.28	0.00	0.00	0.00
1	314800.00	0.00	162681.00	66.70	411.58	203.35	793.88	0.00	0.00	0.00
1	314810.00	0.00	105711.00	43.34	267.45	132.14	515.87	0.00	0.00	0.00
1	314830.00	0.00	10308.00	4.23	26.08	12.88	50.30	0.00	0.00	0.00
1	314850.00	0.00	20721.00	8.50	52.42	25.90	101.12	0.00	0.00	0.00
1	314860.00	0.00	18923.00	7.76	47.88	23.65	92.34	0.00	0.00	0.00
1	314870.00	0.00	26229.00	10.75	66.36	32.79	128.00	0.00	0.00	0.00
1	314875.00	0.00	7620.00	3.12	19.28	9.53	37.19	0.00	0.00	0.00
1	314900.00	0.00	6583.00	2.70	16.66	8.23	32.12	0.00	0.00	0.00
1	314910.00	0.00	21351.00	8.75	54.02	26.69	104.19	0.00	0.00	0.00
1	314930.00	0.00	68799.00	28.21	174.06	86.00	335.74	0.00	0.00	0.00
1	314940.00	0.00	1950.00	0.80	4.93	2.44	9.52	0.00	0.00	0.00
1	314960.00	0.00	30012.00	12.30	75.93	37.51	146.46	0.00	0.00	0.00
1	314980.00	0.00	17266.00	7.08	43.68	21.58	84.26	0.00	0.00	0.00
1	314990.00	0.00	22963.00	9.41	58.10	28.70	112.06	0.00	0.00	0.00
1	314995.00	0.00	7385.00	3.03	18.68	9.23	36.04	0.00	0.00	0.00
1	315020.00	0.00	17904.00	7.34	45.30	22.38	87.37	0.00	0.00	0.00
1	315030.00	0.00	4884.00	2.00	12.36	6.11	23.83	0.00	0.00	0.00
1	315040.00	0.00	5344.00	2.19	13.52	6.68	26.08	0.00	0.00	0.00
1	315050.00	0.00	9309.00	3.82	23.55	11.64	45.43	0.00	0.00	0.00
1	315057.00	0.00	8078.00	3.31	20.44	10.10	39.42	0.00	0.00	0.00
1	315070.00	0.00	15179.00	6.22	38.40	18.97	74.07	0.00	0.00	0.00
1	315080.00	0.00	31090.00	12.75	78.66	38.86	151.72	0.00	0.00	0.00
1	315110.00	0.00	14120.00	5.79	35.72	17.65	68.91	0.00	0.00	0.00
1	315120.00	0.00	60623.00	24.86	153.38	75.78	295.84	0.00	0.00	0.00
1	315140.00	0.00	29935.00	12.27	75.74	37.42	146.08	0.00	0.00	0.00
1	315150.00	0.00	37162.00	15.24	94.02	46.45	181.35	0.00	0.00	0.00
1	315160.00	0.00	12908.00	5.29	32.66	16.14	62.99	0.00	0.00	0.00
1	315170.00	0.00	21017.00	8.62	53.17	26.27	102.56	0.00	0.00	0.00
1	315180.00	0.00	185321.00	75.98	468.86	231.65	904.37	0.00	0.00	0.00
1	315190.00	0.00	9176.00	3.76	23.22	11.47	44.78	0.00	0.00	0.00
1	315200.00	0.00	34064.00	13.97	86.18	42.58	166.23	0.00	0.00	0.00
1	315210.00	0.00	74423.00	30.51	188.29	93.03	363.18	0.00	0.00	0.00
1	315213.00	0.00	4570.00	1.87	11.56	5.71	22.30	0.00	0.00	0.00
1	315220.00	0.00	52618.00	21.57	133.12	65.77	256.78	0.00	0.00	0.00
1	315240.00	0.00	17786.00	7.29	45.00	22.23	86.80	0.00	0.00	0.00
1	315250.00	0.00	186305.00	76.39	471.35	232.88	909.17	0.00	0.00	0.00
1	315260.00	0.00	6451.00	2.64	16.32	8.06	31.48	0.00	0.00	0.00
1	315270.00	0.00	32757.00	13.43	82.88	40.95	159.85	0.00	0.00	0.00
1	315280.00	0.00	29863.00	12.24	75.55	37.33	145.73	0.00	0.00	0.00
1	315290.00	0.00	9321.00	3.82	23.58	11.65	45.49	0.00	0.00	0.00
1	315300.00	0.00	3854.00	1.58	9.75	4.82	18.81	0.00	0.00	0.00
1	315310.00	0.00	10540.00	4.32	26.67	13.18	51.44	0.00	0.00	0.00
1	315320.00	0.00	3965.00	1.63	10.03	4.96	19.35	0.00	0.00	0.00
1	315330.00	0.00	3240.00	1.33	8.20	4.05	15.81	0.00	0.00	0.00
1	315340.00	0.00	20899.00	8.57	52.87	26.12	101.99	0.00	0.00	0.00
1	315380.00	0.00	4524.00	1.85	11.45	5.65	22.08	0.00	0.00	0.00
1	315400.00	0.00	34160.00	14.01	86.42	42.70	166.70	0.00	0.00	0.00
1	315410.00	0.00	11340.00	4.65	28.69	14.18	55.34	0.00	0.00	0.00
1	315420.00	0.00	12359.00	5.07	31.27	15.45	60.31	0.00	0.00	0.00
1	315430.00	0.00	25278.00	10.36	63.95	31.60	123.36	0.00	0.00	0.00
1	315445.00	0.00	8777.00	3.60	22.21	10.97	42.83	0.00	0.00	0.00
1	315450.00	0.00	10232.00	4.20	25.89	12.79	49.93	0.00	0.00	0.00
1	315460.00	0.00	357048.00	146.39	903.33	446.31	1742.39	0.00	0.00	0.00
1	315470.00	0.00	11333.00	4.65	28.67	14.17	55.30	0.00	0.00	0.00
1	315490.00	0.00	25918.00	10.63	65.57	32.40	126.48	0.00	0.00	0.00
1	315500.00	0.00	7972.00	3.27	20.17	9.96	38.90	0.00	0.00	0.00
1	315520.00	0.00	15896.00	6.52	40.22	19.87	77.57	0.00	0.00	0.00
1	315530.00	0.00	13653.00	5.60	34.54	17.07	66.63	0.00	0.00	0.00
1	315550.00	0.00	13256.00	5.43	33.54	16.57	64.69	0.00	0.00	0.00
1	315560.00	0.00	33197.00	13.61	83.99	41.50	162.00	0.00	0.00	0.00
1	315570.00	0.00	26526.00	10.88	67.11	33.16	129.45	0.00	0.00	0.00
1	315580.00	0.00	52923.00	21.70	133.90	66.15	258.26	0.00	0.00	0.00
1	315590.00	0.00	9258.00	3.80	23.42	11.57	45.18	0.00	0.00	0.00
1	315600.00	0.00	18809.00	7.71	47.59	23.51	91.79	0.00	0.00	0.00
1	315640.00	0.00	11315.00	4.64	28.63	14.14	55.22	0.00	0.00	0.00
1	315645.00	0.00	4925.00	2.02	12.46	6.16	24.03	0.00	0.00	0.00
1	315650.00	0.00	6685.00	2.74	16.91	8.36	32.62	0.00	0.00	0.00
1	315660.00	0.00	11029.00	4.52	27.90	13.79	53.82	0.00	0.00	0.00
1	315670.00	0.00	163614.00	67.08	413.94	204.52	798.44	0.00	0.00	0.00
1	315680.00	0.00	16744.00	6.87	42.36	20.93	81.71	0.00	0.00	0.00
1	315690.00	0.00	28030.00	11.49	70.92	35.04	136.79	0.00	0.00	0.00
1	315700.00	0.00	50284.00	20.62	127.22	62.85	245.39	0.00	0.00	0.00
1	315710.00	0.00	7557.00	3.10	19.12	9.45	36.88	0.00	0.00	0.00
1	315720.00	0.00	38976.00	15.98	98.61	48.72	190.20	0.00	0.00	0.00
1	315737.00	0.00	12762.00	5.23	32.29	15.95	62.28	0.00	0.00	0.00
1	315750.00	0.00	22471.00	9.21	56.85	28.09	109.66	0.00	0.00	0.00
1	315760.00	0.00	4170.00	1.71	10.55	5.21	20.35	0.00	0.00	0.00
1	315770.00	0.00	18733.00	7.68	47.39	23.42	91.42	0.00	0.00	0.00
1	315780.00	0.00	235282.00	96.47	595.26	294.10	1148.18	0.00	0.00	0.00
1	315790.00	0.00	38294.00	15.70	96.88	47.87	186.87	0.00	0.00	0.00
1	315800.00	0.00	13482.00	5.53	34.11	16.85	65.79	0.00	0.00	0.00
1	315810.00	0.00	5660.00	2.32	14.32	7.08	27.62	0.00	0.00	0.00
1	315820.00	0.00	26693.00	10.94	67.53	33.37	130.26	0.00	0.00	0.00
1	315830.00	0.00	17601.00	7.22	44.53	22.00	85.89	0.00	0.00	0.00
1	315850.00	0.00	8301.00	3.40	21.00	10.38	40.51	0.00	0.00	0.00
1	315870.00	0.00	2629.00	1.08	6.65	3.29	12.83	0.00	0.00	0.00
1	315890.00	0.00	30425.00	12.47	76.98	38.03	148.47	0.00	0.00	0.00
1	315900.00	0.00	4610.00	1.89	11.66	5.76	22.50	0.00	0.00	0.00
1	315930.00	0.00	5290.00	2.17	13.38	6.61	25.82	0.00	0.00	0.00
1	315950.00	0.00	5956.00	2.44	15.07	7.45	29.07	0.00	0.00	0.00
1	315960.00	0.00	58527.00	24.00	148.07	73.16	285.61	0.00	0.00	0.00
1	315970.00	0.00	3606.00	1.48	9.12	4.51	17.60	0.00	0.00	0.00
1	315980.00	0.00	21148.00	8.67	53.50	26.43	103.20	0.00	0.00	0.00
1	315990.00	0.00	19882.00	8.15	50.30	24.85	97.02	0.00	0.00	0.00
1	316020.00	0.00	8812.00	3.61	22.29	11.02	43.00	0.00	0.00	0.00
1	316030.00	0.00	12594.00	5.16	31.86	15.74	61.46	0.00	0.00	0.00
1	316040.00	0.00	34539.00	14.16	87.38	43.17	168.55	0.00	0.00	0.00
1	316045.00	0.00	7826.00	3.21	19.80	9.78	38.19	0.00	0.00	0.00
1	316070.00	0.00	56727.00	23.26	143.52	70.91	276.83	0.00	0.00	0.00
1	316080.00	0.00	13240.00	5.43	33.50	16.55	64.61	0.00	0.00	0.00
1	316100.00	0.00	18759.00	7.69	47.46	23.45	91.54	0.00	0.00	0.00
1	316110.00	0.00	60574.00	24.84	153.25	75.72	295.60	0.00	0.00	0.00
1	316130.00	0.00	6687.00	2.74	16.92	8.36	32.63	0.00	0.00	0.00
1	316165.00	0.00	4274.00	1.75	10.81	5.34	20.86	0.00	0.00	0.00
1	316170.00	0.00	7467.00	3.06	18.89	9.33	36.44	0.00	0.00	0.00
1	316200.00	0.00	31134.00	12.76	78.77	38.92	151.93	0.00	0.00	0.00
1	316210.00	0.00	41959.00	17.20	106.16	52.45	204.76	0.00	0.00	0.00
1	316220.00	0.00	7989.00	3.28	20.21	9.99	38.99	0.00	0.00	0.00
1	316225.00	0.00	9729.00	3.99	24.61	12.16	47.48	0.00	0.00	0.00
1	316240.00	0.00	27217.00	11.16	68.86	34.02	132.82	0.00	0.00	0.00
1	316250.00	0.00	110920.00	45.48	280.63	138.65	541.29	0.00	0.00	0.00
1	316257.00	0.00	6253.00	2.56	15.82	7.82	30.51	0.00	0.00	0.00
1	316270.00	0.00	36441.00	14.94	92.20	45.55	177.83	0.00	0.00	0.00
1	316280.00	0.00	27102.00	11.11	68.57	33.88	132.26	0.00	0.00	0.00
1	316290.00	0.00	37979.00	15.57	96.09	47.47	185.34	0.00	0.00	0.00
1	316340.00	0.00	5882.00	2.41	14.88	7.35	28.70	0.00	0.00	0.00
1	316360.00	0.00	2993.00	1.23	7.57	3.74	14.61	0.00	0.00	0.00
1	316370.00	0.00	49061.00	20.11	124.12	61.33	239.42	0.00	0.00	0.00
1	316420.00	0.00	13092.00	5.37	33.12	16.36	63.89	0.00	0.00	0.00
1	316430.00	0.00	9906.00	4.06	25.06	12.38	48.34	0.00	0.00	0.00
1	316470.00	0.00	83579.00	34.27	211.45	104.47	407.87	0.00	0.00	0.00
1	316480.00	0.00	3548.00	1.45	8.98	4.44	17.31	0.00	0.00	0.00
1	316500.00	0.00	11780.00	4.83	29.80	14.72	57.49	0.00	0.00	0.00
1	316530.00	0.00	8291.00	3.40	20.98	10.36	40.46	0.00	0.00	0.00
1	316555.00	0.00	13087.00	5.37	33.11	16.36	63.86	0.00	0.00	0.00
1	316570.00	0.00	16679.00	6.84	42.20	20.85	81.39	0.00	0.00	0.00
1	316620.00	0.00	11272.00	4.62	28.52	14.09	55.01	0.00	0.00	0.00
1	316640.00	0.00	8966.00	3.68	22.68	11.21	43.75	0.00	0.00	0.00
1	316660.00	0.00	4632.00	1.90	11.72	5.79	22.60	0.00	0.00	0.00
1	316680.00	0.00	12396.00	5.08	31.36	15.49	60.49	0.00	0.00	0.00
1	316690.00	0.00	8272.00	3.39	20.93	10.34	40.37	0.00	0.00	0.00
1	316710.00	0.00	26531.00	10.88	67.12	33.16	129.47	0.00	0.00	0.00
1	316720.00	0.00	289186.00	118.57	731.64	361.48	1411.23	0.00	0.00	0.00
1	316750.00	0.00	10803.00	4.43	27.33	13.50	52.72	0.00	0.00	0.00
1	316800.00	0.00	36517.00	14.97	92.39	45.65	178.20	0.00	0.00	0.00
1	316810.00	0.00	5081.00	2.08	12.85	6.35	24.80	0.00	0.00	0.00
1	316820.00	0.00	5523.00	2.26	13.97	6.90	26.95	0.00	0.00	0.00
1	316830.00	0.00	4374.00	1.79	11.07	5.47	21.35	0.00	0.00	0.00
1	316840.00	0.00	32907.00	13.49	83.25	41.13	160.59	0.00	0.00	0.00
1	316850.00	0.00	15908.00	6.52	40.25	19.89	77.63	0.00	0.00	0.00
1	316860.00	0.00	151250.00	62.01	382.66	189.06	738.10	0.00	0.00	0.00
1	316870.00	0.00	96088.00	39.40	243.10	120.11	468.91	0.00	0.00	0.00
1	316890.00	0.00	7053.00	2.89	17.84	8.82	34.42	0.00	0.00	0.00
1	316905.00	0.00	4414.00	1.81	11.17	5.52	21.54	0.00	0.00	0.00
1	316910.00	0.00	13246.00	5.43	33.51	16.56	64.64	0.00	0.00	0.00
1	316920.00	0.00	8845.00	3.63	22.38	11.06	43.16	0.00	0.00	0.00
1	316930.00	0.00	85111.00	34.90	215.33	106.39	415.34	0.00	0.00	0.00
1	316935.00	0.00	34496.00	14.14	87.27	43.12	168.34	0.00	0.00	0.00
1	316940.00	0.00	60988.00	25.01	154.30	76.23	297.62	0.00	0.00	0.00
1	316950.00	0.00	7224.00	2.96	18.28	9.03	35.25	0.00	0.00	0.00
1	316960.00	0.00	27237.00	11.17	68.91	34.05	132.92	0.00	0.00	0.00
1	316970.00	0.00	27513.00	11.28	69.61	34.39	134.26	0.00	0.00	0.00
1	316980.00	0.00	12117.00	4.97	30.66	15.15	59.13	0.00	0.00	0.00
1	316990.00	0.00	139522.00	57.20	352.99	174.40	680.87	0.00	0.00	0.00
1	317000.00	0.00	13445.00	5.51	34.02	16.81	65.61	0.00	0.00	0.00
1	317010.00	0.00	356310.00	146.09	901.46	445.39	1738.79	0.00	0.00	0.00
1	317020.00	0.00	736915.00	302.14	1864.39	921.14	3596.15	0.00	0.00	0.00
1	317040.00	0.00	90391.00	37.06	228.69	112.99	441.11	0.00	0.00	0.00
1	317043.00	0.00	4665.00	1.91	11.80	5.83	22.77	0.00	0.00	0.00
1	317047.00	0.00	3524.00	1.44	8.92	4.41	17.20	0.00	0.00	0.00
1	317052.00	0.00	17847.00	7.32	45.15	22.31	87.09	0.00	0.00	0.00
1	317065.00	0.00	5379.00	2.21	13.61	6.72	26.25	0.00	0.00	0.00
1	317070.00	0.00	145040.00	59.47	366.95	181.30	707.80	0.00	0.00	0.00
1	317075.00	0.00	7626.00	3.13	19.29	9.53	37.21	0.00	0.00	0.00
1	317080.00	0.00	42250.00	17.32	106.89	52.81	206.18	0.00	0.00	0.00
1	317090.00	0.00	27298.00	11.19	69.06	34.12	133.21	0.00	0.00	0.00
1	317100.00	0.00	30376.00	12.45	76.85	37.97	148.23	0.00	0.00	0.00
1	317103.00	0.00	9993.00	4.10	25.28	12.49	48.77	0.00	0.00	0.00
1	317110.00	0.00	4261.00	1.75	10.78	5.33	20.79	0.00	0.00	0.00
1	317115.00	0.00	5212.00	2.14	13.19	6.51	25.43	0.00	0.00	0.00
1	317120.00	0.00	135224.00	55.44	342.12	169.03	659.89	0.00	0.00	0.00
1	317130.00	0.00	100020.00	41.01	253.05	125.03	488.10	0.00	0.00	0.00
1	317160.00	0.00	14845.00	6.09	37.56	18.56	72.44	0.00	0.00	0.00
1	317170.00	0.00	9367.00	3.84	23.70	11.71	45.71	0.00	0.00	0.00
1	317180.00	0.00	19483.00	7.99	49.29	24.35	95.08	0.00	0.00	0.00
1	317190.00	0.00	16675.00	6.84	42.19	20.84	81.37	0.00	0.00	0.00
1	317200.00	0.00	67684.00	27.75	171.24	84.60	330.30	0.00	0.00	0.00
