NIVEL	CODIGO	DESTINO	POP ATENDIDA	Physicians	Nurses	OtherCadres	CommunityBased	MRIUnit	Mammography	Radiotherapy
1,609,Pori,84566.00,10.99,53.28,30.44,29.60,0.00,0.00,0.00,0.00,0.00
1,684,Rauma,46991.00,6.11,29.60,16.92,16.45,0.00,0.00,0.00,0.00,0.00
1,886,Ulvila,17733.00,2.31,11.17,6.38,6.21,0.00,0.00,0.00,0.00,0.00
1,50,Eura,22492.00,2.92,14.17,8.10,7.87,0.00,0.00,0.00,0.00,0.00
1,214,Kankaanpää,12786.00,1.66,8.06,4.60,4.48,0.00,0.00,0.00,0.00,0.00
1,102,Huittinen,9044.00,1.18,5.70,3.26,3.17,0.00,0.00,0.00,0.00,0.00
1,230,Karvia,2082.00,0.27,1.31,0.75,0.73,0.00,0.00,0.00,0.00,0.00
1,608,Pomarkku,1800.00,0.23,1.13,0.65,0.63,0.00,0.00,0.00,0.00,0.00
1,747,Siikainen,4080.00,0.53,2.57,1.47,1.43,0.00,0.00,0.00,0.00,0.00
