NIVEL	CODIGO	DESTINO	POP ATENDIDA	Physicians	Nurses	OtherCadres	CommunityBased	MRIUnit	Mammography	Radiotherapy
1,410020,Adrianopolis,6453.00,2.65,16.33,8.07,31.49,0.00,0.00,0.00,0.00,0.00
1,410045,Altamira_Do_Parana,2383.00,0.98,6.03,2.98,11.63,0.00,0.00,0.00,0.00,0.00
1,410050,Altonia,32104.00,13.16,81.22,40.13,156.67,0.00,0.00,0.00,0.00,0.00
1,410060,Alto_Parana,21505.00,8.82,54.41,26.88,104.94,0.00,0.00,0.00,0.00,0.00
1,410070,Alto_Piquiri,10673.00,4.38,27.00,13.34,52.08,0.00,0.00,0.00,0.00,0.00
1,410090,Amapora,6667.00,2.73,16.87,8.33,32.53,0.00,0.00,0.00,0.00,0.00
1,410100,Ampere,41641.00,17.07,105.35,52.05,203.21,0.00,0.00,0.00,0.00,0.00
1,410110,Andira,21721.00,8.91,54.95,27.15,106.00,0.00,0.00,0.00,0.00,0.00
1,410120,Antonina,20504.00,8.41,51.88,25.63,100.06,0.00,0.00,0.00,0.00,0.00
1,410130,Antonio_Olinto,8025.00,3.29,20.30,10.03,39.16,0.00,0.00,0.00,0.00,0.00
1,410140,Apucarana,153784.00,63.05,389.07,192.23,750.47,0.00,0.00,0.00,0.00,0.00
1,410150,Arapongas,130718.00,53.59,330.72,163.40,637.90,0.00,0.00,0.00,0.00,0.00
1,410170,Araruna,30117.00,12.35,76.20,37.65,146.97,0.00,0.00,0.00,0.00,0.00
1,410180,Araucaria,494930.00,202.92,1252.17,618.66,2415.26,0.00,0.00,0.00,0.00,0.00
1,410185,Ariranha_Do_Ivai,2320.00,0.95,5.87,2.90,11.32,0.00,0.00,0.00,0.00,0.00
1,410190,Assai,29673.00,12.17,75.07,37.09,144.80,0.00,0.00,0.00,0.00,0.00
1,410200,Assis_Chateaubriand,38953.00,15.97,98.55,48.69,190.09,0.00,0.00,0.00,0.00,0.00
1,410210,Astorga,38915.00,15.96,98.45,48.64,189.91,0.00,0.00,0.00,0.00,0.00
1,410240,Bandeirantes,44137.00,18.10,111.67,55.17,215.39,0.00,0.00,0.00,0.00,0.00
1,410250,Barbosa_Ferraz,16207.00,6.64,41.00,20.26,79.09,0.00,0.00,0.00,0.00,0.00
1,410280,Bela_Vista_Do_Paraiso,28798.00,11.81,72.86,36.00,140.53,0.00,0.00,0.00,0.00,0.00
1,410290,Bituruna,17663.00,7.24,44.69,22.08,86.20,0.00,0.00,0.00,0.00,0.00
1,410300,Boa_Esperanca,4492.00,1.84,11.36,5.62,21.92,0.00,0.00,0.00,0.00,0.00
1,410305,Boa_Vista_Da_Aparecida,8243.00,3.38,20.85,10.30,40.23,0.00,0.00,0.00,0.00,0.00
1,410310,Bocaiuva_Do_Sul,13757.00,5.64,34.81,17.20,67.13,0.00,0.00,0.00,0.00,0.00
1,410330,Borrazopolis,10493.00,4.30,26.55,13.12,51.21,0.00,0.00,0.00,0.00,0.00
1,410360,Cambara,69768.00,28.60,176.51,87.21,340.47,0.00,0.00,0.00,0.00,0.00
1,410370,Cambe,114007.00,46.74,288.44,142.51,556.35,0.00,0.00,0.00,0.00,0.00
1,410390,Campina_Da_Lagoa,15494.00,6.35,39.20,19.37,75.61,0.00,0.00,0.00,0.00,0.00
1,410395,Campina_Do_Simao,4225.00,1.73,10.69,5.28,20.62,0.00,0.00,0.00,0.00,0.00
1,410400,Campina_Grande_Do_Sul,46248.00,18.96,117.01,57.81,225.69,0.00,0.00,0.00,0.00,0.00
1,410420,Campo_Largo,185254.00,75.95,468.69,231.57,904.04,0.00,0.00,0.00,0.00,0.00
1,410430,Campo_Mourao,104998.00,43.05,265.64,131.25,512.39,0.00,0.00,0.00,0.00,0.00
1,410440,Candido_De_Abreu,16430.00,6.74,41.57,20.54,80.18,0.00,0.00,0.00,0.00,0.00
1,410442,Candoi,22270.00,9.13,56.34,27.84,108.68,0.00,0.00,0.00,0.00,0.00
1,410460,Capitao_Leonidas_Marques,26230.00,10.75,66.36,32.79,128.00,0.00,0.00,0.00,0.00,0.00
1,410480,Cascavel,349963.00,143.48,885.41,437.45,1707.82,0.00,0.00,0.00,0.00,0.00
1,410490,Castro,76740.00,31.46,194.15,95.92,374.49,0.00,0.00,0.00,0.00,0.00
1,410510,Centenario_Do_Sul,26025.00,10.67,65.84,32.53,127.00,0.00,0.00,0.00,0.00,0.00
1,410520,Cerro_Azul,19117.00,7.84,48.37,23.90,93.29,0.00,0.00,0.00,0.00,0.00
1,410530,Ceu_Azul,32876.00,13.48,83.18,41.09,160.43,0.00,0.00,0.00,0.00,0.00
1,410540,Chopinzinho,41133.00,16.86,104.07,51.42,200.73,0.00,0.00,0.00,0.00,0.00
1,410550,Cianorte,117042.00,47.99,296.12,146.30,571.16,0.00,0.00,0.00,0.00,0.00
1,410560,Cidade_Gaucha,13485.00,5.53,34.12,16.86,65.81,0.00,0.00,0.00,0.00,0.00
1,410570,Clevelandia,25083.00,10.28,63.46,31.35,122.41,0.00,0.00,0.00,0.00,0.00
1,410580,Colombo,411149.00,168.57,1040.21,513.94,2006.41,0.00,0.00,0.00,0.00,0.00
1,410590,Colorado,47170.00,19.34,119.34,58.96,230.19,0.00,0.00,0.00,0.00,0.00
1,410610,Conselheiro_Mairinck,4145.00,1.70,10.49,5.18,20.23,0.00,0.00,0.00,0.00,0.00
1,410620,Contenda,19765.00,8.10,50.01,24.71,96.45,0.00,0.00,0.00,0.00,0.00
1,410630,Corbelia,24264.00,9.95,61.39,30.33,118.41,0.00,0.00,0.00,0.00,0.00
1,410640,Cornelio_Procopio,74436.00,30.52,188.32,93.05,363.25,0.00,0.00,0.00,0.00,0.00
1,410645,Coronel_Domingos_Soares,8062.00,3.31,20.40,10.08,39.34,0.00,0.00,0.00,0.00,0.00
1,410650,Coronel_Vivida,35293.00,14.47,89.29,44.12,172.23,0.00,0.00,0.00,0.00,0.00
1,410670,Cruzeiro_Do_Sul,12769.00,5.24,32.31,15.96,62.31,0.00,0.00,0.00,0.00,0.00
1,410680,Cruz_Machado,20142.00,8.26,50.96,25.18,98.29,0.00,0.00,0.00,0.00,0.00
1,410690,Curitiba,2067776.00,847.79,5231.47,2584.72,10090.75,0.00,0.00,0.00,0.00,0.00
1,410700,Curiuva,16181.00,6.63,40.94,20.23,78.96,0.00,0.00,0.00,0.00,0.00
1,410710,Diamante_Do_Norte,5550.00,2.28,14.04,6.94,27.08,0.00,0.00,0.00,0.00,0.00
1,410720,Dois_Vizinhos,60517.00,24.81,153.11,75.65,295.32,0.00,0.00,0.00,0.00,0.00
1,410750,Engenheiro_Beltrao,20125.00,8.25,50.92,25.16,98.21,0.00,0.00,0.00,0.00,0.00
1,410753,Entre_Rios_Do_Oeste,8804.00,3.61,22.27,11.01,42.96,0.00,0.00,0.00,0.00,0.00
1,410760,Faxinal,29749.00,12.20,75.26,37.19,145.18,0.00,0.00,0.00,0.00,0.00
1,410765,Fazenda_Rio_Grande,247157.00,101.33,625.31,308.95,1206.13,0.00,0.00,0.00,0.00,0.00
1,410775,Figueira,8461.00,3.47,21.41,10.58,41.29,0.00,0.00,0.00,0.00,0.00
1,410790,Floresta,13808.00,5.66,34.93,17.26,67.38,0.00,0.00,0.00,0.00,0.00
1,410810,Florida,15708.00,6.44,39.74,19.64,76.66,0.00,0.00,0.00,0.00,0.00
1,410820,Formosa_Do_Oeste,12144.00,4.98,30.72,15.18,59.26,0.00,0.00,0.00,0.00,0.00
1,410830,Foz_Do_Iguacu,304201.00,124.72,769.63,380.25,1484.50,0.00,0.00,0.00,0.00,0.00
1,410840,Francisco_Beltrao,119834.00,49.13,303.18,149.79,584.79,0.00,0.00,0.00,0.00,0.00
1,410850,General_Carneiro,14814.00,6.07,37.48,18.52,72.29,0.00,0.00,0.00,0.00,0.00
1,410855,Godoy_Moreira,3231.00,1.32,8.17,4.04,15.77,0.00,0.00,0.00,0.00,0.00
1,410860,Goioere,53113.00,21.78,134.38,66.39,259.19,0.00,0.00,0.00,0.00,0.00
1,410865,Goioxim,7733.00,3.17,19.56,9.67,37.74,0.00,0.00,0.00,0.00,0.00
1,410870,Grandes_Rios,6193.00,2.54,15.67,7.74,30.22,0.00,0.00,0.00,0.00,0.00
1,410880,Guaira,54318.00,22.27,137.42,67.90,265.07,0.00,0.00,0.00,0.00,0.00
1,410890,Guairaca,25028.00,10.26,63.32,31.29,122.14,0.00,0.00,0.00,0.00,0.00
1,410895,Guamiranga,44052.00,18.06,111.45,55.06,214.97,0.00,0.00,0.00,0.00,0.00
1,410930,Guaraniacu,21670.00,8.88,54.83,27.09,105.75,0.00,0.00,0.00,0.00,0.00
1,410940,Guarapuava,194499.00,79.74,492.08,243.12,949.16,0.00,0.00,0.00,0.00,0.00
1,410950,Guaraquecaba,8282.00,3.40,20.95,10.35,40.42,0.00,0.00,0.00,0.00,0.00
1,410960,Guaratuba,39469.00,16.18,99.86,49.34,192.61,0.00,0.00,0.00,0.00,0.00
1,410965,Honorio_Serpa,5722.00,2.35,14.48,7.15,27.92,0.00,0.00,0.00,0.00,0.00
1,410970,Ibaiti,33588.00,13.77,84.98,41.98,163.91,0.00,0.00,0.00,0.00,0.00
1,410975,Ibema,17847.00,7.32,45.15,22.31,87.09,0.00,0.00,0.00,0.00,0.00
1,410980,Ibipora,58209.00,23.87,147.27,72.76,284.06,0.00,0.00,0.00,0.00,0.00
1,411005,Iguatu,2435.00,1.00,6.16,3.04,11.88,0.00,0.00,0.00,0.00,0.00
1,411007,Imbau,38033.00,15.59,96.22,47.54,185.60,0.00,0.00,0.00,0.00,0.00
1,411020,Inacio_Martins,12003.00,4.92,30.37,15.00,58.57,0.00,0.00,0.00,0.00,0.00
1,411030,Inaja,6760.00,2.77,17.10,8.45,32.99,0.00,0.00,0.00,0.00,0.00
1,411050,Ipiranga,16277.00,6.67,41.18,20.35,79.43,0.00,0.00,0.00,0.00,0.00
1,411060,Ipora,26149.00,10.72,66.16,32.69,127.61,0.00,0.00,0.00,0.00,0.00
1,411070,Irati,84353.00,34.58,213.41,105.44,411.64,0.00,0.00,0.00,0.00,0.00
1,411080,Iretama,11045.00,4.53,27.94,13.81,53.90,0.00,0.00,0.00,0.00,0.00
1,411125,Itaperucu,30401.00,12.46,76.91,38.00,148.36,0.00,0.00,0.00,0.00,0.00
1,411130,Itauna_Do_Sul,3183.00,1.31,8.05,3.98,15.53,0.00,0.00,0.00,0.00,0.00
1,411140,Ivai,14874.00,6.10,37.63,18.59,72.59,0.00,0.00,0.00,0.00,0.00
1,411150,Ivaipora,34551.00,14.17,87.41,43.19,168.61,0.00,0.00,0.00,0.00,0.00
1,411155,Ivate,17421.00,7.14,44.08,21.78,85.01,0.00,0.00,0.00,0.00,0.00
1,411170,Jaboti,17867.00,7.33,45.20,22.33,87.19,0.00,0.00,0.00,0.00,0.00
1,411190,Jaguapita,20457.00,8.39,51.76,25.57,99.83,0.00,0.00,0.00,0.00,0.00
1,411200,Jaguariaiva,67525.00,27.69,170.84,84.41,329.52,0.00,0.00,0.00,0.00,0.00
1,411210,Jandaia_Do_Sul,31984.00,13.11,80.92,39.98,156.08,0.00,0.00,0.00,0.00,0.00
1,411240,Japura,10083.00,4.13,25.51,12.60,49.21,0.00,0.00,0.00,0.00,0.00
1,411250,Jardim_Alegre,24623.00,10.10,62.30,30.78,120.16,0.00,0.00,0.00,0.00,0.00
1,411275,Jesuitas,9162.00,3.76,23.18,11.45,44.71,0.00,0.00,0.00,0.00,0.00
1,411280,Joaquim_Tavora,32255.00,13.22,81.61,40.32,157.40,0.00,0.00,0.00,0.00,0.00
1,411300,Jussara,17468.00,7.16,44.19,21.84,85.24,0.00,0.00,0.00,0.00,0.00
1,411320,Lapa,51672.00,21.19,130.73,64.59,252.16,0.00,0.00,0.00,0.00,0.00
1,411325,Laranjal,6386.00,2.62,16.16,7.98,31.16,0.00,0.00,0.00,0.00,0.00
1,411330,Laranjeiras_Do_Sul,83601.00,34.28,211.51,104.50,407.97,0.00,0.00,0.00,0.00,0.00
1,411350,Loanda,40783.00,16.72,103.18,50.98,199.02,0.00,0.00,0.00,0.00,0.00
1,411370,Londrina,608239.00,249.38,1538.84,760.30,2968.21,0.00,0.00,0.00,0.00,0.00
1,411373,Luiziana,7857.00,3.22,19.88,9.82,38.34,0.00,0.00,0.00,0.00,0.00
1,411390,Mallet,22559.00,9.25,57.07,28.20,110.09,0.00,0.00,0.00,0.00,0.00
1,411400,Mambore,14293.00,5.86,36.16,17.87,69.75,0.00,0.00,0.00,0.00,0.00
1,411430,Mandirituba,28486.00,11.68,72.07,35.61,139.01,0.00,0.00,0.00,0.00,0.00
1,411435,Manfrinopolis,11824.00,4.85,29.91,14.78,57.70,0.00,0.00,0.00,0.00,0.00
1,411440,Mangueirinha,18106.00,7.42,45.81,22.63,88.36,0.00,0.00,0.00,0.00,0.00
1,411450,Manoel_Ribas,14554.00,5.97,36.82,18.19,71.02,0.00,0.00,0.00,0.00,0.00
1,411460,Marechal_Candido_Rondon,62417.00,25.59,157.92,78.02,304.59,0.00,0.00,0.00,0.00,0.00
1,411510,Mariluz,11167.00,4.58,28.25,13.96,54.49,0.00,0.00,0.00,0.00,0.00
1,411520,Maringa,663746.00,272.14,1679.28,829.68,3239.08,0.00,0.00,0.00,0.00,0.00
1,411545,Marquinho,4823.00,1.98,12.20,6.03,23.54,0.00,0.00,0.00,0.00,0.00
1,411550,Marumbi,62474.00,25.61,158.06,78.09,304.87,0.00,0.00,0.00,0.00,0.00
1,411560,Matelandia,58283.00,23.90,147.46,72.85,284.42,0.00,0.00,0.00,0.00,0.00
1,411570,Matinhos,36894.00,15.13,93.34,46.12,180.04,0.00,0.00,0.00,0.00,0.00
1,411573,Mato_Rico,3602.00,1.48,9.11,4.50,17.58,0.00,0.00,0.00,0.00,0.00
1,411580,Medianeira,49410.00,20.26,125.01,61.76,241.12,0.00,0.00,0.00,0.00,0.00
1,411590,Mirador,2406.00,0.99,6.09,3.01,11.74,0.00,0.00,0.00,0.00,0.00
1,411600,Miraselva,13441.00,5.51,34.01,16.80,65.59,0.00,0.00,0.00,0.00,0.00
1,411605,Missal,23362.00,9.58,59.11,29.20,114.01,0.00,0.00,0.00,0.00,0.00
1,411620,Morretes,17652.00,7.24,44.66,22.07,86.14,0.00,0.00,0.00,0.00,0.00
1,411670,Nova_Aurora,36203.00,14.84,91.59,45.25,176.67,0.00,0.00,0.00,0.00,0.00
1,411680,Nova_Cantu,5986.00,2.45,15.14,7.48,29.21,0.00,0.00,0.00,0.00,0.00
1,411690,Nova_Esperanca,37913.00,15.54,95.92,47.39,185.02,0.00,0.00,0.00,0.00,0.00
1,411695,Nova_Esperanca_Do_Sudoeste,27771.00,11.39,70.26,34.71,135.52,0.00,0.00,0.00,0.00,0.00
1,411700,Nova_Fatima,24317.00,9.97,61.52,30.40,118.67,0.00,0.00,0.00,0.00,0.00
1,411710,Nova_Londrina,21886.00,8.97,55.37,27.36,106.80,0.00,0.00,0.00,0.00,0.00
1,411720,Nova_Olimpia,27729.00,11.37,70.15,34.66,135.32,0.00,0.00,0.00,0.00,0.00
1,411722,Nova_Santa_Rosa,48922.00,20.06,123.77,61.15,238.74,0.00,0.00,0.00,0.00,0.00
1,411725,Nova_Prata_Do_Iguacu,11381.00,4.67,28.79,14.23,55.54,0.00,0.00,0.00,0.00,0.00
1,411727,Nova_Tebas,6316.00,2.59,15.98,7.89,30.82,0.00,0.00,0.00,0.00,0.00
1,411729,Novo_Itacolomi,6550.00,2.69,16.57,8.19,31.96,0.00,0.00,0.00,0.00,0.00
1,411760,Palmas,54141.00,22.20,136.98,67.68,264.21,0.00,0.00,0.00,0.00,0.00
1,411770,Palmeira,41609.00,17.06,105.27,52.01,203.05,0.00,0.00,0.00,0.00,0.00
1,411780,Palmital,14441.00,5.92,36.54,18.05,70.47,0.00,0.00,0.00,0.00,0.00
1,411820,Paranagua,165736.00,67.95,419.31,207.17,808.79,0.00,0.00,0.00,0.00,0.00
1,411840,Paranavai,94711.00,38.83,239.62,118.39,462.19,0.00,0.00,0.00,0.00,0.00
1,411845,Pato_Bragado,5970.00,2.45,15.10,7.46,29.13,0.00,0.00,0.00,0.00,0.00
1,411850,Pato_Branco,99209.00,40.68,251.00,124.01,484.14,0.00,0.00,0.00,0.00,0.00
1,411910,Pien,23593.00,9.67,59.69,29.49,115.13,0.00,0.00,0.00,0.00,0.00
1,411930,Pinhao,34750.00,14.25,87.92,43.44,169.58,0.00,0.00,0.00,0.00,0.00
1,411940,Pirai_Do_Sul,27278.00,11.18,69.01,34.10,133.12,0.00,0.00,0.00,0.00,0.00
1,411950,Piraquara,119775.00,49.11,303.03,149.72,584.50,0.00,0.00,0.00,0.00,0.00
1,411960,Pitanga,33041.00,13.55,83.59,41.30,161.24,0.00,0.00,0.00,0.00,0.00
1,411970,Planaltina_Do_Parana,4588.00,1.88,11.61,5.74,22.39,0.00,0.00,0.00,0.00,0.00
1,411980,Planalto,45947.00,18.84,116.25,57.43,224.22,0.00,0.00,0.00,0.00,0.00
1,411990,Ponta_Grossa,400180.00,164.07,1012.46,500.23,1952.88,0.00,0.00,0.00,0.00,0.00
1,411995,Pontal_Do_Parana,28728.00,11.78,72.68,35.91,140.19,0.00,0.00,0.00,0.00,0.00
1,412000,Porecatu,14112.00,5.79,35.70,17.64,68.87,0.00,0.00,0.00,0.00,0.00
1,412020,Porto_Rico,2762.00,1.13,6.99,3.45,13.48,0.00,0.00,0.00,0.00,0.00
1,412033,Prado_Ferreira,4019.00,1.65,10.17,5.02,19.61,0.00,0.00,0.00,0.00,0.00
1,412050,Primeiro_De_Maio,11987.00,4.91,30.33,14.98,58.50,0.00,0.00,0.00,0.00,0.00
1,412060,Prudentopolis,56042.00,22.98,141.79,70.05,273.48,0.00,0.00,0.00,0.00,0.00
1,412070,Quatigua,8003.00,3.28,20.25,10.00,39.05,0.00,0.00,0.00,0.00,0.00
1,412090,Quedas_Do_Iguacu,40959.00,16.79,103.63,51.20,199.88,0.00,0.00,0.00,0.00,0.00
1,412100,Querencia_Do_Norte,21603.00,8.86,54.66,27.00,105.42,0.00,0.00,0.00,0.00,0.00
1,412120,Quitandinha,28869.00,11.84,73.04,36.09,140.88,0.00,0.00,0.00,0.00,0.00
1,412150,Reboucas,32341.00,13.26,81.82,40.43,157.82,0.00,0.00,0.00,0.00,0.00
1,412170,Reserva,28692.00,11.76,72.59,35.87,140.02,0.00,0.00,0.00,0.00,0.00
1,412175,Reserva_Do_Iguacu,8574.00,3.52,21.69,10.72,41.84,0.00,0.00,0.00,0.00,0.00
1,412180,Ribeirao_Claro,11533.00,4.73,29.18,14.42,56.28,0.00,0.00,0.00,0.00,0.00
1,412190,Ribeirao_Do_Pinhal,17717.00,7.26,44.82,22.15,86.46,0.00,0.00,0.00,0.00,0.00
1,412217,Rio_Branco_Do_Ivai,9674.00,3.97,24.48,12.09,47.21,0.00,0.00,0.00,0.00,0.00
1,412220,Rio_Branco_Do_Sul,34808.00,14.27,88.06,43.51,169.86,0.00,0.00,0.00,0.00,0.00
1,412230,Rio_Negro,36586.00,15.00,92.56,45.73,178.54,0.00,0.00,0.00,0.00,0.00
1,412240,Rolandia,78213.00,32.07,197.88,97.77,381.68,0.00,0.00,0.00,0.00,0.00
1,412250,Roncador,10848.00,4.45,27.45,13.56,52.94,0.00,0.00,0.00,0.00,0.00
1,412260,Rondon,15033.00,6.16,38.03,18.79,73.36,0.00,0.00,0.00,0.00,0.00
1,412290,Salto_Do_Itarare,10790.00,4.42,27.30,13.49,52.66,0.00,0.00,0.00,0.00,0.00
1,412310,Santa_Amelia,11748.00,4.82,29.72,14.69,57.33,0.00,0.00,0.00,0.00,0.00
1,412350,Santa_Helena,33915.00,13.91,85.80,42.39,165.51,0.00,0.00,0.00,0.00,0.00
1,412360,Santa_Ines,3200.00,1.31,8.10,4.00,15.62,0.00,0.00,0.00,0.00,0.00
1,412380,Santa_Izabel_Do_Oeste,15662.00,6.42,39.62,19.58,76.43,0.00,0.00,0.00,0.00,0.00
1,412385,Santa_Maria_Do_Oeste,10596.00,4.34,26.81,13.24,51.71,0.00,0.00,0.00,0.00,0.00
1,412410,Santo_Antonio_Da_Platina,49320.00,20.22,124.78,61.65,240.68,0.00,0.00,0.00,0.00,0.00
1,412420,Santo_Antonio_Do_Caiua,2865.00,1.17,7.25,3.58,13.98,0.00,0.00,0.00,0.00,0.00
1,412440,Santo_Antonio_Do_Sudoeste,42176.00,17.29,106.71,52.72,205.82,0.00,0.00,0.00,0.00,0.00
1,412460,Sao_Carlos_Do_Ivai,27415.00,11.24,69.36,34.27,133.79,0.00,0.00,0.00,0.00,0.00
1,412470,Sao_Jeronimo_Da_Serra,16645.00,6.82,42.11,20.81,81.23,0.00,0.00,0.00,0.00,0.00
1,412490,Sao_Joao_Do_Caiua,6335.00,2.60,16.03,7.92,30.91,0.00,0.00,0.00,0.00,0.00
1,412500,Sao_Joao_Do_Ivai,16354.00,6.71,41.38,20.44,79.81,0.00,0.00,0.00,0.00,0.00
1,412510,Sao_Joao_Do_Triunfo,16174.00,6.63,40.92,20.22,78.93,0.00,0.00,0.00,0.00,0.00
1,412530,Sao_Jorge_Do_Ivai,5996.00,2.46,15.17,7.50,29.26,0.00,0.00,0.00,0.00,0.00
1,412535,Sao_Jorge_Do_Patrocinio,18165.00,7.45,45.96,22.71,88.65,0.00,0.00,0.00,0.00,0.00
1,412560,Sao_Mateus_Do_Sul,49404.00,20.26,124.99,61.76,241.09,0.00,0.00,0.00,0.00,0.00
1,412580,Sao_Pedro_Do_Ivai,11772.00,4.83,29.78,14.71,57.45,0.00,0.00,0.00,0.00,0.00
1,412620,Sapopema,7281.00,2.99,18.42,9.10,35.53,0.00,0.00,0.00,0.00,0.00
1,412630,Senges,20780.00,8.52,52.57,25.98,101.41,0.00,0.00,0.00,0.00,0.00
1,412650,Sertanopolis,17605.00,7.22,44.54,22.01,85.91,0.00,0.00,0.00,0.00,0.00
1,412660,Siqueira_Campos,22410.00,9.19,56.70,28.01,109.36,0.00,0.00,0.00,0.00,0.00
1,412667,Tamarana,15691.00,6.43,39.70,19.61,76.57,0.00,0.00,0.00,0.00,0.00
1,412670,Tamboara,7133.00,2.92,18.05,8.92,34.81,0.00,0.00,0.00,0.00,0.00
1,412710,Telemaco_Borba,84272.00,34.55,213.21,105.34,411.25,0.00,0.00,0.00,0.00,0.00
1,412750,Tibagi,22041.00,9.04,55.76,27.55,107.56,0.00,0.00,0.00,0.00,0.00
1,412760,Tijucas_Do_Sul,17954.00,7.36,45.42,22.44,87.62,0.00,0.00,0.00,0.00,0.00
1,412770,Toledo,166660.00,68.33,421.65,208.32,813.30,0.00,0.00,0.00,0.00,0.00
1,412780,Tomazina,8663.00,3.55,21.92,10.83,42.28,0.00,0.00,0.00,0.00,0.00
1,412785,Tres_Barras_Do_Parana,12989.00,5.33,32.86,16.24,63.39,0.00,0.00,0.00,0.00,0.00
1,412788,Tunas_Do_Parana,9177.00,3.76,23.22,11.47,44.78,0.00,0.00,0.00,0.00,0.00
1,412790,Tuneiras_Do_Oeste,26598.00,10.91,67.29,33.25,129.80,0.00,0.00,0.00,0.00,0.00
1,412795,Tupassi,8766.00,3.59,22.18,10.96,42.78,0.00,0.00,0.00,0.00,0.00
1,412796,Turvo,21303.00,8.73,53.90,26.63,103.96,0.00,0.00,0.00,0.00,0.00
1,412800,Ubirata,30750.00,12.61,77.80,38.44,150.06,0.00,0.00,0.00,0.00,0.00
1,412810,Umuarama,141837.00,58.15,358.85,177.30,692.16,0.00,0.00,0.00,0.00,0.00
1,412820,Uniao_Da_Vitoria,72280.00,29.63,182.87,90.35,352.73,0.00,0.00,0.00,0.00,0.00
1,412840,Urai,29902.00,12.26,75.65,37.38,145.92,0.00,0.00,0.00,0.00,0.00
1,412850,Wenceslau_Braz,27716.00,11.36,70.12,34.65,135.25,0.00,0.00,0.00,0.00,0.00
1,412853,Ventania,12622.00,5.18,31.93,15.78,61.60,0.00,0.00,0.00,0.00,0.00
1,412860,Vere,7919.00,3.25,20.04,9.90,38.64,0.00,0.00,0.00,0.00,0.00
1,412862,Alto_Paraiso,3019.00,1.24,7.64,3.77,14.73,0.00,0.00,0.00,0.00,0.00
1,412863,Doutor_Ulysses,6050.00,2.48,15.31,7.56,29.52,0.00,0.00,0.00,0.00,0.00
1,412880,Xambre,6178.00,2.53,15.63,7.72,30.15,0.00,0.00,0.00,0.00,0.00
