# Duracoes outliers (longas, porem reais)
# ORIGEM	DESTINO	DISTÂNCIA (km)	DURACAO (s)
param: K_out: dist_out dur_out :=
# 110003	110020	827.44	49764
# 110005	110020	820.86	49374
# 110006	110020	783.47	47298
# 110007	110020	762.87	51462
# 110146	110020	872.48	53658
# 130006	130260	1253.51	835020
# 130020	130260	2500.00	6300
# 130060	130260	2500.00	6300
# 130100	130260	2000.00	7200
# 130160	130260	886.48	568710
# 130195	130260	2500.00	25200
# 130210	130260	1009.49	660072
# 130220	130260	892.46	569580
# 130230	130260	1009.45	660066
# 130280	130260	896.50	570156
# 130330	110020	889.83	66996
# 130360	130260	900.00	79200
# 130370	130260	1198.56	796320
# 130380	130260	2500.00	6300
# 130390	130260	1342.98	899424
# 130406	130260	2500.00	6300
# 130410	130260	758.70	479112
# 130420	130260	900.00	3900
# 130423	130260	1164.90	771678
# 150375	150680	757.17	58062
# 150730	172100	782.81	43932
# 510025	510340	785.83	40092
# 510080	510340	957.73	52458
# 510140	110020	767.27	64128
# 510185	172100	783.06	49026
# 510279	510340	750.95	38004
# 510285	510340	784.08	43146
# 510337	110020	817.00	66426
# 510517	110020	881.41	70848
# 510530	172100	840.09	54462
# 510615	110020	933.20	82200
# 510626	510340	762.13	42426
# 510629	510340	833.73	42768
# 510706	510340	757.98	52374
# 510718	520870	763.26	41292
# 510785	530010	806.66	68388
# 510788	172100	786.70	49644
# 510895	510340	939.30	51294

# 150797  150680  300.00  36000
# 150390  150680  205.00  21600
# 150300  150680  235.00  21600
# 150180  150680  500.00  43200
# 150110  150680  550.00  43200

# # Distancias circulares ajustadas
# 130020	110020	1198.37		102718
# 130020	120040	947.48		81213
# 130020	140010	1856.30		159112
# 130020	150080	3424.08		293493
# 130020	150140	3403.59		291737
# 130020	150680	2422.57		207649
# 130020	160030	3053.32		261713
# 130020	172100	3489.19		299074
# 130020	211130	4032.95		345682
# 130020	221100	4248.98		364198
# 130020	230370	4896.72		419719
# 130020	230440	4907.71		420661
# 130020	240810	5421.46		464697
# 130020	250400	5330.93		456937
# 130020	250750	5486.24		470249
# 130020	260410	5327.64		456656
# 130020	260790	5487.61		470367
# 130020	260960	5494.94		470996
# 130020	261070	5491.36		470689
# 130020	261110	4652.66		398800
# 130020	261160	5491.05		470662
# 130020	270430	5389.02		461917
# 130020	280030	5209.41		446521
# 130020	291080	4958.76		425037
# 130020	292740	5054.00		433200
# 130020	293330	4783.42		410008
# 130020	310620	4660.50		399472
# 130020	310670	4627.83		396671
# 130020	311860	4642.40		397921
# 130020	313670	4871.33		417543
# 130020	314330	4454.49		381814
# 130020	315460	4627.43		396637
# 130020	317010	4129.46		353954
# 130020	317020	4026.96		345169
# 130020	320130	5148.55		441305
# 130020	320500	5154.73		441835
# 130020	320520	5165.07		442721
# 130020	320530	5159.79		442268
# 130020	330045	4944.50		423814
# 130020	330100	5126.50		439415
# 130020	330170	4957.96		424968
# 130020	330330	4995.05		428148
# 130020	330350	4938.37		423289
# 130020	330390	4951.48		424413
# 130020	330455	4975.05		426433
# 130020	330490	4995.56		428191
# 130020	330510	4951.42		424408
# 130020	350600	4235.10		363009
# 130020	350950	4520.87		387504
# 130020	351060	4604.52		394674
# 130020	351380	4643.63		398026
# 130020	351620	4270.66		366057
# 130020	351870	4714.71		404119
# 130020	351880	4633.58		397165
# 130020	352310	4655.25		399022
# 130020	352590	4566.30		391398
# 130020	352690	4449.30		381369
# 130020	352940	4660.09		399437
# 130020	353060	4676.23		400820
# 130020	353440	4609.30		395084
# 130020	353870	4435.21		380161
# 130020	354100	4696.48		402556
# 130020	354340	4276.57		366564
# 130020	354780	4651.14		398670
# 130020	354850	4699.08		402778
# 130020	354870	4653.50		398872
# 130020	354980	4057.26		347766
# 130020	354990	4682.77		401380
# 130020	355030	4638.22		397562
# 130020	355100	4697.10		402609
# 130020	355220	4530.27		388309
# 130020	355410	4707.14		403469
# 130020	410480	4065.32		348457
# 130020	410690	4528.75		388179
# 130020	411370	4107.72		352091
# 130020	411520	4039.00		346200
# 130020	411990	4401.34		377258
# 130020	412550	4547.62		389797
# 130020	420240	4710.26		403737
# 130020	420540	4833.71		414319
# 130020	420910	4664.32		399799
# 130020	430460	4861.94		416738
# 130020	430510	4771.43		408980
# 130020	431440	4992.63		427940
# 130020	431490	4871.09		417522
# 130020	500270	3439.97		294855
# 130020	510340	2776.63		237998
# 130020	520110	3740.35		320602
# 130020	520140	3739.57		320535
# 130020	520870	3725.73		319349
# 130020	530010	3846.51		329701
# 130030	110020	1086.98		93170
# 130030	120040	1670.64		143198
# 130030	140010	1024.71		87833
# 130030	150080	1708.37		146432
# 130030	150140	1687.25		144622
# 130030	150680	708.16		60700
# 130030	160030	1376.15		117956
# 130030	172100	1954.95		167568
# 130030	211130	2311.08		198093
# 130030	221100	2544.07		218064
# 130030	230370	3180.15		272585
# 130030	230440	3191.04		273518
# 130030	240810	3720.12		318868
# 130030	250400	3646.78		312581
# 130030	250750	3800.06		325720
# 130030	260410	3658.97		313626
# 130030	260790	3815.22		327019
# 130030	260960	3819.89		327419
# 130030	261070	3815.64		327055
# 130030	261110	3019.29		258797
# 130030	261160	3817.03		327175
# 130030	270430	3742.64		320798
# 130030	280030	3593.04		307975
# 130030	291080	3385.92		290223
# 130030	292740	3498.20		299846
# 130030	293330	3308.73		283606
# 130030	310620	3436.57		294564
# 130030	310670	3412.58		292507
# 130030	311860	3422.34		293344
# 130030	313670	3700.86		317217
# 130030	314330	3102.41		265922
# 130030	315460	3401.26		291537
# 130030	317010	3028.74		259607
# 130030	317020	2903.15		248842
# 130030	320130	3852.86		330246
# 130030	320500	3852.25		330193
# 130030	320520	3869.05		331633
# 130030	320530	3863.69		331174
# 130030	330045	3812.62		326797
# 130030	330100	3903.38		334576
# 130030	330170	3824.60		327824
# 130030	330330	3859.18		330787
# 130030	330350	3807.94		326396
# 130030	330390	3804.11		326067
# 130030	330455	3842.71		329375
# 130030	330490	3855.71		330490
# 130030	330510	3820.15		327442
# 130030	350600	3289.38		281948
# 130030	350950	3516.02		301374
# 130030	351060	3615.53		309903
# 130030	351380	3652.15		313042
# 130030	351620	3183.17		272843
# 130030	351870	3721.34		318973
# 130030	351880	3630.48		311185
# 130030	352310	3645.98		312513
# 130030	352590	3565.85		305645
# 130030	352690	3443.79		295183
# 130030	352940	3661.99		313885
# 130030	353060	3663.09		313980
# 130030	353440	3618.07		310121
# 130030	353870	3445.72		295348
# 130030	354100	3708.91		317907
# 130030	354340	3231.44		276981
# 130030	354780	3655.22		313305
# 130030	354850	3705.99		317657
# 130030	354870	3660.19		313731
# 130030	354980	3062.06		262462
# 130030	354990	3645.47		312469
# 130030	355030	3640.37		312032
# 130030	355100	3707.31		317770
# 130030	355220	3563.44		305438
# 130030	355410	3653.13		313126
# 130030	410480	3433.47		294298
# 130030	410690	3707.49		317785
# 130030	411370	3297.39		282634
# 130030	411520	3272.56		280506
# 130030	411990	3607.90		309249
# 130030	412550	3727.17		319472
# 130030	420240	3930.62		336911
# 130030	420540	4054.76		347552
# 130030	420910	3855.09		330437
# 130030	430460	4264.51		365530
# 130030	430510	4153.27		355995
# 130030	431440	4491.95		385025
# 130030	431490	4278.84		366758
# 130030	500270	2715.28		232739
# 130030	510340	1924.49		164957
# 130030	520110	2521.90		216163
# 130030	520140	2555.94		219081
# 130030	520870	2535.59		217337
# 130030	530010	2564.25		219794
# 130060	110020	1178.16		100985
# 130060	120040	938.17		80415
# 130060	140010	1836.51		157415
# 130060	150080	3399.44		291381
# 130060	150140	3378.94		289624
# 130060	150680	2397.90		205535
# 130060	160030	3029.08		259636
# 130060	172100	3465.34		297030
# 130060	211130	4008.15		343557
# 130060	221100	4224.17		362072
# 130060	230370	4871.88		417590
# 130060	230440	4882.87		418532
# 130060	240810	5396.68		462573
# 130060	250400	5306.25		454822
# 130060	250750	5461.55		468133
# 130060	260410	5303.07		454549
# 130060	260790	5463.01		468259
# 130060	260960	5470.33		468886
# 130060	261070	5466.75		468579
# 130060	261110	4628.31		396712
# 130060	261160	5466.44		468553
# 130060	270430	5364.62		459825
# 130060	280030	5185.23		444449
# 130060	291080	4934.92		422993
# 130060	292740	5030.31		431170
# 130060	293330	4760.40		408035
# 130060	310620	4639.82		397699
# 130060	310670	4607.22		394905
# 130060	311860	4621.75		396151
# 130060	313670	4851.30		415826
# 130060	314330	4432.48		379927
# 130060	315460	4606.71		394861
# 130060	317010	4109.70		352260
# 130060	317020	4006.89		343448
# 130060	320130	5127.35		439488
# 130060	320500	5133.46		440012
# 130060	320520	5143.87		440904
# 130060	320530	5138.59		440451
# 130060	330045	4924.91		422135
# 130060	330100	5106.04		437661
# 130060	330170	4938.36		423288
# 130060	330330	4975.44		426467
# 130060	330350	4918.79		421611
# 130060	330390	4931.73		422720
# 130060	330455	4955.47		424755
# 130060	330490	4975.91		426507
# 130060	330510	4931.84		422729
# 130060	350600	4217.03		361460
# 130060	350950	4502.38		385919
# 130060	351060	4586.26		393109
# 130060	351380	4625.38		396461
# 130060	351620	4251.13		364383
# 130060	351870	4696.48		402556
# 130060	351880	4615.19		395588
# 130060	352310	4636.80		397441
# 130060	352590	4547.89		389820
# 130060	352690	4430.76		379780
# 130060	352940	4641.77		397867
# 130060	353060	4657.76		399237
# 130060	353440	4591.03		393517
# 130060	353870	4416.83		378586
# 130060	354100	4678.30		400998
# 130060	354340	4257.48		364928
# 130060	354780	4632.84		397101
# 130060	354850	4680.84		401215
# 130060	354870	4635.23		397306
# 130060	354980	4038.52		346159
# 130060	354990	4664.04		399775
# 130060	355030	4619.89		395991
# 130060	355100	4678.90		401049
# 130060	355220	4512.20		386761
# 130060	355410	4688.25		401850
# 130060	410480	4050.64		347198
# 130060	410690	4512.32		386770
# 130060	411370	4091.02		350659
# 130060	411520	4022.72		344805
# 130060	411990	4385.11		375867
# 130060	412550	4531.21		388390
# 130060	420240	4694.45		402382
# 130060	420540	4818.01		412973
# 130060	420910	4648.13		398412
# 130060	430460	4848.45		415582
# 130060	430510	4757.61		407796
# 130060	431440	4980.47		426898
# 130060	431490	4857.68		416373
# 130060	500270	3423.41		293436
# 130060	510340	2757.62		236368
# 130060	520110	3719.17		318786
# 130060	520140	3718.71		318747
# 130060	520870	3704.80		317555
# 130060	530010	3824.83		327843
# 130100	110020	769.28		65939
# 130100	120040	806.25		69108
# 130100	140010	1541.33		132115
# 130100	150080	2931.22		251248
# 130100	150140	2910.20		249446
# 130100	150680	1929.82		165414
# 130100	160030	2579.23		221077
# 130100	172100	2977.32		255199
# 130100	211130	3529.52		302531
# 130100	221100	3735.90		320221
# 130100	230370	4387.03		376032
# 130100	230440	4398.07		376978
# 130100	240810	4907.13		420612
# 130100	250400	4814.86		412703
# 130100	250750	4970.26		426023
# 130100	260410	4811.05		412376
# 130100	260790	4971.06		426091
# 130100	260960	4978.46		426726
# 130100	261070	4974.90		426420
# 130100	261110	4136.50		354558
# 130100	261160	4974.54		426389
# 130100	270430	4872.65		417656
# 130100	280030	4694.33		402372
# 130100	291080	4446.70		381147
# 130100	292740	4543.64		389455
# 130100	293330	4281.51		366987
# 130100	310620	4195.68		359630
# 130100	310670	4164.27		356938
# 130100	311860	4178.12		358125
# 130100	313670	4417.48		378642
# 130100	314330	3967.89		340105
# 130100	315460	4161.99		356743
# 130100	317010	3681.70		315575
# 130100	317020	3573.94		306338
# 130100	320130	4674.43		400666
# 130100	320500	4679.51		401101
# 130100	320520	4690.98		402084
# 130100	320530	4685.66		401628
# 130100	330045	4498.34		385573
# 130100	330100	4664.81		399842
# 130100	330170	4511.63		386711
# 130100	330330	4548.51		389873
# 130100	330350	4492.44		385067
# 130100	330390	4502.47		385927
# 130100	330455	4529.03		388203
# 130100	330490	4548.28		389853
# 130100	330510	4505.43		386180
# 130100	350600	3818.31		327284
# 130100	350950	4095.55		351048
# 130100	351060	4183.25		358565
# 130100	351380	4222.26		361909
# 130100	351620	3826.83		328015
# 130100	351870	4293.67		368030
# 130100	351880	4209.77		360838
# 130100	352310	4230.42		362608
# 130100	352590	4142.34		355058
# 130100	352690	4023.09		344837
# 130100	352940	4237.55		363219
# 130100	353060	4250.84		364358
# 130100	353440	4187.63		358941
# 130100	353870	4012.03		343888
# 130100	354100	4276.44		366552
# 130100	354340	3840.77		329209
# 130100	354780	4228.96		362482
# 130100	354850	4277.94		366681
# 130100	354870	4231.86		362731
# 130100	354980	3628.38		311005
# 130100	354990	4252.65		364513
# 130100	355030	4215.51		361330
# 130100	355100	4276.61		366567
# 130100	355220	4112.70		352518
# 130100	355410	4273.97		366341
# 130100	410480	3714.42		318379
# 130100	410690	4141.92		355022
# 130100	411370	3717.39		318634
# 130100	411520	3657.12		313468
# 130100	411990	4018.95		344482
# 130100	412550	4161.20		356675
# 130100	420240	4334.92		371565
# 130100	420540	4459.98		382285
# 130100	420910	4281.81		367013
# 130100	430460	4531.18		388388
# 130100	430510	4434.49		380099
# 130100	431440	4687.52		401788
# 130100	431490	4541.71		389290
# 130100	500270	3055.44		261896
# 130100	510340	2348.01		201259
# 130100	520110	3268.43		280152
# 130100	520140	3273.17		280558
# 130100	520870	3258.13		279269
# 130100	530010	3365.95		288510
# 130195	110020	772.43		66209
# 130195	120040	555.24		47592
# 130195	140010	1861.71		159576
# 130195	150080	3185.81		273070
# 130195	150140	3164.18		271216
# 130195	150680	2189.87		187703
# 130195	160030	2854.56		244677
# 130195	172100	3118.78		267324
# 130195	211130	3765.56		322763
# 130195	221100	3945.46		338183
# 130195	230370	4606.56		394849
# 130195	230440	4617.72		395805
# 130195	240810	5108.44		437867
# 130195	250400	5003.83		428900
# 130195	250750	5159.95		442282
# 130195	260410	4990.63		427769
# 130195	260790	5152.09		441608
# 130195	260960	5161.05		442376
# 130195	261070	5157.91		442107
# 130195	261110	4302.15		368756
# 130195	261160	5156.52		441988
# 130195	270430	5040.14		432013
# 130195	280030	4848.92		415622
# 130195	291080	4585.33		393029
# 130195	292740	4675.25		400736
# 130195	293330	4387.85		376102
# 130195	310620	4233.14		362841
# 130195	310670	4199.91		359993
# 130195	311860	4214.81		361270
# 130195	313670	4439.28		380511
# 130195	314330	4041.59		346422
# 130195	315460	4200.40		360035
# 130195	317010	3696.03		316803
# 130195	317020	3595.38		308176
# 130195	320130	4725.71		405062
# 130195	320500	4732.56		405648
# 130195	320520	4742.20		406475
# 130195	320530	4736.95		406024
# 130195	330045	4509.97		386569
# 130195	330100	4697.32		402628
# 130195	330170	4523.47		387727
# 130195	330330	4560.60		390909
# 130195	330350	4503.78		386039
# 130195	330390	4517.79		387239
# 130195	330455	4540.46		389183
# 130195	330490	4561.32		390971
# 130195	330510	4516.84		387158
# 130195	350600	3795.49		325328
# 130195	350950	4082.20		349903
# 130195	351060	4165.28		357024
# 130195	351380	4204.39		360377
# 130195	351620	3835.95		328796
# 130195	351870	4275.41		366464
# 130195	351880	4194.65		359542
# 130195	352310	4216.45		361410
# 130195	352590	4127.42		353779
# 130195	352690	4010.79		343783
# 130195	352940	4220.99		361799
# 130195	353060	4237.51		363215
# 130195	353440	4170.11		357438
# 130195	353870	3996.28		342539
# 130195	354100	4257.07		364892
# 130195	354340	3839.91		329135
# 130195	354780	4212.00		361029
# 130195	354850	4259.79		365125
# 130195	354870	4214.28		361225
# 130195	354980	3619.39		310234
# 130195	354990	4244.78		363839
# 130195	355030	4199.15		359927
# 130195	355100	4257.74		364949
# 130195	355220	4090.64		350627
# 130195	355410	4269.69		365974
# 130195	410480	3627.82		310957
# 130195	410690	4088.18		350416
# 130195	411370	3667.03		314317
# 130195	411520	3598.54		308447
# 130195	411990	3960.93		339509
# 130195	412550	4107.06		352035
# 130195	420240	4270.35		366030
# 130195	420540	4393.95		376625
# 130195	420910	4223.94		362053
# 130195	430460	4428.42		379580
# 130195	430510	4336.66		371714
# 130195	431440	4565.16		391300
# 130195	431490	4437.86		380389
# 130195	500270	2999.33		257086
# 130195	510340	2340.00		200572
# 130195	520110	3318.00		284401
# 130195	520140	3314.17		284072
# 130195	520870	3300.99		282942
# 130195	530010	3429.74		293979
# 130300	110020	1503.92		128908
# 130300	120040	2100.67		180058
# 130300	130260	533.62		45739
# 130300	140010	993.04		85119
# 130300	150080	1305.49		111899
# 130300	150140	1285.56		110191
# 130300	160030	946.83		81158
# 130300	172100	1792.94		153681
# 130300	211130	1932.53		165646
# 130300	221100	2207.44		189210
# 130300	230370	2817.92		241537
# 130300	230440	2828.53		242446
# 130300	240810	3379.39		289662
# 130300	250400	3325.61		285053
# 130300	250750	3475.79		297925
# 130300	260410	3352.31		287341
# 130300	260790	3503.99		300342
# 130300	260960	3506.19		300531
# 130300	261070	3501.35		300116
# 130300	261110	2749.81		235698
# 130300	261160	3504.31		300370
# 130300	270430	3453.83		296043
# 130300	280030	3328.25		285279
# 130300	291080	3153.58		270308
# 130300	292740	3274.76		280694
# 130300	293330	3135.97		268798
# 130300	310620	3379.17		289644
# 130300	310670	3359.48		287956
# 130300	311860	3366.96		288597
# 130300	313670	3657.87		313533
# 130300	314330	2997.80		256955
# 130300	315460	3343.95		286625
# 130300	317010	3034.37		260089
# 130300	317020	2904.84		248986
# 130300	320130	3754.54		321818
# 130300	320500	3750.99		321514
# 130300	320520	3770.24		323164
# 130300	320530	3764.96		322712
# 130300	330045	3781.73		324149
# 130300	330100	3834.39		328662
# 130300	330170	3792.84		325101
# 130300	330330	3825.60		327909
# 130300	330350	3777.72		323805
# 130300	330390	3767.49		322928
# 130300	330455	3810.88		326647
# 130300	330490	3820.70		327489
# 130300	330510	3789.30		324798
# 130300	350600	3341.34		286401
# 130300	350950	3539.98		303427
# 130300	351060	3642.01		312173
# 130300	351380	3676.68		315145
# 130300	351620	3188.07		273264
# 130300	351870	3743.24		320850
# 130300	351880	3651.60		312995
# 130300	352310	3664.49		314099
# 130300	352590	3589.82		307699
# 130300	352690	3469.79		297411
# 130300	352940	3683.93		315766
# 130300	353060	3679.73		315406
# 130300	353440	3643.70		312317
# 130300	353870	3477.28		298053
# 130300	354100	3733.17		319986
# 130300	354340	3250.38		278605
# 130300	354780	3678.12		315268
# 130300	354850	3728.42		319579
# 130300	354870	3683.85		315759
# 130300	354980	3105.36		266174
# 130300	354990	3654.03		313203
# 130300	355030	3663.03		313975
# 130300	355100	3730.85		319788
# 130300	355220	3599.13		308497
# 130300	355410	3655.45		313325
# 130300	410480	3576.77		306580
# 130300	410690	3786.35		324544
# 130300	411370	3393.08		290836
# 130300	411520	3382.62		289939
# 130300	411990	3698.36		317003
# 130300	412550	3805.70		326203
# 130300	420240	4015.96		344225
# 130300	420540	4137.06		354606
# 130300	420910	3933.45		337154
# 130300	430460	4393.73		376606
# 130300	430510	4279.49		366814
# 130300	431440	4641.75		397865
# 130300	431490	4409.13		377926
# 130300	500270	2861.98		245313
# 130300	510340	2085.29		178740
# 130300	520110	2501.80		214441
# 130300	520140	2549.13		218498
# 130300	520870	2527.05		216605
# 130300	530010	2513.22		215420
# 130360	110020	1312.90		112534
# 130360	120040	1549.67		132830
# 130360	140010	844.18		72359
# 130360	150080	2595.82		222500
# 130360	150140	2577.98		220970
# 130360	150680	1633.40		140006
# 130360	160030	2174.36		186374
# 130360	172100	2993.20		256560
# 130360	211130	3240.97		277798
# 130360	221100	3528.19		302417
# 130360	230370	4132.65		354228
# 130360	230440	4143.10		355123
# 130360	240810	4699.65		402827
# 130360	250400	4645.52		398188
# 130360	250750	4796.14		411098
# 130360	260410	4668.94		400195
# 130360	260790	4822.01		413316
# 130360	260960	4824.81		413555
# 130360	261070	4820.09		413151
# 130360	261110	4047.93		346966
# 130360	261160	4822.70		413374
# 130360	270430	4763.58		408307
# 130360	280030	4624.16		396357
# 130360	291080	4424.34		379230
# 130360	292740	4537.61		388939
# 130360	293330	4345.50		372472
# 130360	310620	4422.80		379097
# 130360	310670	4396.09		376808
# 130360	311860	4407.33		377771
# 130360	313670	4674.19		400645
# 130360	314330	4118.14		352984
# 130360	315460	4387.77		376095
# 130360	317010	3970.76		340351
# 130360	317020	3850.93		330080
# 130360	320130	4860.99		416657
# 130360	320500	4861.94		416738
# 130360	320520	4877.36		418060
# 130360	320530	4871.99		417599
# 130360	330045	4775.31		409313
# 130360	330100	4893.54		419446
# 130360	330170	4787.88		410390
# 130360	330330	4823.59		413451
# 130360	330350	4770.13		408869
# 130360	330390	4771.49		408986
# 130360	330455	4805.85		411931
# 130360	330490	4821.31		413256
# 130360	330510	4782.73		409949
# 130360	350600	4179.56		358248
# 130360	350950	4432.07		379892
# 130360	351060	4527.35		388059
# 130360	351380	4565.42		391322
# 130360	351620	4123.16		353414
# 130360	351870	4636.29		397397
# 130360	351880	4547.62		389796
# 130360	352310	4565.55		391333
# 130360	352590	4481.07		384092
# 130360	352690	4358.95		373625
# 130360	352940	4577.78		392382
# 130360	353060	4584.27		392938
# 130360	353440	4530.75		388350
# 130360	353870	4355.06		373292
# 130360	354100	4621.59		396137
# 130360	354340	4157.37		356347
# 130360	354780	4570.13		391726
# 130360	354850	4620.62		396053
# 130360	354870	4574.23		392078
# 130360	354980	3966.58		339993
# 130360	354990	4574.90		392134
# 130360	355030	4555.76		390494
# 130360	355100	4620.77		396066
# 130360	355220	4466.33		382829
# 130360	355410	4588.44		393295
# 130360	410480	4196.36		359688
# 130360	410690	4556.50		390558
# 130360	411370	4133.72		354319
# 130360	411520	4089.94		350566
# 130360	411990	4443.74		380893
# 130360	412550	4576.20		392247
# 130360	420240	4766.67		408572
# 130360	420540	4892.58		419364
# 130360	420910	4701.84		403015
# 130360	430460	5029.38		431090
# 130360	430510	4925.22		422162
# 130360	431440	5217.82		447243
# 130360	431490	5041.69		432146
# 130360	500270	3498.39		299862
# 130360	510340	2730.21		234019
# 130360	520110	3494.20		299503
# 130360	520140	3517.51		301501
# 130360	520870	3498.93		299909
# 130360	530010	3556.58		304850
# 130380	110020	1434.86		122988
# 130380	120040	1535.99		131657
# 130380	140010	1098.77		94181
# 130380	150080	2918.62		250168
# 130380	150140	2900.90		248649
# 130380	150680	1956.54		167704
# 130380	160030	2494.04		213775
# 130380	172100	3292.95		282254
# 130380	211130	3564.47		305526
# 130380	221100	3850.89		330077
# 130380	230370	4456.28		381967
# 130380	230440	4466.73		382863
# 130380	240810	5022.85		430531
# 130380	250400	4967.40		425778
# 130380	250750	5118.31		438713
# 130380	260410	4989.40		427663
# 130380	260790	5142.98		440827
# 130380	260960	5146.03		441089
# 130380	261070	5141.37		440690
# 130380	261110	4363.58		374021
# 130380	261160	5143.82		440899
# 130380	270430	5081.84		435587
# 130380	280030	4938.83		423329
# 130380	291080	4733.38		405719
# 130380	292740	4844.75		415265
# 130380	293330	4641.74		397864
# 130380	310620	4685.12		401582
# 130380	310670	4657.15		399184
# 130380	311860	4669.08		400207
# 130380	313670	4929.51		422530
# 130380	314330	4397.38		376919
# 130380	315460	4650.33		398600
# 130380	317010	4214.92		361280
# 130380	317020	4098.08		351264
# 130380	320130	5134.17		440073
# 130380	320500	5136.07		440235
# 130380	320520	5150.62		441482
# 130380	320530	5145.25		441022
# 130380	330045	5025.34		430744
# 130380	330100	5156.67		442001
# 130380	330170	5038.14		431841
# 130380	330330	5074.26		434937
# 130380	330350	5019.94		430281
# 130380	330390	5023.72		430605
# 130380	330455	5056.00		433372
# 130380	330490	5072.55		434791
# 130380	330510	5032.68		431373
# 130380	350600	4402.04		377318
# 130380	350950	4663.39		399720
# 130380	351060	4756.52		407702
# 130380	351380	4795.00		411000
# 130380	351620	4365.75		374208
# 130380	351870	4866.24		417106
# 130380	351880	4778.85		409616
# 130380	352310	4797.69		411231
# 130380	352590	4711.83		403872
# 130380	352690	4590.26		393451
# 130380	352940	4808.34		412144
# 130380	353060	4817.00		412887
# 130380	353440	4760.24		408021
# 130380	353870	4584.07		392921
# 130380	354100	4850.68		415773
# 130380	354340	4394.03		376632
# 130380	354780	4800.36		411460
# 130380	354850	4850.50		415758
# 130380	354870	4804.09		411779
# 130380	354980	4195.85		359645
# 130380	354990	4811.09		412379
# 130380	355030	4786.25		410250
# 130380	355100	4850.18		415730
# 130380	355220	4692.22		402191
# 130380	355410	4827.04		413747
# 130380	410480	4372.88		374819
# 130380	410690	4761.23		408106
# 130380	411370	4336.56		371705
# 130380	411520	4286.34		367401
# 130380	411990	4644.30		398083
# 130380	412550	4780.83		409786
# 130380	420240	4965.37		425603
# 130380	420540	5091.24		436392
# 130380	420910	4904.89		420419
# 130380	430460	5200.59		445765
# 130380	430510	5099.60		437109
# 130380	431440	5374.02		460631
# 130380	431490	5212.10		446752
# 130380	500270	3688.61		316167
# 130380	510340	2938.35		251859
# 130380	520110	3753.55		321733
# 130380	520140	3772.16		323329
# 130380	520870	3754.43		321809
# 130380	530010	3824.79		327840
# 130406	110020	1181.12		101239
# 130406	120040	954.16		81786
# 130406	140010	1813.43		155438
# 130406	150080	3384.42		290094
# 130406	150140	3364.00		288343
# 130406	150680	2383.11		204267
# 130406	160030	3012.25		258194
# 130406	172100	3459.61		296539
# 130406	211130	3994.57		342393
# 130406	221100	4212.82		361099
# 130406	230370	4859.51		416530
# 130406	230440	4870.49		417471
# 130406	240810	5385.77		461638
# 130406	250400	5296.39		453977
# 130406	250750	5451.61		467281
# 130406	260410	5293.99		453771
# 130406	260790	5453.79		467468
# 130406	260960	5460.98		468084
# 130406	261070	5457.36		467774
# 130406	261110	4620.47		396040
# 130406	261160	5457.14		467755
# 130406	270430	5356.52		459130
# 130406	280030	5178.19		443846
# 130406	291080	4929.16		422500
# 130406	292740	5025.10		430723
# 130406	293330	4757.14		407756
# 130406	310620	4641.64		397855
# 130406	310670	4609.16		395072
# 130406	311860	4623.62		396311
# 130406	313670	4854.25		416079
# 130406	314330	4431.66		379857
# 130406	315460	4608.46		395011
# 130406	317010	4113.12		352554
# 130406	317020	4009.80		343698
# 130406	320130	5128.18		439559
# 130406	320500	5134.16		440072
# 130406	320520	5144.71		440975
# 130406	320530	5139.42		440522
# 130406	330045	4928.59		422451
# 130406	330100	5108.23		437849
# 130406	330170	4942.03		423603
# 130406	330330	4979.10		426781
# 130406	330350	4922.50		421929
# 130406	330390	4935.15		423014
# 130406	330455	4959.17		425072
# 130406	330490	4979.50		426815
# 130406	330510	4935.54		423047
# 130406	350600	4223.05		361977
# 130406	350950	4507.79		386383
# 130406	351060	4592.01		393601
# 130406	351380	4631.12		396954
# 130406	351620	4254.93		364709
# 130406	351870	4702.26		403051
# 130406	351880	4620.74		396064
# 130406	352310	4642.27		397910
# 130406	352590	4553.42		390293
# 130406	352690	4436.08		380236
# 130406	352940	4647.42		398351
# 130406	353060	4663.19		399702
# 130406	353440	4596.74		394007
# 130406	353870	4422.39		379063
# 130406	354100	4684.16		401500
# 130406	354340	4261.99		365314
# 130406	354780	4638.52		397588
# 130406	354850	4686.61		401710
# 130406	354870	4640.95		397796
# 130406	354980	4043.56		346591
# 130406	354990	4669.08		400208
# 130406	355030	4625.53		396474
# 130406	355100	4684.72		401548
# 130406	355220	4518.22		387277
# 130406	355410	4693.04		402261
# 130406	410480	4060.99		348085
# 130406	410690	4520.53		387474
# 130406	411370	4098.92		351336
# 130406	411520	4031.16		345528
# 130406	411990	4393.60		376594
# 130406	412550	4539.45		389096
# 130406	420240	4703.45		403153
# 130406	420540	4827.13		413754
# 130406	420910	4656.65		399142
# 130406	430460	4860.10		416580
# 130406	430510	4768.90		408763
# 130406	431440	4993.48		428013
# 130406	431490	4869.40		417377
# 130406	500270	3431.51		294130
# 130406	510340	2762.31		236770
# 130406	520110	3720.08		318865
# 130406	520140	3720.23		318877
# 130406	520870	3706.19		317674
# 130406	530010	3824.74		327835
# 130420	110020	854.67		73258
# 130420	120040	1137.87		97532
# 130420	140010	1147.92		98393
# 130420	150080	2560.02		219431
# 130420	150140	2539.76		217694
# 130420	150680	1559.61		133682
# 130420	160030	2188.32		187571
# 130420	172100	2740.79		234925
# 130420	211130	3175.60		272194
# 130420	221100	3410.52		292331
# 130420	230370	4047.83		346957
# 130420	230440	4058.70		347889
# 130420	240810	4586.25		393107
# 130420	250400	4508.12		386411
# 130420	250750	4662.15		399613
# 130420	260410	4515.03		387003
# 130420	260790	4672.77		400524
# 130420	260960	4678.37		401003
# 130420	261070	4674.34		400658
# 130420	261110	3860.04		330861
# 130420	261160	4675.15		400728
# 130420	270430	4590.33		393457
# 130420	280030	4427.96		379540
# 130420	291080	4200.71		360061
# 130420	292740	4305.53		369046
# 130420	293330	4075.99		349371
# 130420	310620	4077.26		349480
# 130420	310670	4048.45		347010
# 130420	311860	4060.84		348073
# 130420	313670	4317.10		370038
# 130420	314330	3805.67		326201
# 130420	315460	4042.67		346515
# 130420	317010	3598.11		308410
# 130420	317020	3482.50		298500
# 130420	320130	4534.73		388692
# 130420	320500	4537.54		388933
# 130420	320520	4551.23		390106
# 130420	320530	4545.86		389646
# 130420	330045	4410.30		378027
# 130420	330100	4548.89		389905
# 130420	330170	4423.19		379131
# 130420	330330	4459.48		382242
# 130420	330350	4404.82		377557
# 130420	330390	4409.68		377973
# 130420	330455	4441.00		380657
# 130420	330490	4458.02		382117
# 130420	330510	4417.61		378653
# 130420	350600	3781.07		324093
# 130420	350950	4043.20		346560
# 130420	351060	4136.02		354517
# 130420	351380	4174.54		357818
# 130420	351620	3748.30		321283
# 130420	351870	4245.81		363927
# 130420	351880	4158.61		356453
# 130420	352310	4177.59		358079
# 130420	352590	4091.54		350704
# 130420	352690	3970.08		340293
# 130420	352940	4188.00		358972
# 130420	353060	4196.99		359742
# 130420	353440	4139.78		354839
# 130420	353870	3963.58		339736
# 130420	354100	4230.15		362585
# 130420	354340	3774.92		323565
# 130420	354780	4179.98		358285
# 130420	354850	4230.07		362578
# 130420	354870	4183.66		358600
# 130420	354980	3575.48		306470
# 130420	354990	4191.73		359291
# 130420	355030	4165.91		357078
# 130420	355100	4229.69		362545
# 130420	355220	4071.42		348979
# 130420	355410	4208.23		360706
# 130420	410480	3761.52		322417
# 130420	410690	4141.54		354990
# 130420	411370	3717.09		318608
# 130420	411520	3668.24		314421
# 130420	411990	4025.37		345032
# 130420	412550	4161.16		356671
# 130420	420240	4346.94		372595
# 130420	420540	4472.85		383387
# 130420	420910	4285.53		367331
# 130420	430460	4591.98		393599
# 130420	430510	4489.51		384816
# 130420	431440	4773.37		409146
# 130420	431490	4603.88		394619
# 130420	500270	3071.90		263306
# 130420	510340	2317.69		198660
# 130420	520110	3144.93		269566
# 130420	520140	3160.61		270910
# 130420	520870	3143.39		269434
# 130420	530010	3222.90		276249
# 150070	110020	2469.46		211668
# 150070	120040	3099.33		265657
# 150070	130260	1601.88		137304
# 150070	140010	1770.07		151720
# 150070	150080	253.29		21711
# 150070	150140	239.20		20503
# 150070	150680	776.23		66534
# 150070	172100	1450.37		124318
# 150070	211130	911.63		78140
# 150070	221100	1280.94		109795
# 150070	230370	1807.68		154945
# 150070	230440	1817.54		155790
# 150070	240810	2401.45		205839
# 150070	250400	2389.91		204850
# 150070	250750	2529.88		216848
# 150070	260410	2448.20		209846
# 150070	260790	2585.53		221618
# 150070	260960	2582.29		221340
# 150070	261070	2576.29		220825
# 150070	261110	1964.83		168415
# 150070	261160	2582.58		221364
# 150070	270430	2587.43		221780
# 150070	280030	2523.61		216310
# 150070	291080	2438.36		209003
# 150070	292740	2574.97		220712
# 150070	293330	2573.88		220619
# 150070	310620	3090.70		264917
# 150070	310670	3083.21		264276
# 150070	311860	3084.44		264381
# 150070	313670	3386.22		290248
# 150070	314330	2621.57		224707
# 150070	315460	3058.33		262143
# 150070	317010	2931.17		251243
# 150070	317020	2804.38		240376
# 150070	320130	3339.62		286254
# 150070	320500	3328.97		285341
# 150070	320520	3353.20		287418
# 150070	320530	3348.43		287009
# 150070	330045	3532.41		302778
# 150070	330100	3487.65		298942
# 150070	330170	3540.71		303490
# 150070	330330	3567.03		305746
# 150070	330350	3530.29		302597
# 150070	330390	3504.84		300415
# 150070	330455	3557.52		304931
# 150070	330490	3558.88		305047
# 150070	330510	3539.63		303397
# 150070	350600	3326.23		285106
# 150070	350950	3441.77		295010
# 150070	351060	3543.24		303706
# 150070	351380	3570.88		306076
# 150070	351620	3069.57		263106
# 150070	351870	3626.77		310866
# 150070	351880	3538.97		303341
# 150070	352310	3544.58		303822
# 150070	352590	3488.29		298996
# 150070	352690	3381.52		289845
# 150070	352940	3571.28		306110
# 150070	353060	3554.26		304652
# 150070	353440	3542.70		303661
# 150070	353870	3402.18		291616
# 150070	354100	3623.14		310555
# 150070	354340	3161.35		270973
# 150070	354780	3568.20		305846
# 150070	354850	3614.18		309787
# 150070	354870	3575.46		306468
# 150070	354980	3088.21		264704
# 150070	354990	3510.25		300879
# 150070	355030	3553.48		304585
# 150070	355100	3619.19		310217
# 150070	355220	3525.86		302217
# 150070	355410	3496.17		299672
# 150070	410480	3768.64		323027
# 150070	410690	3807.57		326364
# 150070	411370	3480.98		298370
# 150070	411520	3506.21		300532
# 150070	411990	3753.41		321721
# 150070	412550	3824.98		327856
# 150070	420240	4040.35		346316
# 150070	420540	4147.72		355519
# 150070	420910	3945.08		338150
# 150070	430460	4508.85		386474
# 150070	430510	4392.22		376476
# 150070	431440	4798.28		411282
# 150070	431490	4526.26		387966
# 150070	500270	3114.62		266968
# 150070	510340	2458.13		210697
# 150070	520110	2394.40		205235
# 150070	520140	2468.26		211566
# 150070	520870	2444.80		209555
# 150070	530010	2327.11		199467
# 150110	110020	2364.66		202686
# 150110	120040	2998.46		257011
# 150110	130260	1536.27		131681
# 150110	140010	1783.92		152908
# 150110	150140	277.40		23777
# # 150110	150680	705.24		60450
# 150110	160030	327.66		28086
# 150110	172100	1319.51		113101
# 150110	211130	926.27		79395
# 150110	221100	1254.40		107520
# 150110	230370	1820.25		156022
# 150110	230440	1830.53		156903
# 150110	240810	2401.17		205815
# 150110	250400	2374.15		203499
# 150110	250750	2518.10		215838
# 150110	260410	2422.71		207661
# 150110	260790	2564.97		219855
# 150110	260960	2563.42		219722
# 150110	261070	2557.77		219238
# 150110	261110	1905.48		163327
# 150110	261160	2563.03		219688
# 150110	270430	2551.93		218737
# 150110	280030	2472.59		211937
# 150110	291080	2368.21		202990
# 150110	292740	2502.80		214526
# 150110	293330	2479.48		212528
# 150110	310620	2968.40		254435
# 150110	310670	2959.83		253700
# 150110	311860	2961.60		253852
# 150110	313670	3263.62		279740
# 150110	314330	2505.12		214725
# 150110	315460	2935.65		251627
# 150110	317010	2794.97		239569
# 150110	317020	2667.56		228649
# 150110	320130	3230.77		276924
# 150110	320500	3220.86		276074
# 150110	320520	3244.63		278112
# 150110	320530	3239.79		277697
# 150110	330045	3408.43		292152
# 150110	330100	3372.28		289053
# 150110	330170	3416.99		292886
# 150110	330330	3443.93		295195
# 150110	330350	3406.16		291957
# 150110	330390	3381.88		289876
# 150110	330455	3433.96		294340
# 150110	330490	3436.03		294517
# 150110	330510	3415.71		292776
# 150110	350600	3186.62		273140
# 150110	350950	3306.88		283447
# 150110	351060	3408.65		292170
# 150110	351380	3436.78		294582
# 150110	351620	2934.75		251550
# 150110	351870	3493.48		299442
# 150110	351880	3405.21		291876
# 150110	352310	3411.29		292397
# 150110	352590	3353.72		287462
# 150110	352690	3245.88		278219
# 150110	352940	3437.61		294653
# 150110	353060	3421.35		293259
# 150110	353440	3408.24		292136
# 150110	353870	3265.85		279930
# 150110	354100	3489.44		299095
# 150110	354340	3025.11		259295
# 150110	354780	3434.35		294374
# 150110	354850	3480.72		298348
# 150110	354870	3441.53		294989
# 150110	354980	2948.09		252694
# 150110	354990	3378.40		289578
# 150110	355030	3419.57		293107
# 150110	355100	3485.58		298765
# 150110	355220	3389.75		290550
# 150110	355410	3365.32		288457
# 150110	410480	3622.66		310514
# 150110	410690	3667.31		314341
# 150110	411370	3337.53		286074
# 150110	411520	3361.67		288143
# 150110	411990	3611.62		309568
# 150110	412550	3684.84		315844
# 150110	420240	3900.34		334315
# 150110	420540	4008.52		343588
# 150110	420910	3805.50		326186
# 150110	430460	4365.82		374214
# 150110	430510	4249.14		364212
# 150110	431440	4654.15		398927
# 150110	431490	4383.18		375701
# 150110	500270	2967.17		254329
# 150110	510340	2311.13		198097
# 150110	520110	2256.20		193389
# 150110	520140	2329.04		199632
# 150110	520870	2305.54		197618
# 150110	530010	2193.18		187987
# 150180	110020	2343.54		200875
# 150180	120040	2975.71		255062
# 150180	130260	1500.60		128624
# 150180	140010	1734.29		148654
# 150180	150140	311.73		26721
# # 150180	150680	669.87		57418
# 150180	160030	284.04		24347
# 150180	172100	1359.10		116494
# 150180	211130	970.25		83165
# 150180	221100	1303.99		111771
# 150180	230370	1865.38		159890
# 150180	230440	1875.60		160766
# 150180	240810	2448.36		209860
# 150180	250400	2423.10		207695
# 150180	250750	2566.67		220001
# 150180	260410	2472.52		211930
# 150180	260790	2614.39		224091
# 150180	260960	2612.70		223946
# 150180	261070	2607.01		223458
# 150180	261110	1956.52		167703
# 150180	261160	2612.36		223917
# 150180	270430	2602.40		223063
# 150180	280030	2523.59		216309
# 150180	291080	2419.00		207344
# 150180	292740	2553.50		218872
# 150180	293330	2528.24		216707
# 150180	310620	3010.83		258071
# 150180	310670	3001.88		257305
# 150180	311860	3003.84		257473
# 150180	313670	3305.90		283363
# 150180	314330	2549.47		218527
# 150180	315460	2977.95		255253
# 150180	317010	2830.94		242652
# 150180	317020	2703.15		231699
# 150180	320130	3276.89		280877
# 150180	320500	3267.15		280042
# 150180	320520	3290.82		282071
# 150180	320530	3285.96		281654
# 150180	330045	3450.19		295731
# 150180	330100	3416.78		292868
# 150180	330170	3458.85		296473
# 150180	330330	3486.01		298801
# 150180	330350	3447.86		295531
# 150180	330390	3424.02		293488
# 150180	330455	3475.87		297932
# 150180	330490	3478.19		298131
# 150180	330510	3457.49		296357
# 150180	350600	3220.07		276006
# 150180	350950	3343.55		286591
# 150180	351060	3445.49		295328
# 150180	351380	3473.91		297764
# 150180	351620	2971.53		254703
# 150180	351870	3531.05		302662
# 150180	351880	3442.53		295075
# 150180	352310	3448.87		295618
# 150180	352590	3390.58		290621
# 150180	352690	3282.12		281325
# 150180	352940	3474.97		297855
# 150180	353060	3459.13		296497
# 150180	353440	3445.16		295300
# 150180	353870	3301.64		282998
# 150180	354100	3526.78		302296
# 150180	354340	3061.00		262372
# 150180	354780	3471.62		297568
# 150180	354850	3518.19		301560
# 150180	354870	3478.76		298180
# 150180	354980	2981.15		255528
# 150180	354990	3416.75		292865
# 150180	355030	3456.80		296298
# 150180	355100	3522.98		301970
# 150180	355220	3425.66		293628
# 150180	355410	3404.17		291787
# 150180	410480	3648.53		312732
# 150180	410690	3700.13		317155
# 150180	411370	3367.21		288619
# 150180	411520	3389.94		290567
# 150180	411990	3643.06		312263
# 150180	412550	3717.76		318666
# 150180	420240	3933.35		337145
# 150180	420540	4042.18		346473
# 150180	420910	3838.87		329046
# 150180	430460	4395.86		376789
# 150180	430510	4279.15		366785
# 150180	431440	4682.84		401386
# 150180	431490	4413.16		378272
# 150180	500270	2988.98		256199
# 150180	510340	2324.89		199277
# 150180	520110	2290.93		196366
# 150180	520140	2362.98		202541
# 150180	520870	2339.46		200526
# 150180	530010	2230.68		191201
# 150300	110020	1502.66		128800
# 150300	120040	2098.71		179890
# 150300	130260	530.01		45430
# 150300	140010	987.71		84661
# 150300	150140	1289.95		110567
# # 150300	150680	318.55		27304
# 150300	160030	950.05		81433
# 150300	172100	1798.46		154154
# 150300	211130	1937.30		166055
# 150300	221100	2212.66		189657
# 150300	230370	2822.86		241960
# 150300	230440	2833.46		242869
# 150300	240810	3384.53		290103
# 150300	250400	3330.90		285506
# 150300	250750	3481.06		298377
# 150300	260410	3357.69		287803
# 150300	260790	3509.34		300801
# 150300	260960	3511.53		300988
# 150300	261070	3506.68		300573
# 150300	261110	2755.35		236173
# 150300	261160	3509.65		300828
# 150300	270430	3459.29		296511
# 150300	280030	3333.80		285755
# 150300	291080	3159.19		270788
# 150300	292740	3280.36		281174
# 150300	293330	3141.55		269276
# 150300	310620	3384.37		290089
# 150300	310670	3364.66		288400
# 150300	311860	3372.15		289042
# 150300	313670	3663.01		313973
# 150300	314330	3003.19		257417
# 150300	315460	3349.15		287070
# 150300	317010	3039.19		260502
# 150300	317020	2909.67		249401
# 150300	320130	3759.93		322280
# 150300	320500	3756.39		321977
# 150300	320520	3775.63		323626
# 150300	320530	3770.36		323174
# 150300	330045	3786.81		324584
# 150300	330100	3839.66		329114
# 150300	330170	3797.92		325537
# 150300	330330	3830.69		328345
# 150300	330350	3782.79		324240
# 150300	330390	3772.60		323366
# 150300	330455	3815.96		327083
# 150300	330490	3825.80		327926
# 150300	330510	3794.38		325233
# 150300	350600	3345.84		286787
# 150300	350950	3544.70		303832
# 150300	351060	3646.72		312577
# 150300	351380	3681.40		315549
# 150300	351620	3192.90		273678
# 150300	351870	3747.99		321257
# 150300	351880	3656.34		313401
# 150300	352310	3669.25		314508
# 150300	352590	3594.54		308104
# 150300	352690	3474.49		297814
# 150300	352940	3688.67		316173
# 150300	353060	3684.51		315816
# 150300	353440	3648.41		312722
# 150300	353870	3481.94		298453
# 150300	354100	3737.89		320391
# 150300	354340	3255.12		279011
# 150300	354780	3682.86		315674
# 150300	354850	3733.16		319986
# 150300	354870	3688.58		316165
# 150300	354980	3109.91		266565
# 150300	354990	3658.86		313617
# 150300	355030	3667.77		314381
# 150300	355100	3735.59		320194
# 150300	355220	3603.77		308895
# 150300	355410	3660.33		313743
# 150300	410480	3580.47		306898
# 150300	410690	3790.66		324914
# 150300	411370	3397.23		291191
# 150300	411520	3386.63		290283
# 150300	411990	3702.57		317364
# 150300	412550	3810.02		326573
# 150300	420240	4020.23		344591
# 150300	420540	4141.37		354975
# 150300	420910	3937.78		337524
# 150300	430460	4397.62		376939
# 150300	430510	4283.40		367149
# 150300	431440	4645.45		398182
# 150300	431490	4413.01		378259
# 150300	500270	2865.59		245622
# 150300	510340	2088.62		179025
# 150300	520110	2506.74		214864
# 150300	520140	2553.99		218914
# 150300	520870	2531.92		217022
# 150300	530010	2518.34		215858
# 150390	110020	1578.64		135312
# 150390	120040	2182.31		187056
# 150390	130260	628.00		53829
# 150390	140010	1052.05		90176
# 150390	150080	1209.04		103633
# 150390	150140	1189.08		101921
# 150390	160030	855.91		73365
# 150390	172100	1728.39		148148
# 150390	211130	1836.30		157397
# 150390	221100	2114.29		181226
# 150390	230370	2722.36		233345
# 150390	230440	2732.94		234253
# 150390	240810	3285.31		281598
# 150390	250400	3233.43		277152
# 150390	250750	3383.23		289992
# 150390	260410	3261.73		279577
# 150390	260790	3412.81		292527
# 150390	260960	3414.74		292692
# 150390	261070	3409.84		292272
# 150390	261110	2664.52		228388
# 150390	261160	3412.96		292540
# 150390	270430	3365.35		288459
# 150390	280030	3243.07		277978
# 150390	291080	3073.35		263430
# 150390	292740	3195.76		273923
# 150390	293330	3065.55		262762
# 150390	310620	3329.71		285405
# 150390	310670	3310.91		283793
# 150390	311860	3317.93		284394
# 150390	313670	3610.76		309494
# 150390	314330	2940.03		252003
# 150390	315460	3294.58		282393
# 150390	317010	2998.50		257015
# 150390	317020	2868.50		245872
# 150390	320130	3696.59		316851
# 150390	320500	3692.49		316500
# 150390	320520	3712.17		318187
# 150390	320530	3706.92		317737
# 150390	330045	3736.81		320299
# 150390	330100	3781.90		324163
# 150390	330170	3747.73		321235
# 150390	330330	3780.07		324007
# 150390	330350	3732.94		319967
# 150390	330390	3721.45		318982
# 150390	330455	3765.73		322777
# 150390	330490	3774.90		323563
# 150390	330510	3744.38		320947
# 150390	350600	3314.53		284103
# 150390	350950	3506.77		300581
# 150390	351060	3609.14		309355
# 150390	351380	3643.33		312286
# 150390	351620	3151.66		270143
# 150390	351870	3709.22		317934
# 150390	351880	3617.58		310079
# 150390	352310	3629.90		311134
# 150390	352590	3556.52		304845
# 150390	352690	3437.16		294614
# 150390	352940	3650.03		312860
# 150390	353060	3644.73		312406
# 150390	353440	3610.64		309484
# 150390	353870	3445.81		295356
# 150390	354100	3699.66		317114
# 150390	354340	3216.76		275723
# 150390	354780	3644.43		312380
# 150390	354850	3694.54		316675
# 150390	354870	3650.31		312884
# 150390	354980	3077.28		263767
# 150390	354990	3617.38		310062
# 150390	355030	3629.32		311085
# 150390	355100	3697.20		316903
# 150390	355220	3568.29		305854
# 150390	355410	3617.52		310073
# 150390	410480	3569.86		305989
# 150390	410690	3764.48		322670
# 150390	411370	3375.75		289350
# 150390	411520	3368.53		288732
# 150390	411990	3679.23		315363
# 150390	412550	3783.73		324320
# 150390	420240	3995.12		342439
# 150390	420540	4115.36		352746
# 150390	420910	3911.22		335248
# 150390	430460	4382.20		375618
# 150390	430510	4267.44		365781
# 150390	431440	4634.66		397257
# 150390	431490	4397.83		376957
# 150390	500270	2857.67		244944
# 150390	510340	2087.58		178936
# 150390	520110	2462.28		211053
# 150390	520140	2512.19		215331
# 150390	520870	2489.83		213415
# 150390	530010	2467.32		211485
# 150450	110020	2302.55		197362
# 150450	120040	2934.65		251542
# 150450	130260	1461.13		125240
# 150450	140010	1707.34		146344
# 150450	150080	371.77		31866
# 150450	150680	630.19		54017
# 150450	160030	291.29		24968
# 150450	172100	1352.07		115893
# 150450	211130	1005.14		86156
# 150450	221100	1331.42		114122
# 150450	230370	1899.29		162797
# 150450	230440	1909.56		163677
# 150450	240810	2479.96		212569
# 150450	250400	2451.87		210160
# 150450	250750	2596.15		222528
# 150450	260410	2499.29		214225
# 150450	260790	2642.13		226468
# 150450	260960	2640.77		226353
# 150450	261070	2635.16		225871
# 150450	261110	1975.60		169338
# 150450	261160	2640.30		226312
# 150450	270430	2626.94		225167
# 150450	280030	2544.46		218097
# 150450	291080	2434.77		208695
# 150450	292740	2568.60		220166
# 150450	293330	2536.20		217389
# 150450	310620	3006.98		257742
# 150450	310670	2997.50		256929
# 150450	311860	2999.73		257120
# 150450	313670	3301.79		283011
# 150450	314330	2548.63		218455
# 150450	315460	2973.92		254908
# 150450	317010	2819.14		241641
# 150450	317020	2690.97		230655
# 150450	320130	3278.99		281057
# 150450	320500	3269.56		280248
# 150450	320520	3293.03		282261
# 150450	320530	3288.15		281842
# 150450	330045	3445.34		295316
# 150450	330100	3416.04		292804
# 150450	330170	3454.12		296068
# 150450	330330	3481.59		298422
# 150450	330350	3442.92		295108
# 150450	330390	3419.69		293117
# 150450	330455	3471.22		297533
# 150450	330490	3473.90		297763
# 150450	330510	3452.66		295943
# 150450	350600	3205.58		274765
# 150450	350950	3332.45		285639
# 150450	351060	3434.55		294391
# 150450	351380	3463.29		296854
# 150450	351620	2960.61		253767
# 150450	351870	3520.92		301794
# 150450	351880	3432.14		294184
# 150450	352310	3438.76		294752
# 150450	352590	3379.67		289686
# 150450	352690	3270.53		280332
# 150450	352940	3464.62		296968
# 150450	353060	3449.26		295652
# 150450	353440	3434.31		294370
# 150450	353870	3289.57		281964
# 150450	354100	3516.39		301406
# 150450	354340	3049.08		261350
# 150450	354780	3461.15		296671
# 150450	354850	3507.96		300683
# 150450	354870	3468.24		297278
# 150450	354980	2966.33		254257
# 150450	354990	3407.55		292076
# 150450	355030	3446.31		295398
# 150450	355100	3512.65		301085
# 150450	355220	3413.70		292604
# 150450	355410	3395.57		291050
# 150450	410480	3627.26		310909
# 150450	410690	3684.98		315856
# 150450	411370	3349.18		287073
# 150450	411520	3370.68		288916
# 150450	411990	3626.60		310852
# 150450	412550	3702.70		317375
# 150450	420240	3918.35		335859
# 150450	420540	4027.81		345241
# 150450	420910	3824.24		327792
# 150450	430460	4378.05		375262
# 150450	430510	4261.31		365256
# 150450	431440	4663.81		399755
# 150450	431490	4395.29		376740
# 150450	500270	2964.72		254119
# 150450	510340	2295.52		196759
# 150450	520110	2277.96		195254
# 150450	520140	2349.17		201358
# 150450	520870	2325.64		199341
# 150450	530010	2220.73		190349
# 150580	110020	2278.49		195300
# 150580	120040	2911.05		249519
# 150580	130260	1442.70		123661
# 150580	140010	1702.60		145938
# 150580	150080	391.43		33551
# 150580	150680	611.65		52428
# 150580	160030	310.49		26614
# 150580	172100	1335.44		114467
# 150580	211130	1018.36		87289
# 150580	221100	1337.56		114649
# 150580	230370	1911.22		163820
# 150580	230440	1921.56		164705
# 150580	240810	2489.57		213392
# 150580	250400	2458.90		210763
# 150580	250750	2603.79		223183
# 150580	260410	2504.61		214681
# 150580	260790	2648.24		226993
# 150580	260960	2647.19		226902
# 150580	261070	2641.63		226426
# 150580	261110	1975.01		169287
# 150580	261160	2646.59		226851
# 150580	270430	2630.42		225465
# 150580	280030	2545.10		218152
# 150580	291080	2431.72		208434
# 150580	292740	2565.07		219864
# 150580	293330	2527.95		216682
# 150580	310620	2991.76		256437
# 150580	310670	2981.99		255599
# 150580	311860	2984.36		255803
# 150580	313670	3286.40		281692
# 150580	314330	2535.11		217296
# 150580	315460	2958.61		253596
# 150580	317010	2799.88		239990
# 150580	317020	2671.55		228990
# 150580	320130	3267.10		280037
# 150580	320500	3257.84		279244
# 150580	320520	3281.20		281247
# 150580	320530	3276.30		280826
# 150580	330045	3429.55		293962
# 150580	330100	3402.50		291644
# 150580	330170	3438.40		294721
# 150580	330330	3466.03		297088
# 150580	330350	3427.09		293751
# 150580	330390	3404.18		291787
# 150580	330455	3455.53		296189
# 150580	330490	3458.40		296435
# 150580	330510	3436.88		294590
# 150580	350600	3185.07		273006
# 150580	350950	3313.50		284014
# 150580	351060	3415.67		292773
# 150580	351380	3444.56		295249
# 150580	351620	2941.77		252152
# 150580	351870	3502.44		300209
# 150580	351880	3413.52		292588
# 150580	352310	3420.29		293168
# 150580	352590	3360.81		288070
# 150580	352690	3251.35		278688
# 150580	352940	3446.03		295374
# 150580	353060	3430.90		294078
# 150580	353440	3415.48		292756
# 150580	353870	3270.16		280300
# 150580	354100	3497.78		299810
# 150580	354340	3029.75		259694
# 150580	354780	3442.50		295072
# 150580	354850	3489.42		299094
# 150580	354870	3449.57		295678
# 150580	354980	2945.67		252487
# 150580	354990	3389.52		290531
# 150580	355030	3427.64		293798
# 150580	355100	3494.07		299492
# 150580	355220	3394.34		290944
# 150580	355410	3377.85		289530
# 150580	410480	3603.92		308908
# 150580	410690	3664.14		314070
# 150580	411370	3327.13		285183
# 150580	411520	3348.12		286982
# 150580	411990	3605.19		309017
# 150580	412550	3681.90		315592
# 150580	420240	3897.58		334079
# 150580	420540	4007.31		343484
# 150580	420910	3803.63		326026
# 150580	430460	4356.05		373376
# 150580	430510	4239.31		363370
# 150580	431440	4641.31		397827
# 150580	431490	4373.27		374852
# 150580	500270	2940.32		252028
# 150580	510340	2269.65		194542
# 150580	520110	2258.20		193560
# 150580	520140	2329.01		199630
# 150580	520870	2305.48		197613
# 150580	530010	2202.43		188780
# 150797	110020	1538.60		131881
# 150797	120040	2137.02		183173
# 150797	130260	571.45		48982
# 150797	140010	1006.06		86234
# 150797	150080	1268.71		108747
# 150797	150140	1248.88		107047
# 150797	160030	908.98		77913
# 150797	172100	1776.26		152251
# 150797	211130	1897.21		162619
# 150797	221100	2175.18		186445
# 150797	230370	2783.50		238586
# 150797	230440	2794.08		239493
# 150797	240810	3346.39		286834
# 150797	250400	3294.08		282351
# 150797	250750	3443.99		295200
# 150797	260410	3321.90		284734
# 150797	260790	3473.17		297701
# 150797	260960	3475.19		297874
# 150797	261070	3470.30		297455
# 150797	261110	2722.65		233370
# 150797	261160	3473.38		297719
# 150797	270430	3424.78		293553
# 150797	280030	3301.17		282958
# 150797	291080	3129.24		268221
# 150797	292740	3251.08		278664
# 150797	293330	3116.63		267140
# 150797	310620	3369.52		288816
# 150797	310670	3350.21		287162
# 150797	311860	3357.49		287786
# 150797	313670	3649.27		312795
# 150797	314330	2984.40		255806
# 150797	315460	3334.34		285801
# 150797	317010	3030.51		259758
# 150797	317020	2900.76		248637
# 150797	320130	3741.12		320668
# 150797	320500	3737.31		320342
# 150797	320520	3756.76		322009
# 150797	320530	3751.50		321557
# 150797	330045	3774.09		323494
# 150797	330100	3823.43		327723
# 150797	330170	3785.11		324439
# 150797	330330	3817.69		327231
# 150797	330350	3770.14		323155
# 150797	330390	3759.36		322231
# 150797	330455	3803.14		325984
# 150797	330490	3812.68		326801
# 150797	330510	3781.66		324142
# 150797	350600	3341.24		286393
# 150797	350950	3537.27		303195
# 150797	351060	3639.45		311954
# 150797	351380	3673.93		314909
# 150797	351620	3184.00		272915
# 150797	351870	3740.21		320590
# 150797	351880	3648.57		312735
# 150797	352310	3661.22		313819
# 150797	352590	3587.08		307464
# 150797	352690	3467.32		297199
# 150797	352940	3680.95		315510
# 150797	353060	3676.29		315111
# 150797	353440	3641.06		312092
# 150797	353870	3475.29		297883
# 150797	354100	3730.35		319745
# 150797	354340	3247.48		278356
# 150797	354780	3675.23		315020
# 150797	354850	3725.45		319325
# 150797	354870	3681.02		315517
# 150797	354980	3104.72		266120
# 150797	354990	3649.90		312849
# 150797	355030	3660.12		313725
# 150797	355100	3727.98		319541
# 150797	355220	3597.41		308350
# 150797	355410	3650.78		312924
# 150797	410480	3584.56		307249
# 150797	410690	3788.29		324711
# 150797	411370	3396.80		291154
# 150797	411520	3387.61		290367
# 150797	411990	3701.39		317263
# 150797	412550	3807.60		326366
# 150797	420240	4018.33		344429
# 150797	420540	4139.10		354780
# 150797	420910	3935.26		337308
# 150797	430460	4399.80		377126
# 150797	430510	4285.35		367316
# 150797	431440	4649.55		398533
# 150797	431490	4415.29		378454
# 150797	500270	2870.69		246060
# 150797	510340	2096.35		179687
# 150797	520110	2496.33		213972
# 150797	520140	2544.76		218122
# 150797	520870	2522.56		216220
# 150797	530010	2505.03		214717
;

end; 

