NIVEL	CODIGO	DESTINO	POP ATENDIDA	Physicians	Nurses	OtherCadres	CommunityBased	MRIUnit	Mammography	Radiotherapy
1,290010,Abaira,9456.00,3.88,23.92,11.82,46.15,0.00,0.00,0.00,0.00,0.00
1,290020,Abare,21370.00,8.76,54.07,26.71,104.29,0.00,0.00,0.00,0.00,0.00
1,290035,Adustina,18102.00,7.42,45.80,22.63,88.34,0.00,0.00,0.00,0.00,0.00
1,290050,Erico_Cardoso,11499.00,4.71,29.09,14.37,56.12,0.00,0.00,0.00,0.00,0.00
1,290070,Alagoinhas,195870.00,80.31,495.55,244.84,955.85,0.00,0.00,0.00,0.00,0.00
1,290100,Amargosa,39940.00,16.38,101.05,49.92,194.91,0.00,0.00,0.00,0.00,0.00
1,290110,Amelia_Rodrigues,41188.00,16.89,104.21,51.48,201.00,0.00,0.00,0.00,0.00,0.00
1,290115,America_Dourada,17361.00,7.12,43.92,21.70,84.72,0.00,0.00,0.00,0.00,0.00
1,290120,Anage,19623.00,8.05,49.65,24.53,95.76,0.00,0.00,0.00,0.00,0.00
1,290130,Andarai,14186.00,5.82,35.89,17.73,69.23,0.00,0.00,0.00,0.00,0.00
1,290135,Andorinha,15844.00,6.50,40.09,19.80,77.32,0.00,0.00,0.00,0.00,0.00
1,290140,Angical,15118.00,6.20,38.25,18.90,73.78,0.00,0.00,0.00,0.00,0.00
1,290150,Anguera,12017.00,4.93,30.40,15.02,58.64,0.00,0.00,0.00,0.00,0.00
1,290160,Antas,48307.00,19.81,122.22,60.38,235.74,0.00,0.00,0.00,0.00,0.00
1,290200,Aracatu,14268.00,5.85,36.10,17.84,69.63,0.00,0.00,0.00,0.00,0.00
1,290240,Aurelino_Leal,12699.00,5.21,32.13,15.87,61.97,0.00,0.00,0.00,0.00,0.00
1,290250,Baianopolis,14910.00,6.11,37.72,18.64,72.76,0.00,0.00,0.00,0.00,0.00
1,290260,Baixa_Grande,22097.00,9.06,55.91,27.62,107.83,0.00,0.00,0.00,0.00,0.00
1,290265,Banzae,14255.00,5.84,36.07,17.82,69.56,0.00,0.00,0.00,0.00,0.00
1,290270,Barra,57412.00,23.54,145.25,71.77,280.17,0.00,0.00,0.00,0.00,0.00
1,290280,Barra_Da_Estiva,22448.00,9.20,56.79,28.06,109.55,0.00,0.00,0.00,0.00,0.00
1,290290,Barra_Do_Choca,34533.00,14.16,87.37,43.17,168.52,0.00,0.00,0.00,0.00,0.00
1,290320,Barreiras,165914.00,68.02,419.76,207.39,809.66,0.00,0.00,0.00,0.00,0.00
1,290323,Barro_Alto,15965.00,6.55,40.39,19.96,77.91,0.00,0.00,0.00,0.00,0.00
1,290327,Barrocas,17091.00,7.01,43.24,21.36,83.40,0.00,0.00,0.00,0.00,0.00
1,290330,Barro_Preto,15910.00,6.52,40.25,19.89,77.64,0.00,0.00,0.00,0.00,0.00
1,290340,Belmonte,25037.00,10.27,63.34,31.30,122.18,0.00,0.00,0.00,0.00,0.00
1,290350,Belo_Campo,36590.00,15.00,92.57,45.74,178.56,0.00,0.00,0.00,0.00,0.00
1,290370,Boa_Nova,13970.00,5.73,35.34,17.46,68.17,0.00,0.00,0.00,0.00,0.00
1,290380,Boa_Vista_Do_Tupim,20085.00,8.23,50.82,25.11,98.01,0.00,0.00,0.00,0.00,0.00
1,290390,Bom_Jesus_Da_Lapa,73998.00,30.34,187.21,92.50,361.11,0.00,0.00,0.00,0.00,0.00
1,290395,Bom_Jesus_Da_Serra,10723.00,4.40,27.13,13.40,52.33,0.00,0.00,0.00,0.00,0.00
1,290400,Boninal,15410.00,6.32,38.99,19.26,75.20,0.00,0.00,0.00,0.00,0.00
1,290405,Bonito,17944.00,7.36,45.40,22.43,87.57,0.00,0.00,0.00,0.00,0.00
1,290410,Boquira,23210.00,9.52,58.72,29.01,113.26,0.00,0.00,0.00,0.00,0.00
1,290430,Brejoes,15499.00,6.35,39.21,19.37,75.64,0.00,0.00,0.00,0.00,0.00
1,290440,Brejolandia,11317.00,4.64,28.63,14.15,55.23,0.00,0.00,0.00,0.00,0.00
1,290450,Brotas_De_Macaubas,11153.00,4.57,28.22,13.94,54.43,0.00,0.00,0.00,0.00,0.00
1,290460,Brumado,72314.00,29.65,182.95,90.39,352.89,0.00,0.00,0.00,0.00,0.00
1,290475,Buritirama,22722.00,9.32,57.49,28.40,110.88,0.00,0.00,0.00,0.00,0.00
1,290480,Caatiba,7596.00,3.11,19.22,9.49,37.07,0.00,0.00,0.00,0.00,0.00
1,290500,Cacule,35022.00,14.36,88.61,43.78,170.91,0.00,0.00,0.00,0.00,0.00
1,290515,Caetanos,16743.00,6.86,42.36,20.93,81.71,0.00,0.00,0.00,0.00,0.00
1,290520,Caetite,54856.00,22.49,138.79,68.57,267.70,0.00,0.00,0.00,0.00,0.00
1,290530,Cafarnaum,19798.00,8.12,50.09,24.75,96.61,0.00,0.00,0.00,0.00,0.00
1,290540,Cairu,19320.00,7.92,48.88,24.15,94.28,0.00,0.00,0.00,0.00,0.00
1,290560,Camacan,48232.00,19.78,122.03,60.29,235.37,0.00,0.00,0.00,0.00,0.00
1,290590,Campo_Alegre_De_Lourdes,31110.00,12.76,78.71,38.89,151.82,0.00,0.00,0.00,0.00,0.00
1,290600,Campo_Formoso,89117.00,36.54,225.47,111.40,434.89,0.00,0.00,0.00,0.00,0.00
1,290610,Canapolis,10482.00,4.30,26.52,13.10,51.15,0.00,0.00,0.00,0.00,0.00
1,290620,Canarana,28064.00,11.51,71.00,35.08,136.95,0.00,0.00,0.00,0.00,0.00
1,290630,Canavieiras,33760.00,13.84,85.41,42.20,164.75,0.00,0.00,0.00,0.00,0.00
1,290650,Candeias,93485.00,38.33,236.52,116.86,456.21,0.00,0.00,0.00,0.00,0.00
1,290660,Candiba,15389.00,6.31,38.93,19.24,75.10,0.00,0.00,0.00,0.00,0.00
1,290670,Candido_Sales,27322.00,11.20,69.12,34.15,133.33,0.00,0.00,0.00,0.00,0.00
1,290680,Cansancao,37516.00,15.38,94.92,46.90,183.08,0.00,0.00,0.00,0.00,0.00
1,290682,Canudos,18068.00,7.41,45.71,22.59,88.17,0.00,0.00,0.00,0.00,0.00
1,290685,Capela_Do_Alto_Alegre,20991.00,8.61,53.11,26.24,102.44,0.00,0.00,0.00,0.00,0.00
1,290687,Capim_Grosso,58613.00,24.03,148.29,73.27,286.03,0.00,0.00,0.00,0.00,0.00
1,290689,Caraibas,9822.00,4.03,24.85,12.28,47.93,0.00,0.00,0.00,0.00,0.00
1,290690,Caravelas,23660.00,9.70,59.86,29.57,115.46,0.00,0.00,0.00,0.00,0.00
1,290710,Carinhanha,31240.00,12.81,79.04,39.05,152.45,0.00,0.00,0.00,0.00,0.00
1,290720,Casa_Nova,76972.00,31.56,194.74,96.22,375.62,0.00,0.00,0.00,0.00,0.00
1,290750,Catu,106332.00,43.60,269.02,132.91,518.90,0.00,0.00,0.00,0.00,0.00
1,290755,Caturama,21183.00,8.69,53.59,26.48,103.37,0.00,0.00,0.00,0.00,0.00
1,290760,Central,18607.00,7.63,47.08,23.26,90.80,0.00,0.00,0.00,0.00,0.00
1,290770,Chorrocho,12030.00,4.93,30.44,15.04,58.71,0.00,0.00,0.00,0.00,0.00
1,290780,Cicero_Dantas,69063.00,28.32,174.73,86.33,337.03,0.00,0.00,0.00,0.00,0.00
1,290800,Coaraci,35971.00,14.75,91.01,44.96,175.54,0.00,0.00,0.00,0.00,0.00
1,290810,Cocos,20218.00,8.29,51.15,25.27,98.66,0.00,0.00,0.00,0.00,0.00
1,290820,Conceicao_Da_Feira,114670.00,47.01,290.12,143.34,559.59,0.00,0.00,0.00,0.00,0.00
1,290830,Conceicao_Do_Almeida,60170.00,24.67,152.23,75.21,293.63,0.00,0.00,0.00,0.00,0.00
1,290850,Conceicao_Do_Jacuipe,43576.00,17.87,110.25,54.47,212.65,0.00,0.00,0.00,0.00,0.00
1,290860,Conde,27643.00,11.33,69.94,34.55,134.90,0.00,0.00,0.00,0.00,0.00
1,290870,Condeuba,27938.00,11.45,70.68,34.92,136.34,0.00,0.00,0.00,0.00,0.00
1,290880,Contendas_Do_Sincora,4407.00,1.81,11.15,5.51,21.51,0.00,0.00,0.00,0.00,0.00
1,290890,Coracao_De_Maria,24504.00,10.05,62.00,30.63,119.58,0.00,0.00,0.00,0.00,0.00
1,290910,Coribe,15359.00,6.30,38.86,19.20,74.95,0.00,0.00,0.00,0.00,0.00
1,290920,Coronel_Joao_Sa,17042.00,6.99,43.12,21.30,83.16,0.00,0.00,0.00,0.00,0.00
1,290930,Correntina,34601.00,14.19,87.54,43.25,168.85,0.00,0.00,0.00,0.00,0.00
1,290940,Cotegipe,14880.00,6.10,37.65,18.60,72.61,0.00,0.00,0.00,0.00,0.00
1,290960,Crisopolis,58071.00,23.81,146.92,72.59,283.39,0.00,0.00,0.00,0.00,0.00
1,290970,Cristopolis,14962.00,6.13,37.85,18.70,73.01,0.00,0.00,0.00,0.00,0.00
1,290990,Curaca,37090.00,15.21,93.84,46.36,181.00,0.00,0.00,0.00,0.00,0.00
1,291000,Dario_Meira,11763.00,4.82,29.76,14.70,57.40,0.00,0.00,0.00,0.00,0.00
1,291010,Dom_Basilio,13110.00,5.38,33.17,16.39,63.98,0.00,0.00,0.00,0.00,0.00
1,291030,Elisio_Medrado,18351.00,7.52,46.43,22.94,89.55,0.00,0.00,0.00,0.00,0.00
1,291040,Encruzilhada,18975.00,7.78,48.01,23.72,92.60,0.00,0.00,0.00,0.00,0.00
1,291050,Entre_Rios,94671.00,38.82,239.52,118.34,461.99,0.00,0.00,0.00,0.00,0.00
1,291070,Euclides_Da_Cunha,64542.00,26.46,163.29,80.68,314.96,0.00,0.00,0.00,0.00,0.00
1,291072,Eunapolis,121140.00,49.67,306.48,151.43,591.16,0.00,0.00,0.00,0.00,0.00
1,291077,Feira_Da_Mata,6113.00,2.51,15.47,7.64,29.83,0.00,0.00,0.00,0.00,0.00
1,291080,Feira_De_Santana,670429.00,274.88,1696.19,838.04,3271.69,0.00,0.00,0.00,0.00,0.00
1,291085,Filadelfia,17699.00,7.26,44.78,22.12,86.37,0.00,0.00,0.00,0.00,0.00
1,291110,Formosa_Do_Rio_Preto,27299.00,11.19,69.07,34.12,133.22,0.00,0.00,0.00,0.00,0.00
1,291120,Gandu,50758.00,20.81,128.42,63.45,247.70,0.00,0.00,0.00,0.00,0.00
1,291130,Gentio_Do_Ouro,12086.00,4.96,30.58,15.11,58.98,0.00,0.00,0.00,0.00,0.00
1,291150,Gongogi,7848.00,3.22,19.86,9.81,38.30,0.00,0.00,0.00,0.00,0.00
1,291170,Guanambi,90613.00,37.15,229.25,113.27,442.19,0.00,0.00,0.00,0.00,0.00
1,291190,Iacu,26420.00,10.83,66.84,33.02,128.93,0.00,0.00,0.00,0.00,0.00
1,291210,Ibicarai,35268.00,14.46,89.23,44.09,172.11,0.00,0.00,0.00,0.00,0.00
1,291220,Ibicoara,20866.00,8.56,52.79,26.08,101.83,0.00,0.00,0.00,0.00,0.00
1,291230,Ibicui,23475.00,9.62,59.39,29.34,114.56,0.00,0.00,0.00,0.00,0.00
1,291240,Ibipeba,34510.00,14.15,87.31,43.14,168.41,0.00,0.00,0.00,0.00,0.00
1,291250,Ibipitanga,16023.00,6.57,40.54,20.03,78.19,0.00,0.00,0.00,0.00,0.00
1,291260,Ibiquera,4361.00,1.79,11.03,5.45,21.28,0.00,0.00,0.00,0.00,0.00
1,291270,Ibirapitanga,25177.00,10.32,63.70,31.47,122.86,0.00,0.00,0.00,0.00,0.00
1,291280,Ibirapua,9255.00,3.79,23.42,11.57,45.16,0.00,0.00,0.00,0.00,0.00
1,291300,Ibitiara,30753.00,12.61,77.81,38.44,150.07,0.00,0.00,0.00,0.00,0.00
1,291310,Ibitita,18497.00,7.58,46.80,23.12,90.27,0.00,0.00,0.00,0.00,0.00
1,291320,Ibotirama,28955.00,11.87,73.26,36.19,141.30,0.00,0.00,0.00,0.00,0.00
1,291330,Ichu,24204.00,9.92,61.24,30.25,118.12,0.00,0.00,0.00,0.00,0.00
1,291340,Igapora,54866.00,22.50,138.81,68.58,267.75,0.00,0.00,0.00,0.00,0.00
1,291345,Igrapiuna,52434.00,21.50,132.66,65.54,255.88,0.00,0.00,0.00,0.00,0.00
1,291360,Ilheus,177792.00,72.89,449.81,222.24,867.62,0.00,0.00,0.00,0.00,0.00
1,291370,Inhambupe,42602.00,17.47,107.78,53.25,207.90,0.00,0.00,0.00,0.00,0.00
1,291380,Ipecaeta,32021.00,13.13,81.01,40.03,156.26,0.00,0.00,0.00,0.00,0.00
1,291390,Ipiau,87118.00,35.72,220.41,108.90,425.14,0.00,0.00,0.00,0.00,0.00
1,291400,Ipira,64457.00,26.43,163.08,80.57,314.55,0.00,0.00,0.00,0.00,0.00
1,291410,Ipupiara,10588.00,4.34,26.79,13.23,51.67,0.00,0.00,0.00,0.00,0.00
1,291420,Irajuba,7812.00,3.20,19.76,9.77,38.12,0.00,0.00,0.00,0.00,0.00
1,291430,Iramaia,9592.00,3.93,24.27,11.99,46.81,0.00,0.00,0.00,0.00,0.00
1,291440,Iraquara,26901.00,11.03,68.06,33.63,131.28,0.00,0.00,0.00,0.00,0.00
1,291450,Irara,58619.00,24.03,148.31,73.27,286.06,0.00,0.00,0.00,0.00,0.00
1,291460,Irece,78072.00,32.01,197.52,97.59,380.99,0.00,0.00,0.00,0.00,0.00
1,291465,Itabela,55442.00,22.73,140.27,69.30,270.56,0.00,0.00,0.00,0.00,0.00
1,291470,Itaberaba,69378.00,28.44,175.53,86.72,338.56,0.00,0.00,0.00,0.00,0.00
1,291480,Itabuna,249286.00,102.21,630.69,311.61,1216.52,0.00,0.00,0.00,0.00,0.00
1,291490,Itacare,30082.00,12.33,76.11,37.60,146.80,0.00,0.00,0.00,0.00,0.00
1,291500,Itaete,17256.00,7.07,43.66,21.57,84.21,0.00,0.00,0.00,0.00,0.00
1,291530,Itagimirim,18573.00,7.61,46.99,23.22,90.64,0.00,0.00,0.00,0.00,0.00
1,291535,Itaguacu_Da_Bahia,15435.00,6.33,39.05,19.29,75.32,0.00,0.00,0.00,0.00,0.00
1,291550,Itajuipe,44454.00,18.23,112.47,55.57,216.94,0.00,0.00,0.00,0.00,0.00
1,291560,Itamaraju,69589.00,28.53,176.06,86.99,339.59,0.00,0.00,0.00,0.00,0.00
1,291570,Itamari,16641.00,6.82,42.10,20.80,81.21,0.00,0.00,0.00,0.00,0.00
1,291580,Itambe,25193.00,10.33,63.74,31.49,122.94,0.00,0.00,0.00,0.00,0.00
1,291590,Itanagra,6951.00,2.85,17.59,8.69,33.92,0.00,0.00,0.00,0.00,0.00
1,291600,Itanhem,21031.00,8.62,53.21,26.29,102.63,0.00,0.00,0.00,0.00,0.00
1,291610,Itaparica,69911.00,28.66,176.87,87.39,341.17,0.00,0.00,0.00,0.00,0.00
1,291640,Itapetinga,81398.00,33.37,205.94,101.75,397.22,0.00,0.00,0.00,0.00,0.00
1,291680,Itarantim,21189.00,8.69,53.61,26.49,103.40,0.00,0.00,0.00,0.00,0.00
1,291685,Itatim,15566.00,6.38,39.38,19.46,75.96,0.00,0.00,0.00,0.00,0.00
1,291690,Itirucu,13616.00,5.58,34.45,17.02,66.45,0.00,0.00,0.00,0.00,0.00
1,291700,Itiuba,38896.00,15.95,98.41,48.62,189.81,0.00,0.00,0.00,0.00,0.00
1,291710,Itororo,21975.00,9.01,55.60,27.47,107.24,0.00,0.00,0.00,0.00,0.00
1,291720,Ituacu,20373.00,8.35,51.54,25.47,99.42,0.00,0.00,0.00,0.00,0.00
1,291730,Itubera,30692.00,12.58,77.65,38.37,149.78,0.00,0.00,0.00,0.00,0.00
1,291733,Iuiu,11831.00,4.85,29.93,14.79,57.74,0.00,0.00,0.00,0.00,0.00
1,291735,Jaborandi,9163.00,3.76,23.18,11.45,44.72,0.00,0.00,0.00,0.00,0.00
1,291740,Jacaraci,28975.00,11.88,73.31,36.22,141.40,0.00,0.00,0.00,0.00,0.00
1,291750,Jacobina,96817.00,39.69,244.95,121.02,472.47,0.00,0.00,0.00,0.00,0.00
1,291760,Jaguaquara,67356.00,27.62,170.41,84.19,328.70,0.00,0.00,0.00,0.00,0.00
1,291800,Jequie,172090.00,70.56,435.39,215.11,839.80,0.00,0.00,0.00,0.00,0.00
1,291810,Jeremoabo,43392.00,17.79,109.78,54.24,211.75,0.00,0.00,0.00,0.00,0.00
1,291830,Jitauna,25887.00,10.61,65.49,32.36,126.33,0.00,0.00,0.00,0.00,0.00
1,291835,Joao_Dourado,56229.00,23.05,142.26,70.29,274.40,0.00,0.00,0.00,0.00,0.00
1,291840,Juazeiro,232085.00,95.15,587.18,290.11,1132.57,0.00,0.00,0.00,0.00,0.00
1,291845,Jucurucu,10000.00,4.10,25.30,12.50,48.80,0.00,0.00,0.00,0.00,0.00
1,291850,Jussara,16509.00,6.77,41.77,20.64,80.56,0.00,0.00,0.00,0.00,0.00
1,291855,Jussari,24474.00,10.03,61.92,30.59,119.43,0.00,0.00,0.00,0.00,0.00
1,291860,Jussiape,6909.00,2.83,17.48,8.64,33.72,0.00,0.00,0.00,0.00,0.00
1,291875,Lagoa_Real,16777.00,6.88,42.45,20.97,81.87,0.00,0.00,0.00,0.00,0.00
1,291890,Lajedao,4243.00,1.74,10.73,5.30,20.71,0.00,0.00,0.00,0.00,0.00
1,291900,Lajedinho,4107.00,1.68,10.39,5.13,20.04,0.00,0.00,0.00,0.00,0.00
1,291905,Lajedo_Do_Tabocal,9217.00,3.78,23.32,11.52,44.98,0.00,0.00,0.00,0.00,0.00
1,291920,Lauro_De_Freitas,210419.00,86.27,532.36,263.02,1026.84,0.00,0.00,0.00,0.00,0.00
1,291930,Lencois,12204.00,5.00,30.88,15.26,59.56,0.00,0.00,0.00,0.00,0.00
1,291940,Licinio_De_Almeida,13380.00,5.49,33.85,16.73,65.29,0.00,0.00,0.00,0.00,0.00
1,291950,Livramento_De_Nossa_Senhora,48953.00,20.07,123.85,61.19,238.89,0.00,0.00,0.00,0.00,0.00
1,291955,Luis_Eduardo_Magalhaes,91410.00,37.48,231.27,114.26,446.08,0.00,0.00,0.00,0.00,0.00
1,291960,Macajuba,12257.00,5.03,31.01,15.32,59.81,0.00,0.00,0.00,0.00,0.00
1,291970,Macarani,20052.00,8.22,50.73,25.07,97.85,0.00,0.00,0.00,0.00,0.00
1,291980,Macaubas,53360.00,21.88,135.00,66.70,260.40,0.00,0.00,0.00,0.00,0.00
1,291990,Macurure,8480.00,3.48,21.45,10.60,41.38,0.00,0.00,0.00,0.00,0.00
1,291992,Madre_De_Deus,22366.00,9.17,56.59,27.96,109.15,0.00,0.00,0.00,0.00,0.00
1,291995,Maetinga,17345.00,7.11,43.88,21.68,84.64,0.00,0.00,0.00,0.00,0.00
1,292000,Maiquinique,10803.00,4.43,27.33,13.50,52.72,0.00,0.00,0.00,0.00,0.00
1,292010,Mairi,20226.00,8.29,51.17,25.28,98.70,0.00,0.00,0.00,0.00,0.00
1,292020,Malhada,18152.00,7.44,45.92,22.69,88.58,0.00,0.00,0.00,0.00,0.00
1,292030,Malhada_De_Pedras,33390.00,13.69,84.48,41.74,162.94,0.00,0.00,0.00,0.00,0.00
1,292040,Manoel_Vitorino,14449.00,5.92,36.56,18.06,70.51,0.00,0.00,0.00,0.00,0.00
1,292045,Mansidao,14610.00,5.99,36.96,18.26,71.30,0.00,0.00,0.00,0.00,0.00
1,292050,Maracas,22968.00,9.42,58.11,28.71,112.08,0.00,0.00,0.00,0.00,0.00
1,292070,Marau,22130.00,9.07,55.99,27.66,107.99,0.00,0.00,0.00,0.00,0.00
1,292080,Marcionilio_Souza,11254.00,4.61,28.47,14.07,54.92,0.00,0.00,0.00,0.00,0.00
1,292090,Mascote,15025.00,6.16,38.01,18.78,73.32,0.00,0.00,0.00,0.00,0.00
1,292100,Mata_De_Sao_Joao,135572.00,55.58,343.00,169.47,661.59,0.00,0.00,0.00,0.00,0.00
1,292105,Matina,13068.00,5.36,33.06,16.34,63.77,0.00,0.00,0.00,0.00,0.00
1,292110,Medeiros_Neto,24439.00,10.02,61.83,30.55,119.26,0.00,0.00,0.00,0.00,0.00
1,292120,Miguel_Calmon,28214.00,11.57,71.38,35.27,137.68,0.00,0.00,0.00,0.00,0.00
1,292130,Milagres,20688.00,8.48,52.34,25.86,100.96,0.00,0.00,0.00,0.00,0.00
1,292140,Mirangaba,19624.00,8.05,49.65,24.53,95.77,0.00,0.00,0.00,0.00,0.00
1,292145,Mirante,9539.00,3.91,24.13,11.92,46.55,0.00,0.00,0.00,0.00,0.00
1,292150,Monte_Santo,53458.00,21.92,135.25,66.82,260.88,0.00,0.00,0.00,0.00,0.00
1,292160,Morpara,9213.00,3.78,23.31,11.52,44.96,0.00,0.00,0.00,0.00,0.00
1,292170,Morro_Do_Chapeu,38162.00,15.65,96.55,47.70,186.23,0.00,0.00,0.00,0.00,0.00
1,292190,Mucuge,9970.00,4.09,25.22,12.46,48.65,0.00,0.00,0.00,0.00,0.00
1,292200,Mucuri,44459.00,18.23,112.48,55.57,216.96,0.00,0.00,0.00,0.00,0.00
1,292210,Mundo_Novo,28662.00,11.75,72.51,35.83,139.87,0.00,0.00,0.00,0.00,0.00
1,292225,Muquem_De_Sao_Francisco,12166.00,4.99,30.78,15.21,59.37,0.00,0.00,0.00,0.00,0.00
1,292240,Mutuipe,49391.00,20.25,124.96,61.74,241.03,0.00,0.00,0.00,0.00,0.00
1,292250,Nazare,68219.00,27.97,172.59,85.27,332.91,0.00,0.00,0.00,0.00,0.00
1,292265,Nordestina,14124.00,5.79,35.73,17.66,68.93,0.00,0.00,0.00,0.00,0.00
1,292270,Nova_Canaa,46721.00,19.16,118.20,58.40,228.00,0.00,0.00,0.00,0.00,0.00
1,292285,Nova_Redencao,9831.00,4.03,24.87,12.29,47.98,0.00,0.00,0.00,0.00,0.00
1,292290,Nova_Soure,26417.00,10.83,66.84,33.02,128.91,0.00,0.00,0.00,0.00,0.00
1,292300,Nova_Vicosa,46324.00,18.99,117.20,57.91,226.06,0.00,0.00,0.00,0.00,0.00
1,292310,Olindina,68388.00,28.04,173.02,85.48,333.73,0.00,0.00,0.00,0.00,0.00
1,292320,Oliveira_Dos_Brejinhos,23553.00,9.66,59.59,29.44,114.94,0.00,0.00,0.00,0.00,0.00
1,292335,Ourolandia,18755.00,7.69,47.45,23.44,91.52,0.00,0.00,0.00,0.00,0.00
1,292340,Palmas_De_Monte_Alto,23408.00,9.60,59.22,29.26,114.23,0.00,0.00,0.00,0.00,0.00
1,292350,Palmeiras,9665.00,3.96,24.45,12.08,47.17,0.00,0.00,0.00,0.00,0.00
1,292360,Paramirim,23208.00,9.52,58.72,29.01,113.26,0.00,0.00,0.00,0.00,0.00
1,292370,Paratinga,34355.00,14.09,86.92,42.94,167.65,0.00,0.00,0.00,0.00,0.00
1,292380,Paripiranga,31230.00,12.80,79.01,39.04,152.40,0.00,0.00,0.00,0.00,0.00
1,292390,Pau_Brasil,10765.00,4.41,27.24,13.46,52.53,0.00,0.00,0.00,0.00,0.00
1,292400,Paulo_Afonso,142608.00,58.47,360.80,178.26,695.93,0.00,0.00,0.00,0.00,0.00
1,292405,Pe_De_Serra,14669.00,6.01,37.11,18.34,71.58,0.00,0.00,0.00,0.00,0.00
1,292420,Pedro_Alexandre,18859.00,7.73,47.71,23.57,92.03,0.00,0.00,0.00,0.00,0.00
1,292430,Piata,18625.00,7.64,47.12,23.28,90.89,0.00,0.00,0.00,0.00,0.00
1,292440,Pilao_Arcado,37195.00,15.25,94.10,46.49,181.51,0.00,0.00,0.00,0.00,0.00
1,292450,Pindai,17509.00,7.18,44.30,21.89,85.44,0.00,0.00,0.00,0.00,0.00
1,292460,Pindobacu,21791.00,8.93,55.13,27.24,106.34,0.00,0.00,0.00,0.00,0.00
1,292465,Pintadas,11305.00,4.64,28.60,14.13,55.17,0.00,0.00,0.00,0.00,0.00
1,292470,Piripa,11812.00,4.84,29.88,14.77,57.64,0.00,0.00,0.00,0.00,0.00
1,292480,Piritiba,26465.00,10.85,66.96,33.08,129.15,0.00,0.00,0.00,0.00,0.00
1,292490,Planaltino,10000.00,4.10,25.30,12.50,48.80,0.00,0.00,0.00,0.00,0.00
1,292510,Pocoes,78684.00,32.26,199.07,98.36,383.98,0.00,0.00,0.00,0.00,0.00
1,292520,Pojuca,42112.00,17.27,106.54,52.64,205.51,0.00,0.00,0.00,0.00,0.00
1,292525,Ponto_Novo,16191.00,6.64,40.96,20.24,79.01,0.00,0.00,0.00,0.00,0.00
1,292530,Porto_Seguro,158142.00,64.84,400.10,197.68,771.73,0.00,0.00,0.00,0.00,0.00
1,292540,Potiragua,8142.00,3.34,20.60,10.18,39.73,0.00,0.00,0.00,0.00,0.00
1,292550,Prado,54575.00,22.38,138.07,68.22,266.33,0.00,0.00,0.00,0.00,0.00
1,292560,Presidente_Dutra,16309.00,6.69,41.26,20.39,79.59,0.00,0.00,0.00,0.00,0.00
1,292580,Queimadas,27444.00,11.25,69.43,34.30,133.93,0.00,0.00,0.00,0.00,0.00
1,292590,Quijingue,29696.00,12.18,75.13,37.12,144.92,0.00,0.00,0.00,0.00,0.00
1,292595,Rafael_Jambeiro,24386.00,10.00,61.70,30.48,119.00,0.00,0.00,0.00,0.00,0.00
1,292600,Remanso,44436.00,18.22,112.42,55.55,216.85,0.00,0.00,0.00,0.00,0.00
1,292610,Retirolandia,96560.00,39.59,244.30,120.70,471.21,0.00,0.00,0.00,0.00,0.00
1,292620,Riachao_Das_Neves,24098.00,9.88,60.97,30.12,117.60,0.00,0.00,0.00,0.00,0.00
1,292630,Riachao_Do_Jacuipe,36027.00,14.77,91.15,45.03,175.81,0.00,0.00,0.00,0.00,0.00
1,292650,Ribeira_Do_Amparo,34449.00,14.12,87.16,43.06,168.11,0.00,0.00,0.00,0.00,0.00
1,292660,Ribeira_Do_Pombal,57116.00,23.42,144.50,71.39,278.73,0.00,0.00,0.00,0.00,0.00
1,292665,Ribeirao_Do_Largo,6799.00,2.79,17.20,8.50,33.18,0.00,0.00,0.00,0.00,0.00
1,292670,Rio_De_Contas,14073.00,5.77,35.60,17.59,68.68,0.00,0.00,0.00,0.00,0.00
1,292690,Rio_Do_Pires,12560.00,5.15,31.78,15.70,61.29,0.00,0.00,0.00,0.00,0.00
1,292700,Rio_Real,55185.00,22.63,139.62,68.98,269.30,0.00,0.00,0.00,0.00,0.00
1,292710,Rodelas,9937.00,4.07,25.14,12.42,48.49,0.00,0.00,0.00,0.00,0.00
1,292720,Ruy_Barbosa,33184.00,13.61,83.96,41.48,161.94,0.00,0.00,0.00,0.00,0.00
1,292730,Salinas_Da_Margarida,16678.00,6.84,42.20,20.85,81.39,0.00,0.00,0.00,0.00,0.00
1,292740,Salvador,3081766.00,1263.52,7796.87,3852.21,15039.02,0.00,0.00,0.00,0.00,0.00
1,292760,Santa_Brigida,15195.00,6.23,38.44,18.99,74.15,0.00,0.00,0.00,0.00,0.00
1,292770,Santa_Cruz_Cabralia,29796.00,12.22,75.38,37.24,145.40,0.00,0.00,0.00,0.00,0.00
1,292780,Santa_Cruz_Da_Vitoria,14155.00,5.80,35.81,17.69,69.08,0.00,0.00,0.00,0.00,0.00
1,292790,Santa_Ines,17262.00,7.08,43.67,21.58,84.24,0.00,0.00,0.00,0.00,0.00
1,292800,Santaluz,40077.00,16.43,101.39,50.10,195.58,0.00,0.00,0.00,0.00,0.00
1,292810,Santa_Maria_Da_Vitoria,59569.00,24.42,150.71,74.46,290.70,0.00,0.00,0.00,0.00,0.00
1,292820,Santana,28600.00,11.73,72.36,35.75,139.57,0.00,0.00,0.00,0.00,0.00
1,292830,Santanopolis,9621.00,3.94,24.34,12.03,46.95,0.00,0.00,0.00,0.00,0.00
1,292840,Santa_Rita_De_Cassia,30406.00,12.47,76.93,38.01,148.38,0.00,0.00,0.00,0.00,0.00
1,292850,Santa_Teresinha,39426.00,16.16,99.75,49.28,192.40,0.00,0.00,0.00,0.00,0.00
1,292860,Santo_Amaro,119534.00,49.01,302.42,149.42,583.33,0.00,0.00,0.00,0.00,0.00
1,292870,Santo_Antonio_De_Jesus,112875.00,46.28,285.57,141.09,550.83,0.00,0.00,0.00,0.00,0.00
1,292880,Santo_Estevao,56530.00,23.18,143.02,70.66,275.87,0.00,0.00,0.00,0.00,0.00
1,292890,Sao_Desiderio,39634.00,16.25,100.27,49.54,193.41,0.00,0.00,0.00,0.00,0.00
1,292900,Sao_Felix,151904.00,62.28,384.32,189.88,741.29,0.00,0.00,0.00,0.00,0.00
1,292925,Sao_Gabriel,20275.00,8.31,51.30,25.34,98.94,0.00,0.00,0.00,0.00,0.00
1,292930,Sao_Goncalo_Dos_Campos,40056.00,16.42,101.34,50.07,195.47,0.00,0.00,0.00,0.00,0.00
1,292940,Sao_Miguel_Das_Matas,12560.00,5.15,31.78,15.70,61.29,0.00,0.00,0.00,0.00,0.00
1,292970,Satiro_Dias,21187.00,8.69,53.60,26.48,103.39,0.00,0.00,0.00,0.00,0.00
1,292980,Saude,28197.00,11.56,71.34,35.25,137.60,0.00,0.00,0.00,0.00,0.00
1,292990,Seabra,47392.00,19.43,119.90,59.24,231.27,0.00,0.00,0.00,0.00,0.00
1,293000,Sebastiao_Laranjeiras,12243.00,5.02,30.97,15.30,59.75,0.00,0.00,0.00,0.00,0.00
1,293010,Senhor_Do_Bonfim,120768.00,49.51,305.54,150.96,589.35,0.00,0.00,0.00,0.00,0.00
1,293015,Serra_Do_Ramalho,34009.00,13.94,86.04,42.51,165.96,0.00,0.00,0.00,0.00,0.00
1,293020,Sento_Se,43900.00,18.00,111.07,54.88,214.23,0.00,0.00,0.00,0.00,0.00
1,293050,Serrinha,135368.00,55.50,342.48,169.21,660.60,0.00,0.00,0.00,0.00,0.00
1,293060,Serrolandia,14395.00,5.90,36.42,17.99,70.25,0.00,0.00,0.00,0.00,0.00
1,293070,Simoes_Filho,460139.00,188.66,1164.15,575.17,2245.48,0.00,0.00,0.00,0.00,0.00
1,293075,Sitio_Do_Mato,13983.00,5.73,35.38,17.48,68.24,0.00,0.00,0.00,0.00,0.00
1,293077,Sobradinho,24597.00,10.08,62.23,30.75,120.03,0.00,0.00,0.00,0.00,0.00
1,293080,Souto_Soares,30220.00,12.39,76.46,37.77,147.47,0.00,0.00,0.00,0.00,0.00
1,293090,Tabocas_Do_Brejo_Velho,32323.00,13.25,81.78,40.40,157.74,0.00,0.00,0.00,0.00,0.00
1,293100,Tanhacu,22020.00,9.03,55.71,27.52,107.46,0.00,0.00,0.00,0.00,0.00
1,293105,Tanque_Novo,18643.00,7.64,47.17,23.30,90.98,0.00,0.00,0.00,0.00,0.00
1,293120,Taperoa,140924.00,57.78,356.54,176.16,687.71,0.00,0.00,0.00,0.00,0.00
1,293130,Tapiramuta,18385.00,7.54,46.51,22.98,89.72,0.00,0.00,0.00,0.00,0.00
1,293135,Teixeira_De_Freitas,170891.00,70.07,432.35,213.61,833.95,0.00,0.00,0.00,0.00,0.00
1,293150,Teofilandia,82593.00,33.86,208.96,103.24,403.05,0.00,0.00,0.00,0.00,0.00
1,293190,Tucano,54540.00,22.36,137.99,68.17,266.16,0.00,0.00,0.00,0.00,0.00
1,293200,Uaua,26409.00,10.83,66.81,33.01,128.88,0.00,0.00,0.00,0.00,0.00
1,293210,Ubaira,37134.00,15.22,93.95,46.42,181.21,0.00,0.00,0.00,0.00,0.00
1,293220,Ubaitaba,20789.00,8.52,52.60,25.99,101.45,0.00,0.00,0.00,0.00,0.00
1,293230,Ubata,35178.00,14.42,89.00,43.97,171.67,0.00,0.00,0.00,0.00,0.00
1,293240,Uibai,14975.00,6.14,37.89,18.72,73.08,0.00,0.00,0.00,0.00,0.00
1,293245,Umburanas,20529.00,8.42,51.94,25.66,100.18,0.00,0.00,0.00,0.00,0.00
1,293250,Una,21014.00,8.62,53.17,26.27,102.55,0.00,0.00,0.00,0.00,0.00
1,293260,Urandi,17959.00,7.36,45.44,22.45,87.64,0.00,0.00,0.00,0.00,0.00
1,293280,Utinga,20598.00,8.45,52.11,25.75,100.52,0.00,0.00,0.00,0.00,0.00
1,293300,Valente,30340.00,12.44,76.76,37.92,148.06,0.00,0.00,0.00,0.00,0.00
1,293305,Varzea_Da_Roca,15194.00,6.23,38.44,18.99,74.15,0.00,0.00,0.00,0.00,0.00
1,293310,Varzea_Do_Poco,9847.00,4.04,24.91,12.31,48.05,0.00,0.00,0.00,0.00,0.00
1,293315,Varzea_Nova,13775.00,5.65,34.85,17.22,67.22,0.00,0.00,0.00,0.00,0.00
1,293325,Vereda,6750.00,2.77,17.08,8.44,32.94,0.00,0.00,0.00,0.00,0.00
1,293330,Vitoria_Da_Conquista,365504.00,149.86,924.73,456.88,1783.66,0.00,0.00,0.00,0.00,0.00
1,293340,Wagner,10081.00,4.13,25.50,12.60,49.20,0.00,0.00,0.00,0.00,0.00
1,293345,Wanderley,13265.00,5.44,33.56,16.58,64.73,0.00,0.00,0.00,0.00,0.00
1,293350,Wenceslau_Guimaraes,70416.00,28.87,178.15,88.02,343.63,0.00,0.00,0.00,0.00,0.00
1,293360,Xique_Xique,50088.00,20.54,126.72,62.61,244.43,0.00,0.00,0.00,0.00,0.00
