NIVEL	CODIGO	DESTINO	POP ATENDIDA	Physicians	Nurses	OtherCadres	CommunityBased	Beds	CTScanner	MRIUnit	Mammography	Radiotherapy
2	290020	Abare	43337.00	72.37	52.00	108.78	0.00	115.71	0.29	0.22	0.13	0.01
2	290070	Alagoinhas	195870.00	327.10	235.04	491.63	0.00	522.97	1.29	0.98	0.61	0.06
2	290100	Amargosa	39940.00	66.70	47.93	100.25	0.00	106.64	0.26	0.20	0.12	0.01
2	290115	America_Dourada	17361.00	28.99	20.83	43.58	0.00	46.35	0.11	0.09	0.05	0.01
2	290120	Anage	29445.00	49.17	35.33	73.91	0.00	78.62	0.19	0.15	0.09	0.01
2	290130	Andarai	60835.00	101.59	73.00	152.70	0.00	162.43	0.40	0.30	0.19	0.02
2	290140	Angical	15118.00	25.25	18.14	37.95	0.00	40.37	0.10	0.08	0.05	0.00
2	290160	Antas	65349.00	109.13	78.42	164.03	0.00	174.48	0.43	0.33	0.20	0.02
2	290200	Aracatu	31613.00	52.79	37.94	79.35	0.00	84.41	0.21	0.16	0.10	0.01
2	290260	Baixa_Grande	22097.00	36.90	26.52	55.46	0.00	59.00	0.15	0.11	0.07	0.01
2	290270	Barra	66625.00	111.26	79.95	167.23	0.00	177.89	0.44	0.33	0.21	0.02
2	290280	Barra_Da_Estiva	63687.00	106.36	76.42	159.85	0.00	170.04	0.42	0.32	0.20	0.02
2	290290	Barra_Do_Choca	42129.00	70.36	50.55	105.74	0.00	112.48	0.28	0.21	0.13	0.01
2	290320	Barreiras	165914.00	277.08	199.10	416.44	0.00	442.99	1.10	0.83	0.51	0.05
2	290340	Belmonte	25037.00	41.81	30.04	62.84	0.00	66.85	0.17	0.13	0.08	0.01
2	290350	Belo_Campo	36590.00	61.11	43.91	91.84	0.00	97.70	0.24	0.18	0.11	0.01
2	290380	Boa_Vista_Do_Tupim	20085.00	33.54	24.10	50.41	0.00	53.63	0.13	0.10	0.06	0.01
2	290390	Bom_Jesus_Da_Lapa	73998.00	123.58	88.80	185.73	0.00	197.57	0.49	0.37	0.23	0.02
2	290400	Boninal	15410.00	25.73	18.49	38.68	0.00	41.14	0.10	0.08	0.05	0.00
2	290405	Bonito	17944.00	29.97	21.53	45.04	0.00	47.91	0.12	0.09	0.06	0.01
2	290410	Boquira	23210.00	38.76	27.85	58.26	0.00	61.97	0.15	0.12	0.07	0.01
2	290430	Brejoes	15499.00	25.88	18.60	38.90	0.00	41.38	0.10	0.08	0.05	0.00
2	290460	Brumado	105704.00	176.53	126.84	265.32	0.00	282.23	0.70	0.53	0.33	0.03
2	290475	Buritirama	37332.00	62.34	44.80	93.70	0.00	99.68	0.25	0.19	0.12	0.01
2	290500	Cacule	35022.00	58.49	42.03	87.91	0.00	93.51	0.23	0.18	0.11	0.01
2	290520	Caetite	54856.00	91.61	65.83	137.69	0.00	146.47	0.36	0.27	0.17	0.02
2	290530	Cafarnaum	19798.00	33.06	23.76	49.69	0.00	52.86	0.13	0.10	0.06	0.01
2	290560	Camacan	98496.00	164.49	118.20	247.22	0.00	262.98	0.65	0.49	0.31	0.03
2	290590	Campo_Alegre_De_Lourdes	31110.00	51.95	37.33	78.09	0.00	83.06	0.21	0.16	0.10	0.01
2	290600	Campo_Formoso	89117.00	148.83	106.94	223.68	0.00	237.94	0.59	0.45	0.28	0.03
2	290620	Canarana	44029.00	73.53	52.83	110.51	0.00	117.56	0.29	0.22	0.14	0.01
2	290630	Canavieiras	33760.00	56.38	40.51	84.74	0.00	90.14	0.22	0.17	0.10	0.01
2	290650	Candeias	93485.00	156.12	112.18	234.65	0.00	249.60	0.62	0.47	0.29	0.03
2	290660	Candiba	15389.00	25.70	18.47	38.63	0.00	41.09	0.10	0.08	0.05	0.00
2	290670	Candido_Sales	27322.00	45.63	32.79	68.58	0.00	72.95	0.18	0.14	0.08	0.01
2	290680	Cansancao	37516.00	62.65	45.02	94.17	0.00	100.17	0.25	0.19	0.12	0.01
2	290682	Canudos	26548.00	44.34	31.86	66.64	0.00	70.88	0.18	0.13	0.08	0.01
2	290685	Capela_Do_Alto_Alegre	32296.00	53.93	38.76	81.06	0.00	86.23	0.21	0.16	0.10	0.01
2	290687	Capim_Grosso	58613.00	97.88	70.34	147.12	0.00	156.50	0.39	0.29	0.18	0.02
2	290690	Caravelas	23660.00	39.51	28.39	59.39	0.00	63.17	0.16	0.12	0.07	0.01
2	290710	Carinhanha	31240.00	52.17	37.49	78.41	0.00	83.41	0.21	0.16	0.10	0.01
2	290720	Casa_Nova	76972.00	128.54	92.37	193.20	0.00	205.52	0.51	0.38	0.24	0.02
2	290750	Catu	241904.00	403.98	290.28	607.18	0.00	645.88	1.60	1.21	0.75	0.07
2	290760	Central	18607.00	31.07	22.33	46.70	0.00	49.68	0.12	0.09	0.06	0.01
2	290780	Cicero_Dantas	69063.00	115.34	82.88	173.35	0.00	184.40	0.46	0.35	0.21	0.02
2	290800	Coaraci	35971.00	60.07	43.17	90.29	0.00	96.04	0.24	0.18	0.11	0.01
2	290810	Cocos	26331.00	43.97	31.60	66.09	0.00	70.30	0.17	0.13	0.08	0.01
2	290830	Conceicao_Do_Almeida	60170.00	100.48	72.20	151.03	0.00	160.65	0.40	0.30	0.19	0.02
2	290860	Conde	27643.00	46.16	33.17	69.38	0.00	73.81	0.18	0.14	0.09	0.01
2	290870	Condeuba	39750.00	66.38	47.70	99.77	0.00	106.13	0.26	0.20	0.12	0.01
2	290890	Coracao_De_Maria	24504.00	40.92	29.40	61.51	0.00	65.43	0.16	0.12	0.08	0.01
2	290910	Coribe	24522.00	40.95	29.43	61.55	0.00	65.47	0.16	0.12	0.08	0.01
2	290930	Correntina	34601.00	57.78	41.52	86.85	0.00	92.38	0.23	0.17	0.11	0.01
2	290970	Cristopolis	58017.00	96.89	69.62	145.62	0.00	154.91	0.38	0.29	0.18	0.02
2	290990	Curaca	37090.00	61.94	44.51	93.10	0.00	99.03	0.24	0.19	0.11	0.01
2	291010	Dom_Basilio	13110.00	21.89	15.73	32.91	0.00	35.00	0.09	0.07	0.04	0.00
2	291040	Encruzilhada	25774.00	43.04	30.93	64.69	0.00	68.82	0.17	0.13	0.08	0.01
2	291050	Entre_Rios	94671.00	158.10	113.61	237.62	0.00	252.77	0.62	0.47	0.29	0.03
2	291070	Euclides_Da_Cunha	64542.00	107.79	77.45	162.00	0.00	172.33	0.43	0.32	0.20	0.02
2	291072	Eunapolis	195155.00	325.91	234.19	489.84	0.00	521.06	1.29	0.98	0.60	0.06
2	291080	Feira_De_Santana	670429.00	1119.62	804.51	1682.78	0.00	1790.05	4.42	3.35	2.08	0.20
2	291085	Filadelfia	33890.00	56.60	40.67	85.06	0.00	90.49	0.22	0.17	0.11	0.01
2	291120	Gandu	137815.00	230.15	165.38	345.92	0.00	367.97	0.91	0.69	0.43	0.04
2	291170	Guanambi	90613.00	151.32	108.74	227.44	0.00	241.94	0.60	0.45	0.28	0.03
2	291190	Iacu	37674.00	62.92	45.21	94.56	0.00	100.59	0.25	0.19	0.12	0.01
2	291210	Ibicarai	51178.00	85.47	61.41	128.46	0.00	136.65	0.34	0.26	0.16	0.02
2	291230	Ibicui	37630.00	62.84	45.16	94.45	0.00	100.47	0.25	0.19	0.12	0.01
2	291250	Ibipitanga	16023.00	26.76	19.23	40.22	0.00	42.78	0.11	0.08	0.05	0.00
2	291300	Ibitiara	30753.00	51.36	36.90	77.19	0.00	82.11	0.20	0.15	0.10	0.01
2	291310	Ibitita	53007.00	88.52	63.61	133.05	0.00	141.53	0.35	0.27	0.16	0.02
2	291320	Ibotirama	41121.00	68.67	49.35	103.21	0.00	109.79	0.27	0.21	0.13	0.01
2	291340	Igapora	67934.00	113.45	81.52	170.51	0.00	181.38	0.45	0.34	0.21	0.02
2	291345	Igrapiuna	52434.00	87.56	62.92	131.61	0.00	140.00	0.35	0.26	0.16	0.02
2	291360	Ilheus	177792.00	296.91	213.35	446.26	0.00	474.70	1.17	0.89	0.55	0.05
2	291370	Inhambupe	42602.00	71.15	51.12	106.93	0.00	113.75	0.28	0.21	0.13	0.01
2	291380	Ipecaeta	44038.00	73.54	52.85	110.54	0.00	117.58	0.29	0.22	0.14	0.01
2	291390	Ipiau	124768.00	208.36	149.72	313.17	0.00	333.13	0.82	0.62	0.39	0.04
2	291400	Ipira	64457.00	107.64	77.35	161.79	0.00	172.10	0.43	0.32	0.20	0.02
2	291440	Iraquara	26901.00	44.92	32.28	67.52	0.00	71.83	0.18	0.13	0.08	0.01
2	291450	Irara	68240.00	113.96	81.89	171.28	0.00	182.20	0.45	0.34	0.21	0.02
2	291460	Irece	150610.00	251.52	180.73	378.03	0.00	402.13	0.99	0.75	0.47	0.05
2	291470	Itaberaba	69378.00	115.86	83.25	174.14	0.00	185.24	0.46	0.35	0.22	0.02
2	291480	Itabuna	249286.00	416.31	299.14	625.71	0.00	665.59	1.65	1.25	0.77	0.07
2	291490	Itacare	52212.00	87.19	62.65	131.05	0.00	139.41	0.34	0.26	0.16	0.02
2	291535	Itaguacu_Da_Bahia	77609.00	129.61	93.13	194.80	0.00	207.22	0.51	0.39	0.24	0.02
2	291550	Itajuipe	44454.00	74.24	53.34	111.58	0.00	118.69	0.29	0.22	0.14	0.01
2	291560	Itamaraju	69589.00	116.21	83.51	174.67	0.00	185.80	0.46	0.35	0.22	0.02
2	291580	Itambe	25193.00	42.07	30.23	63.23	0.00	67.27	0.17	0.13	0.08	0.01
2	291600	Itanhem	31031.00	51.82	37.24	77.89	0.00	82.85	0.20	0.16	0.10	0.01
2	291610	Itaparica	69911.00	116.75	83.89	175.48	0.00	186.66	0.46	0.35	0.22	0.02
2	291640	Itapetinga	81398.00	135.93	97.68	204.31	0.00	217.33	0.54	0.41	0.25	0.02
2	291680	Itarantim	40134.00	67.02	48.16	100.74	0.00	107.16	0.26	0.20	0.12	0.01
2	291685	Itatim	75680.00	126.39	90.82	189.96	0.00	202.07	0.50	0.38	0.23	0.02
2	291690	Itirucu	21428.00	35.78	25.71	53.78	0.00	57.21	0.14	0.11	0.07	0.01
2	291700	Itiuba	38896.00	64.96	46.68	97.63	0.00	103.85	0.26	0.19	0.12	0.01
2	291710	Itororo	21975.00	36.70	26.37	55.16	0.00	58.67	0.15	0.11	0.07	0.01
2	291750	Jacobina	116441.00	194.46	139.73	292.27	0.00	310.90	0.77	0.58	0.36	0.03
2	291760	Jaguaquara	67356.00	112.48	80.83	169.06	0.00	179.84	0.44	0.34	0.21	0.02
2	291800	Jequie	172090.00	287.39	206.51	431.95	0.00	459.48	1.14	0.86	0.53	0.05
2	291810	Jeremoabo	77446.00	129.33	92.94	194.39	0.00	206.78	0.51	0.39	0.24	0.02
2	291840	Juazeiro	232085.00	387.58	278.50	582.53	0.00	619.67	1.53	1.16	0.72	0.07
2	291850	Jussara	16509.00	27.57	19.81	41.44	0.00	44.08	0.11	0.08	0.05	0.00
2	291875	Lagoa_Real	16777.00	28.02	20.13	42.11	0.00	44.79	0.11	0.08	0.05	0.01
2	291930	Lencois	16565.00	27.66	19.88	41.58	0.00	44.23	0.11	0.08	0.05	0.00
2	291940	Licinio_De_Almeida	42355.00	70.73	50.83	106.31	0.00	113.09	0.28	0.21	0.13	0.01
2	291950	Livramento_De_Nossa_Senhora	48953.00	81.75	58.74	122.87	0.00	130.70	0.32	0.24	0.15	0.01
2	291955	Luis_Eduardo_Magalhaes	91410.00	152.65	109.69	229.44	0.00	244.06	0.60	0.46	0.28	0.03
2	291960	Macajuba	12257.00	20.47	14.71	30.77	0.00	32.73	0.08	0.06	0.04	0.00
2	291970	Macarani	20052.00	33.49	24.06	50.33	0.00	53.54	0.13	0.10	0.06	0.01
2	291980	Macaubas	53360.00	89.11	64.03	133.93	0.00	142.47	0.35	0.27	0.17	0.02
2	291992	Madre_De_Deus	22366.00	37.35	26.84	56.14	0.00	59.72	0.15	0.11	0.07	0.01
2	292020	Malhada	29983.00	50.07	35.98	75.26	0.00	80.05	0.20	0.15	0.09	0.01
2	292050	Maracas	42185.00	70.45	50.62	105.88	0.00	112.63	0.28	0.21	0.13	0.01
2	292110	Medeiros_Neto	44687.00	74.63	53.62	112.16	0.00	119.31	0.29	0.22	0.14	0.01
2	292120	Miguel_Calmon	28214.00	47.12	33.86	70.82	0.00	75.33	0.19	0.14	0.09	0.01
2	292150	Monte_Santo	53458.00	89.27	64.15	134.18	0.00	142.73	0.35	0.27	0.17	0.02
2	292170	Morro_Do_Chapeu	38162.00	63.73	45.79	95.79	0.00	101.89	0.25	0.19	0.12	0.01
2	292210	Mundo_Novo	28662.00	47.87	34.39	71.94	0.00	76.53	0.19	0.14	0.09	0.01
2	292250	Nazare	68219.00	113.93	81.86	171.23	0.00	182.14	0.45	0.34	0.21	0.02
2	292265	Nordestina	14124.00	23.59	16.95	35.45	0.00	37.71	0.09	0.07	0.04	0.00
2	292270	Nova_Canaa	46721.00	78.02	56.07	117.27	0.00	124.75	0.31	0.23	0.14	0.01
2	292300	Nova_Vicosa	90783.00	151.61	108.94	227.87	0.00	242.39	0.60	0.45	0.28	0.03
2	292310	Olindina	126459.00	211.19	151.75	317.41	0.00	337.65	0.83	0.63	0.39	0.04
2	292320	Oliveira_Dos_Brejinhos	45294.00	75.64	54.35	113.69	0.00	120.93	0.30	0.23	0.14	0.01
2	292335	Ourolandia	39284.00	65.60	47.14	98.60	0.00	104.89	0.26	0.20	0.12	0.01
2	292340	Palmas_De_Monte_Alto	23408.00	39.09	28.09	58.75	0.00	62.50	0.15	0.12	0.07	0.01
2	292360	Paramirim	55890.00	93.34	67.07	140.28	0.00	149.23	0.37	0.28	0.17	0.02
2	292370	Paratinga	34355.00	57.37	41.23	86.23	0.00	91.73	0.23	0.17	0.11	0.01
2	292380	Paripiranga	49332.00	82.38	59.20	123.82	0.00	131.72	0.33	0.25	0.15	0.01
2	292400	Paulo_Afonso	142608.00	238.16	171.13	357.95	0.00	380.76	0.94	0.71	0.44	0.04
2	292430	Piata	28081.00	46.90	33.70	70.48	0.00	74.98	0.19	0.14	0.09	0.01
2	292440	Pilao_Arcado	37195.00	62.12	44.63	93.36	0.00	99.31	0.25	0.19	0.12	0.01
2	292450	Pindai	35468.00	59.23	42.56	89.02	0.00	94.70	0.23	0.18	0.11	0.01
2	292480	Piritiba	26465.00	44.20	31.76	66.43	0.00	70.66	0.17	0.13	0.08	0.01
2	292510	Pocoes	127365.00	212.70	152.84	319.69	0.00	340.06	0.84	0.64	0.39	0.04
2	292520	Pojuca	49063.00	81.94	58.88	123.15	0.00	131.00	0.32	0.25	0.15	0.01
2	292530	Porto_Seguro	187938.00	313.86	225.53	471.72	0.00	501.79	1.24	0.94	0.58	0.06
2	292550	Prado	54575.00	91.14	65.49	136.98	0.00	145.72	0.36	0.27	0.17	0.02
2	292580	Queimadas	27444.00	45.83	32.93	68.88	0.00	73.28	0.18	0.14	0.09	0.01
2	292590	Quijingue	29696.00	49.59	35.64	74.54	0.00	79.29	0.20	0.15	0.09	0.01
2	292595	Rafael_Jambeiro	24386.00	40.72	29.26	61.21	0.00	65.11	0.16	0.12	0.08	0.01
2	292600	Remanso	44436.00	74.21	53.32	111.53	0.00	118.64	0.29	0.22	0.14	0.01
2	292610	Retirolandia	96560.00	161.26	115.87	242.37	0.00	257.82	0.64	0.48	0.30	0.03
2	292620	Riachao_Das_Neves	51397.00	85.83	61.68	129.01	0.00	137.23	0.34	0.26	0.16	0.02
2	292630	Riachao_Do_Jacuipe	50696.00	84.66	60.84	127.25	0.00	135.36	0.33	0.25	0.16	0.02
2	292650	Ribeira_Do_Amparo	60866.00	101.65	73.04	152.77	0.00	162.51	0.40	0.30	0.19	0.02
2	292660	Ribeira_Do_Pombal	71371.00	119.19	85.65	179.14	0.00	190.56	0.47	0.36	0.22	0.02
2	292670	Rio_De_Contas	20982.00	35.04	25.18	52.66	0.00	56.02	0.14	0.10	0.07	0.01
2	292690	Rio_Do_Pires	12560.00	20.98	15.07	31.53	0.00	33.54	0.08	0.06	0.04	0.00
2	292700	Rio_Real	55185.00	92.16	66.22	138.51	0.00	147.34	0.36	0.28	0.17	0.02
2	292720	Ruy_Barbosa	37291.00	62.28	44.75	93.60	0.00	99.57	0.25	0.19	0.12	0.01
2	292730	Salinas_Da_Margarida	16678.00	27.85	20.01	41.86	0.00	44.53	0.11	0.08	0.05	0.01
2	292740	Salvador	3081766.00	5146.55	3698.12	7735.23	0.00	8228.32	20.34	15.41	9.55	0.92
2	292800	Santaluz	40077.00	66.93	48.09	100.59	0.00	107.01	0.26	0.20	0.12	0.01
2	292810	Santa_Maria_Da_Vitoria	59569.00	99.48	71.48	149.52	0.00	159.05	0.39	0.30	0.18	0.02
2	292820	Santana	39082.00	65.27	46.90	98.10	0.00	104.35	0.26	0.20	0.12	0.01
2	292840	Santa_Rita_De_Cassia	30406.00	50.78	36.49	76.32	0.00	81.18	0.20	0.15	0.09	0.01
2	292860	Santo_Amaro	119534.00	199.62	143.44	300.03	0.00	319.16	0.79	0.60	0.37	0.04
2	292870	Santo_Antonio_De_Jesus	112875.00	188.50	135.45	283.32	0.00	301.38	0.74	0.56	0.35	0.03
2	292880	Santo_Estevao	56530.00	94.41	67.84	141.89	0.00	150.94	0.37	0.28	0.18	0.02
2	292890	Sao_Desiderio	39634.00	66.19	47.56	99.48	0.00	105.82	0.26	0.20	0.12	0.01
2	292925	Sao_Gabriel	20275.00	33.86	24.33	50.89	0.00	54.13	0.13	0.10	0.06	0.01
2	292930	Sao_Goncalo_Dos_Campos	391394.00	653.63	469.67	982.40	0.00	1045.02	2.58	1.96	1.21	0.12
2	292940	Sao_Miguel_Das_Matas	30911.00	51.62	37.09	77.59	0.00	82.53	0.20	0.15	0.10	0.01
2	292970	Satiro_Dias	21187.00	35.38	25.42	53.18	0.00	56.57	0.14	0.11	0.07	0.01
2	292980	Saude	49988.00	83.48	59.99	125.47	0.00	133.47	0.33	0.25	0.15	0.01
2	292990	Seabra	57057.00	95.29	68.47	143.21	0.00	152.34	0.38	0.29	0.18	0.02
2	293000	Sebastiao_Laranjeiras	12243.00	20.45	14.69	30.73	0.00	32.69	0.08	0.06	0.04	0.00
2	293010	Senhor_Do_Bonfim	136612.00	228.14	163.93	342.90	0.00	364.75	0.90	0.68	0.42	0.04
2	293015	Serra_Do_Ramalho	34009.00	56.80	40.81	85.36	0.00	90.80	0.22	0.17	0.11	0.01
2	293020	Sento_Se	43900.00	73.31	52.68	110.19	0.00	117.21	0.29	0.22	0.14	0.01
2	293050	Serrinha	259256.00	432.96	311.11	650.73	0.00	692.21	1.71	1.30	0.80	0.08
2	293060	Serrolandia	24242.00	40.48	29.09	60.85	0.00	64.73	0.16	0.12	0.08	0.01
2	293070	Simoes_Filho	670558.00	1119.83	804.67	1683.10	0.00	1790.39	4.43	3.35	2.08	0.20
2	293075	Sitio_Do_Mato	13983.00	23.35	16.78	35.10	0.00	37.33	0.09	0.07	0.04	0.00
2	293077	Sobradinho	24597.00	41.08	29.52	61.74	0.00	65.67	0.16	0.12	0.08	0.01
2	293080	Souto_Soares	30220.00	50.47	36.26	75.85	0.00	80.69	0.20	0.15	0.09	0.01
2	293090	Tabocas_Do_Brejo_Velho	43640.00	72.88	52.37	109.54	0.00	116.52	0.29	0.22	0.14	0.01
2	293100	Tanhacu	43170.00	72.09	51.80	108.36	0.00	115.26	0.28	0.22	0.13	0.01
2	293105	Tanque_Novo	18643.00	31.13	22.37	46.79	0.00	49.78	0.12	0.09	0.06	0.01
2	293120	Taperoa	190936.00	318.86	229.12	479.25	0.00	509.80	1.26	0.95	0.59	0.06
2	293130	Tapiramuta	18385.00	30.70	22.06	46.15	0.00	49.09	0.12	0.09	0.06	0.01
2	293135	Teixeira_De_Freitas	170891.00	285.39	205.07	428.94	0.00	456.28	1.13	0.85	0.53	0.05
2	293190	Tucano	54540.00	91.08	65.45	136.90	0.00	145.62	0.36	0.27	0.17	0.02
2	293200	Uaua	26409.00	44.10	31.69	66.29	0.00	70.51	0.17	0.13	0.08	0.01
2	293210	Ubaira	103787.00	173.32	124.54	260.51	0.00	277.11	0.68	0.52	0.32	0.03
2	293220	Ubaitaba	58665.00	97.97	70.40	147.25	0.00	156.64	0.39	0.29	0.18	0.02
2	293230	Ubata	43026.00	71.85	51.63	108.00	0.00	114.88	0.28	0.22	0.13	0.01
2	293240	Uibai	14975.00	25.01	17.97	37.59	0.00	39.98	0.10	0.07	0.05	0.00
2	293250	Una	21014.00	35.09	25.22	52.75	0.00	56.11	0.14	0.11	0.07	0.01
2	293280	Utinga	30679.00	51.23	36.81	77.00	0.00	81.91	0.20	0.15	0.10	0.01
2	293300	Valente	30340.00	50.67	36.41	76.15	0.00	81.01	0.20	0.15	0.09	0.01
2	293305	Varzea_Da_Roca	35420.00	59.15	42.50	88.90	0.00	94.57	0.23	0.18	0.11	0.01
2	293315	Varzea_Nova	13775.00	23.00	16.53	34.58	0.00	36.78	0.09	0.07	0.04	0.00
2	293330	Vitoria_Da_Conquista	365504.00	610.39	438.60	917.42	0.00	975.90	2.41	1.83	1.13	0.11
