# ======================================================
# Model: Hierarchical health care design : 3 levels (brown field)
# Joao Flavio F. Almeida <joao.flavio@dep.ufmg.br >
# Fabricio Oliveira <fabricio.oliveira@aalto.fi >
# Data   : 19/02/2022
# Versao: 1.0:
# Region: 11: Hauts-de-France (HF)
# =========================================================
data;

# param Distmax:=
# 1 80  # 80
# 2 120 # + 120
# 3 250; # + 200

# Minimal population on destination municipality (j) 
param POPmin:=
1	0
# 2	10000
# 3	25000
# 2	2000
# 3	4000
2	1416	# Q1
3	2282	# Q2 
;

param DurUpper:=
1 0.51 
# 2 1.0 
# 3 1.5; 
2 0.53 
3 1.1;

# Municipios selecionados que já possuem infraestrutura de nível 3
set S3:=
6455273	# 'Amiens': Amiens University Hospital
2972284	#	'Tourcoing' : Tourcoing Hospital
;

# CODIGO	REGIAO (code)	LAT	LONG	POPULACAO 2030	INFR	MUNICIPIO	
 param: I :	RE	lat	lng	POP	INFR	Mun 	:=
2998324	11	50.6278	3.05830	232787	0	'Lille'	
6455273	11	49.892	2.29900	136105	0	'Amiens'	
2978439	11	50.7264	1.61470	133062	0	'Boulogne-sur-Mer'	
2982681	11	50.6901	3.18170	100000	0	'Roubaix'	
2972284	11	50.7239	3.16120	97368	0	'Tourcoing'	
3296065	11	51.0383	2.37750	87353	1	'Dunkerque'	
3029159	11	50.9481	1.85640	73911	0	'Calais'	
2995695	11	49.4303	2.09520	56020	0	'Beauvais'	
2977295	11	49.8486	3.28640	53816	0	'Saint-Quentin'	
8286482	11	50.358	3.52330	43336	0	'Valenciennes'	
3036784	11	50.292	2.78000	41019	0	'Arras'	
2967421	11	50.7	3.21700	40958	0	'Wattrelos'	
7626220	11	49.4149	2.82310	40199	0	'Compiègne'	
3021000	11	50.3714	3.08000	39700	0	'Douai'	
6614574	11	50.6711	3.09720	38617	1	'Marcq-en-Baroeul'	
6438650	11	49.2583	2.48330	35657	0	'Creil'	
3029030	11	50.1767	3.23560	32558	0	'Cambrai'	
3003093	11	50.4322	2.83330	31415	0	'Lens'	
2998431	11	50.4228	2.77860	30785	0	'Liévin'	
2995150	11	50.2775	3.97340	29944	0	'Maubeuge'	
2974389	11	49.3817	3.32360	28530	0	'Soissons'	
8294497	11	50.6455	2.98760	28006	1	'Lomme'	
3008218	11	50.65	3.02500	27649	0	'Lambersart'	
6439604	11	50.4217	2.95080	26022	0	'Hénin-Beaumont'	
3033002	11	50.5303	2.64080	24895	0	'Béthune'	
3036903	11	50.6881	2.88110	24882	0	'Armentières'	
6453527	11	49.5639	3.62440	24876	0	'Laon'	
6438266	11	51.0139	2.30280	22966	0	'Grande-Synthe'	
3038789	11	50.1058	1.83580	22946	0	'Abbeville'	
6454415	11	50.6128	3.01440	22233	0	'Loos'	
8286238	11	50.725	2.53920	21441	0	'Hazebrouck'	
6525129	11	50.6558	3.07100	21173	1	'La Madeleine'	
3023356	11	51.0253	2.39170	21134	0	'Coudekerque-Branche'	
3005267	11	50.6781	3.15080	21041	1	'Croix'	
6438272	11	50.7836	3.12560	20800	1	'Halluin'	
6617196	11	50.6369	3.11030	20782	1	'Mons-en-Baroeul'	
2977388	11	51.0314	2.34390	20479	1	'Saint-Pol-sur-Mer'	
2967438	11	50.6694	3.13080	20479	0	'Wasquehal'	
6438865	11	49.2756	2.46830	20033	0	'Nogent-sur-Oise'	
6454406	11	50.3286	3.39500	19933	0	'Denain'	
6438449	11	50.6047	3.08780	19477	1	'Ronchin'	
6454411	11	50.6553	3.18780	18621	1	'Hem'	
3013563	11	50.6283	3.11000	18437	1	'Hellemmes-Lille'	
6614164	11	50.5989	3.07360	18165	1	'Fâches-Thumesnil'	
3035667	11	50.4097	2.83280	17583	1	'Avion'	
3028486	11	50.4931	2.95810	17399	0	'Carvin'	
2981839	11	50.4481	3.42690	16053	0	'Saint-Amand-les-Eaux'	
6438498	11	50.3631	3.11310	15522	1	'Sin-le-Noble'	
3026194	11	49.0464	3.40310	15351	1	'Château-Thierry'	
6455196	11	50.7375	2.73390	15019	0	'Bailleul'	
2975088	11	49.2072	2.58670	14891	0	'Senlis'	
3022569	11	49.2344	2.88750	14796	0	'Crépy-en-Valois'	
3013862	11	50.6092	2.98690	14775	1	'Haubourdin'	
2967423	11	50.585	3.04310	14736	1	'Wattignies'	
2977845	11	50.7483	2.26080	14726	1	'Saint-Omer'	
2994306	11	49.2358	2.13500	14609	1	'Méru'	
3013681	11	50.2481	3.92440	14601	1	'Hautmont'	
3028205	11	50.125	3.41170	14487	0	'Caudry'	
6617275	11	50.4083	1.59280	13791	1	'Berck-sur-Mer'	
6439779	11	50.7039	1.59390	13575	1	'Outreau'	
6425261	11	49.6558	3.28720	13547	1	'Tergnier'	
6614177	11	50.6714	3.21440	13471	1	'Lys-lès-Lannoy'	
2993004	11	49.2556	2.43830	13461	1	'Montataire'	
2982938	11	50.7536	3.12030	13361	0	'Roncq'	
3037397	11	50.3714	3.50440	13303	1	'Anzin'	
2989877	11	49.5811	2.99890	13235	0	'Noyon'	
6438379	11	50.7033	3.14060	13173	1	'Mouvaux'	
2981780	11	50.6603	3.04390	12966	1	'Saint-André'	
6438896	11	49.3011	2.60360	12601	0	'Pont-Sainte-Maxence'	
3024102	11	50.7611	3.00780	12498	1	'Comines'	
6438434	11	50.3892	3.48580	12468	1	'Raismes'	
2975361	11	50.5483	3.02940	12410	0	'Seclin'	
3013908	11	50.445	2.90580	12324	1	'Harnes'	
2974324	11	50.3575	3.28030	12213	0	'Somain'	
6439413	11	50.4419	2.72440	12117	0	'Bully-les-Mines'	
6438351	11	50.3489	3.54420	12074	0	'Marly'	
8294822	11	50.4797	2.66470	11813	1	'Noeux-les-Mines'	
3025859	11	49.6156	3.21920	11773	0	'Chauny'	
3017512	11	50.0172	4.05330	11714	0	'Fourmies'	
2977058	11	50.3697	3.55470	11353	0	'Saint-Saulve'	
6439720	11	50.4022	2.86580	11346	1	'Méricourt'	
3029824	11	50.3983	3.53940	11311	1	'Bruay-sur-l’Escaut'	
6439867	11	50.7258	1.63220	11226	0	'Saint-Martin-Boulogne'	
3014816	11	50.9864	2.12750	11132	0	'Gravelines'	
6438625	11	49.1869	2.46080	11001	0	'Chantilly'	
6439513	11	50.5178	1.64060	10926	1	'Étaples'	
6438558	11	50.6853	3.04860	10857	1	'Wambrechies'	
6439685	11	50.7356	2.23720	10736	0	'Longuenesse'	
2968405	11	49.2531	3.09030	10676	1	'Villers-Cotterêts'	
6618361	11	50.9481	1.95030	10649	1	'Marck'	
3022969	11	50.4581	2.94720	10544	1	'Courrières'	
3037520	11	50.5294	2.93280	10486	1	'Annoeullin'	
6450253	11	50.5083	2.47360	10399	0	'Auchel'	
2969213	11	50.4594	3.56830	10374	1	'Vieux-Condé'	
2995536	11	50.6758	3.06610	10354	1	'Marquette-lès-Lille'	
6439732	11	50.4278	2.92970	10315	1	'Montigny-en-Gohelle'	
3020980	11	50.3014	3.39330	10311	1	'Douchy-les-Mines'	
2990543	11	50.7467	3.15810	10231	1	'Neuville-en-Ferrain'	
6438310	11	50.2944	4.10140	10229	0	'Jeumont'	
3024643	11	49.3789	2.41250	10183	0	'Clermont'	
3027397	11	49.1667	2.24810	10174	1	'Chambly'	
3037571	11	50.33	3.25110	10146	1	'Aniche'	
6450080	11	50.7017	3.09330	9961	1	'Bondues'	
2998320	11	50.5636	2.48190	9910	1	'Lillers'	
6439773	11	50.4692	2.99360	9841	0	'Oignies'	
3038271	11	50.0019	2.65220	9810	0	'Albert'	
3038393	11	50.6386	2.39670	9772	0	'Aire-sur-la-Lys'	
6618443	11	50.7356	2.30250	9654	1	'Arques'	
2976404	11	50.4197	2.86220	9654	1	'Sallaumines'	
3019827	11	50.3344	3.34280	9645	0	'Escaudain'	
2994297	11	50.6439	2.64030	9598	1	'Merville'	
3023955	11	50.4492	3.59060	9586	1	'Condé-sur-l’Escaut'	
3004314	11	50.6817	3.24390	9400	1	'Leers'	
6618431	11	50.5197	2.67940	9331	0	'Beuvry'	
2992779	11	50.7067	1.57330	9157	1	'Le Portel'	
6438728	11	49.1878	2.41610	9023	0	'Gouvieux'	
2982383	11	50.3936	2.90390	8912	1	'Rouvroy'	
6614547	11	49.155	2.44080	8823	0	'Lamorlaye'	
2989506	11	50.3878	3.59810	8813	1	'Onnaing'	
3013258	11	49.9217	4.08390	8800	0	'Hirson'	
6450034	11	50.2047	3.83560	8767	1	'Aulnoye-Aymeries'	
2967343	11	50.4942	2.85530	8754	1	'Wingles'	
3012725	11	50.6233	2.45670	8745	1	'Isbergues'	
6454419	11	50.4747	3.24420	8736	1	'Orchies'	
6438325	11	50.5897	3.11110	8635	0	'Lesquin'	
6614414	11	50.6728	2.89500	8627	1	'La Chapelle d’Armentières'	
2970113	11	50.4739	2.86610	8543	1	'Vendin-le-Vieil'	
2995790	11	49.4261	2.82080	8521	1	'Margny-lès-Compiègne'	
2988003	11	50.6681	2.97250	8413	1	'Pérenchies'	
6439990	11	50.4839	3.01390	8337	1	'Libercourt'	
2998209	11	50.7372	3.07940	8329	1	'Linselles'	
6439370	11	50.4181	2.91190	8167	1	'Billy-Montigny'	
2994837	11	50.4731	2.71810	8036	0	'Mazingarbe'	
3023097	11	50.4181	3.01810	7918	1	'Courcelles-les-Lens'	
3028690	11	50.9983	2.36420	7909	1	'Cappelle-la-Grande'	
3038703	11	50.2733	2.75940	7878	1	'Achicourt'	
6438304	11	50.6908	2.90920	7770	0	'Houplines'	
2967411	11	50.5739	2.93890	7723	0	'Wavrin'	
6450284	11	50.4553	2.61860	7603	1	'Barlin'	
2987928	11	49.9322	2.93640	7595	0	'Péronne'	
3017167	11	50.4336	3.57690	7532	0	'Fresnes-sur-Escaut'	
2990392	11	50.7031	2.83890	7479	1	'Nieppe'	
6438573	11	50.3872	3.11310	7427	1	'Waziers'	
3036289	11	50.4153	3.05440	7256	1	'Auby'	
6439661	11	50.4372	3.06420	7232	1	'Leforest'	
3013122	11	50.4522	2.53720	7178	1	'Houdain'	
3031083	11	50.9464	2.19780	7171	1	'Bourbourg'	
6439479	11	50.4722	2.50140	6977	0	'Divion'	
2998532	11	49.3308	2.46530	6951	0	'Liancourt'	
6438517	11	51.0186	2.44390	6926	1	'Téteghem'	
2997619	11	50.4578	2.79330	6855	0	'Loos-en-Gohelle'	
3018778	11	50.3022	3.91810	6854	1	'Feignies'	
6439573	11	50.4522	2.74310	6851	1	'Grenay'	
6450072	11	50.3858	3.50560	6821	1	'Beuvrages'	
2984787	11	50.7125	2.99940	6814	1	'Quesnoy-sur-Deûle'	
2989897	11	50.4306	2.87280	6646	1	'Noyelles-sous-Lens'	
3011307	11	50.5336	2.80720	6545	0	'La Bassée'	
2968348	11	49.2889	2.48720	6440	1	'Villers-Saint-Paul'	
3022133	11	50.3822	3.04670	6421	1	'Cuincy'	
3009050	11	50.6439	2.72310	6420	1	'Estaires'	
6438342	11	50.265	3.96000	6405	0	'Louvroil'	
3017556	11	50.4286	2.91280	6399	0	'Fouquières-lès-Lens'	
2967351	11	50.7697	1.61000	6356	1	'Wimereux'	
3032372	11	50.3953	3.66690	6355	1	'Quiévrechain'	
3023742	11	49.9089	2.50720	6307	0	'Corbie'	
3008463	11	50.39	3.16810	6297	0	'Lallaing'	
3013380	11	50.4461	2.64780	6263	1	'Hersin-Coupigny'	
6438515	11	50.5267	3.17500	6196	1	'Templeuve'	
6438529	11	50.3256	3.48580	6189	1	'Trith-Saint-Léger'	
2992760	11	49.6481	2.57000	6174	0	'Montdidier'	
6438338	11	50.9942	2.21970	6139	1	'Loon-Plage'	
2967466	11	50.4203	3.10560	6089	1	'Roost-Warendin'	
2981941	11	50.4447	2.68360	6077	1	'Sains-en-Gohelle'	
6438405	11	50.3772	3.21580	6050	1	'Pecquencourt'	
2979010	11	49.5061	2.43080	6033	1	'Saint-Just-en-Chaussée'	
3020944	11	50.1567	2.34030	5998	0	'Doullens'	
3020917	11	50.4361	2.98670	5935	1	'Dourges'	
3037521	11	50.5336	2.61830	5871	1	'Annezin'	
2989901	11	50.42	2.99390	5828	0	'Noyelles-Godault'	
3018336	11	50.3978	3.06250	5816	0	'Flers-en-Escrebieux'	
2982330	11	49.7	2.79030	5709	0	'Roye'	
2997681	11	49.8703	2.35610	5693	0	'Longueau'	
6446501	11	49.9864	3.45470	5675	1	'Bohain-en-Vermandois'	
2976108	11	50.5933	2.96220	5668	1	'Santes'	
3021911	11	50.2819	2.72720	5665	0	'Dainville'	
2967288	11	50.8828	2.46780	5665	1	'Wormhout'	
3005418	11	50.6383	2.71420	5637	1	'La Gorgue'	
3014223	11	50.8678	1.87360	5619	1	'Guînes'	
6617186	11	50.4267	3.18310	5597	1	'Flines-lès-Raches'	
6618436	11	50.2631	2.78860	5596	1	'Beaurains'	
6454426	11	50.3753	3.39190	5568	1	'Wallers'	
2990118	11	50.5022	2.50220	5561	1	'Marles-les-Mines'	
3020886	11	50.51	2.83170	5544	1	'Douvrin'	
2981949	11	50.5625	2.90060	5533	1	'Sainghin-en-Weppes'	
6439419	11	50.4869	2.48360	5520	1	'Calonne-Ricouart'	
2988893	11	50.9778	2.04420	5478	1	'Oye-Plage'	
3018739	11	50.3658	3.30060	5448	1	'Fenain'	
3036229	11	50.8792	2.08060	5442	1	'Audruicq'	
3023254	11	50.9242	1.88500	5401	1	'Coulogne'	
6438575	11	50.7722	3.04780	5384	1	'Wervicq-Sud'	
8294802	11	50.4383	2.86830	5379	0	'Loison-sous-Lens'	
2989094	11	50.4544	3.03080	5367	1	'Ostricourt'	
6438185	11	50.3525	3.12830	5362	1	'Déchy'	
3019877	11	50.6756	2.84750	5293	1	'Erquinghem-Lys'	
3018650	11	50.255	3.99280	5292	1	'Ferrière-la-Grande'	
2991297	11	49.3158	2.31940	5255	1	'Mouy'	
3016524	11	49.8253	3.28560	5254	1	'Gauchy'	
6450049	11	50.5142	2.89810	5131	1	'Bauvin'	
3015126	11	50.9978	2.10920	5121	1	'Grand-Fort-Philippe'	
2980283	11	50.6817	1.62580	5118	1	'Saint-Étienne-au-Mont'	
8294749	11	50.4869	1.62440	5092	0	'Cucq'	
6618428	11	50.3369	3.02280	5083	1	'Brébières'	
6617190	11	50.3531	3.06780	5071	1	'Lambres-lès-Douai'	
6439710	11	50.8147	1.70330	5064	1	'Marquise'	
3005696	11	50.6275	2.77110	5000	1	'Laventie'	
6439374	11	50.7169	2.27640	4974	0	'Blendecques'	
6439873	11	50.3792	2.33470	4942	0	'Saint-Pol-sur-Ternoise'	
6439477	11	50.6678	1.83440	4930	1	'Desvres'	
3021935	11	50.5683	3.21500	4908	1	'Cysoing'	
3002420	11	50.2489	3.63750	4902	0	'Le Quesnoy'	
3031516	11	49.1983	2.20920	4899	1	'Bornel'	
3009716	11	49.3561	2.78690	4894	1	'Lacroix-Saint-Ouen'	
3036300	11	50.3711	3.47440	4882	1	'Petite Forêt'	
6439879	11	50.9467	1.75670	4852	1	'Sangatte'	
6439584	11	50.4761	2.58470	4831	1	'Haillicourt'	
6450086	11	50.7708	3.07860	4818	1	'Bousbecque'	
6617197	11	50.3667	3.18690	4791	1	'Montigny-en-Ostervent'	
8286262	11	50.6153	3.24080	4784	1	'Baisieux'	
2987423	11	50.5169	3.01640	4780	1	'Phalempin'	
2969864	11	50.4883	2.74580	4741	1	'Vermelles'	
6438496	11	50.6264	2.98500	4739	1	'Sequedin'	
3014195	11	49.9003	3.62750	4731	0	'Guise'	
6617187	11	50.6133	2.95940	4727	1	'Hallennes-lès-Haubourdin'	
2977901	11	50.3028	2.77720	4724	0	'Saint-Nicolas'	
6438778	11	49.2961	2.44560	4712	1	'Laigneville'	
3036270	11	50.5125	2.78390	4700	1	'Auchy-les-Mines'	
3032622	11	50.5189	2.86750	4693	1	'Billy-Berclau'	
2978769	11	49.2172	2.42190	4692	1	'Saint-Leu-d’Esserent'	
3014346	11	50.3525	3.14470	4691	1	'Guesnain'	
2969806	11	49.2764	2.52220	4677	1	'Verneuil-en-Halatte'	
2967863	11	50.3258	2.98310	4676	1	'Vitry-en-Artois'	
3037585	11	50.4092	2.75860	4613	1	'Angres'	
2976291	11	50.6397	1.74530	4611	1	'Samer'	
2999446	11	50.6222	2.68500	4610	1	'Lestrem'	
2976865	11	49.7464	3.07280	4596	0	'Ham'	
3019276	11	50.4383	3.03330	4588	1	'Évin-Malmaison'	
6617194	11	50.4081	3.28220	4587	1	'Marchiennes-Ville'	
3036406	11	50.3328	3.23220	4533	0	'Auberchicourt'	
2972684	11	49.4786	2.88360	4531	1	'Thourotte'	
3022559	11	50.42	3.66140	4514	1	'Crespin'	
6438133	11	51.0711	2.52750	4507	1	'Bray-Dunes'	
3017024	11	50.0906	1.54970	4501	1	'Friville-Escarbotin'	
2968415	11	49.8669	2.52000	4482	0	'Villers-Bretonneux'	
6438289	11	50.4744	3.52190	4439	1	'Hergnies'	
3029003	11	49.8869	2.34580	4424	1	'Camon'	
3030374	11	50.8547	1.97750	4403	1	'Ardres'	
2973823	11	50.8094	2.58280	4388	1	'Steenvoorde'	
6439585	11	50.5081	2.80170	4380	1	'Haisnes'	
3037548	11	50.4636	2.88220	4377	1	'Annay'	
3038731	11	50.3342	3.30220	4376	1	'Abscon'	
3035698	11	50.1236	3.92560	4345	1	'Avesnes-sur-Helpe'	
6438423	11	50.5147	2.91280	4318	1	'Provin'	
2974360	11	50.1856	3.49830	4290	1	'Solesmes'	
6438323	11	51.0536	2.43860	4255	1	'Leffrinckoucke'	
2968070	11	50.3725	2.81060	4250	1	'Vimy'	
2990958	11	49.1417	2.81060	4249	1	'Nanteuil-le-Haudouin'	
6438593	11	49.6325	2.29330	4244	0	'Breteuil'	
2999139	11	50.5233	1.58530	4229	0	'Le Touquet-Paris-Plage'	
2984438	11	50.4175	1.63970	4224	0	'Rang-du-Fliers'	
6439365	11	50.3117	2.94420	4197	0	'Biache-Saint-Vaast'	
6438213	11	50.4244	3.55860	4173	1	'Escautpont'	
3016130	11	51.0517	2.52720	4164	1	'Ghyvelde'	
6438290	11	50.3544	3.45250	4128	1	'Hérin'	
2995269	11	50.3486	3.20170	4125	1	'Masny'	
6439866	11	50.7553	2.23580	4077	1	'Saint-Martin-au-Laërt'	
6438297	11	50.9794	2.58530	4072	1	'Hondschoote'	
6438344	11	50.3089	3.48580	4061	1	'Maing'	
6438454	11	50.2717	4.00580	4055	1	'Rousies'	
3030323	11	49.4103	2.25080	4051	1	'Bresles'	
6438262	11	50.5444	2.98420	4045	1	'Gondecourt'	
2967350	11	50.7631	1.63250	4031	1	'Wimille'	
6438432	11	50.4397	3.10250	4005	0	'Raimbeaucourt'	
3024906	11	49.2731	2.35670	3986	0	'Cires-lès-Mello'	
2991783	11	49.7744	2.48310	3968	1	'Moreuil'	
6438339	11	50.3147	3.35530	3959	1	'Lourches'	
3022739	11	49.1422	2.47310	3954	1	'Coye-la-Forêt'	
2981956	11	50.6578	2.77030	3946	1	'Sailly-sur-la-Lys'	
6450082	11	50.2842	3.31690	3940	1	'Bouchain'	
2976337	11	49.87	2.24220	3921	1	'Salouël'	
3038349	11	50.4258	2.70970	3915	1	'Aix-Noulette'	
2972365	11	50.6608	3.22970	3909	1	'Toufflers'	
6438276	11	50.4211	3.38670	3899	1	'Hasnon'	
2972658	11	50.4789	3.05500	3893	1	'Thumeries'	
2970018	11	49.3106	2.73140	3823	1	'Verberie'	
2990628	11	49.2236	2.28530	3818	1	'Neuilly-en-Thelle'	
6615138	11	50.3094	3.33500	3817	1	'Roeulx'	
3035088	11	50.1036	2.85110	3817	0	'Bapaume'	
3033657	11	49.3589	3.33560	3815	0	'Belleu'	
2990527	11	50.1878	3.22220	3792	1	'Neuville-Saint-Rémy'	
2994121	11	50.4972	2.88970	3767	1	'Meurchin'	
3019500	11	49.4256	2.64280	3749	1	'Estrées-Saint-Denis'	
2990678	11	50.6186	1.64080	3744	1	'Neufchâtel-Hardelot'	
2968008	11	50.5408	2.78890	3720	1	'Violaines'	
2973821	11	50.7003	2.77750	3669	1	'Steenwerck'	
3020065	11	50.8064	2.15170	3668	1	'Éperlecques'	
3010683	11	50.4897	2.56560	3647	1	'Labuissière'	
3035701	11	50.1972	3.38000	3638	1	'Avesnes-lès-Aubert'	
3033363	11	50.9686	2.43420	3637	1	'Bergues'	
6456264	11	49.0967	2.75310	3620	1	'Le Plessis-Belleville'	
2997142	11	50.7053	2.12060	3607	1	'Lumbres'	
6444706	11	49.9025	2.32690	3576	1	'Rivery'	
3013152	11	50.3678	3.33530	3562	1	'Hornaing'	
6614762	11	49.6083	2.07810	3519	1	'Crèvecoeur-le-Grand'	
2980723	11	50.3072	2.76310	3503	0	'Sainte-Catherine'	
3017080	11	50.2764	2.28810	3498	1	'Frévent'	
3007830	11	50.1256	3.69000	3479	1	'Landrecies'	
2969722	11	50.5025	2.64000	3476	1	'Verquin'	
3007116	11	50.5164	2.54030	3467	1	'Lapugnoy'	
3038142	11	50.5361	2.95080	3458	1	'Allennes-les-Marais'	
3033485	11	50.4858	2.81670	3429	1	'Hulluch'	
3017686	11	51.031	2.30610	3426	1	'Fort-Mardyck'	
2973188	11	50.5742	3.05440	3401	1	'Templemars'	
6439864	11	50.6906	1.62420	3394	0	'Saint-Léonard'	
8288694	11	49.6578	3.31010	3392	1	'Fargniers'	
3013083	11	50.5636	3.00170	3378	1	'Houplin-Ancoisne'	
2994349	11	50.4556	1.61390	3374	1	'Merlimont'	
2978017	11	49.9181	4.13280	3365	0	'Saint-Michel'	
3012620	11	50.2331	3.32220	3359	0	'Iwuy'	
2989211	11	49.1322	2.51280	3337	1	'Orry-la-Ville'	
6438253	11	50.5575	3.13420	3334	1	'Fretin'	
3025881	11	49.2675	1.88890	3305	0	'Chaumont-en-Vexin'	
2980562	11	49.2889	2.19890	3301	1	'Sainte-Geneviève'	
6455197	11	50.2975	3.79810	3295	1	'Bavay'	
6450089	11	49.2594	2.16500	3292	1	'Andeville'	
3025058	11	49.4386	2.87750	3283	1	'Choisy-au-Bac'	
3014044	11	50.7111	2.22920	3272	1	'Wizernes'	
6454452	11	49.3014	2.64030	3250	1	'Pontpoint'	
6614995	11	50.1928	3.26500	3238	1	'Escaudoeuvres'	
6454752	11	49.8456	2.39080	3228	1	'Boves'	
3037506	11	49.9894	4.09860	3213	1	'Anor'	
3030799	11	50.2906	4.04080	3212	1	'Boussois'	
3013637	11	50.3514	3.40280	3212	1	'Haveluy'	
2985498	11	49.2061	2.37060	3212	1	'Précy-sur-Oise'	
6444438	11	50.0128	2.08080	3205	1	'Flixecourt'	
3013044	11	50.9711	2.44610	3204	1	'Hoymille'	
6613064	11	50.2803	3.10640	3199	1	'Arleux'	
2986285	11	50.4736	2.88860	3167	1	'Pont-à-Vendin'	
3033355	11	50.2022	3.81140	3155	0	'Berlaimont'	
2985231	11	50.1614	3.20580	3150	0	'Proville'	
6438201	11	50.5933	3.00170	3140	1	'Emmerin'	
3010344	11	49.1275	2.53440	3140	1	'La Chapelle-en-Serval'	
2994385	11	50.5056	3.11000	3132	1	'Mérignies'	
6456238	11	50.3494	3.48810	3126	0	'La Sentinelle'	
3030202	11	49.3608	2.43670	3099	1	'Breuil-le-Vert'	
2982261	11	50.2722	1.66780	3096	1	'Rue'	
6438328	11	50.6144	3.11330	3065	1	'Lezennes'	
6450136	11	49.3011	2.80310	3063	1	'Béthisy-Saint-Pierre'	
6452430	11	49.3822	2.38420	3047	1	'Agnetz'	
2984874	11	50.3889	3.62310	3045	1	'Quarouble'	
3022804	11	50.4553	3.20330	3041	1	'Coutiches'	
2976690	11	50.6222	2.54440	3036	0	'Saint-Venant'	
3018693	11	49.1994	3.51750	3032	1	'Fère-en-Tardenois'	
6439828	11	50.805	1.73810	3015	1	'Rinxent'	
2982775	11	49.8142	2.70280	3001	1	'Rosières-en-Santerre'	
2967363	11	50.6319	3.23830	2999	1	'Willems'	
2972889	11	50.3056	3.44830	2998	1	'Thiant'	
3025458	11	50.6111	3.20470	2991	1	'Chéreng'	
6451267	11	49.9267	2.19390	2985	1	'Ailly-sur-Somme'	
3029483	11	49.3139	2.34330	2966	1	'Bury'	
3003592	11	50.5319	2.84280	2956	1	'Salomé'	
3017144	11	49.9475	3.41720	2952	1	'Fresnoy-le-Grand'	
2984782	11	49.6711	3.30130	2950	1	'Quessy'	
6439485	11	50.3911	2.92670	2924	0	'Drocourt'	
3022271	11	49.4025	3.36000	2912	1	'Crouy'	
3038075	11	50.5306	2.50810	2906	1	'Allouagne'	
6438413	11	50.5217	3.11610	2899	0	'Pont-à-Marcq'	
3020300	11	50.4208	2.81110	2880	1	'Éleu-dit-Leauwette'	
3014918	11	49.6661	1.94060	2880	0	'Grandvilliers'	
3010855	11	50.4986	2.68000	2878	1	'Labourse'	
2967372	11	50.0169	4.00830	2877	0	'Wignehies'	
2970081	11	49.4156	2.79970	2876	1	'Venette'	
2978101	11	49.2211	2.44670	2872	1	'Saint-Maximin'	
2993509	11	50.6122	2.46150	2870	1	'Molinghem'	
3036074	11	49.37	1.99690	2864	1	'Auneuil'	
3009526	11	49.6617	3.36560	2847	0	'La Fère'	
3029548	11	50.5386	2.46690	2845	1	'Burbure'	
2981943	11	50.0936	4.01000	2845	1	'Sains-du-Nord'	
3025071	11	50.5419	2.57310	2841	1	'Chocques'	
3038429	11	49.7564	2.36330	2835	1	'Ailly-sur-Noye'	
6438318	11	50.4708	3.39440	2828	1	'Lecelles'	
2976459	11	49.8586	2.23810	2826	1	'Saleux'	
2990307	11	49.3278	2.20000	2814	1	'Noailles'	
6438175	11	50.345	3.05920	2813	1	'Courchelettes'	
2971887	11	50.0583	4.10280	2798	1	'Trélon'	
2981950	11	50.5869	3.16750	2792	1	'Sainghin-en-Mélantois'	
6450247	11	50.3144	2.74440	2773	1	'Anzin-Saint-Aubin'	
3028219	11	50.5039	2.45140	2768	1	'Cauchy-à-la-Tour'	
3016376	11	50.5308	3.21640	2768	1	'Genech'	
6424896	11	49.0294	3.37420	2760	1	'Essômes-sur-Marne'	
3029012	11	50.5661	1.61360	2748	0	'Camiers'	
2974931	11	49.3533	1.77030	2742	1	'Sérifontaine'	
2994313	11	50.0672	1.38780	2738	1	'Mers-les-Bains'	
2995270	11	50.1153	3.20970	2731	1	'Masnières'	
2995550	11	50.2914	4.07970	2729	1	'Marpent'	
3009805	11	50.5814	2.71190	2720	1	'La Couture'	
3018318	11	50.6522	2.83280	2719	1	'Fleurbaix'	
2984600	11	50.4167	3.13670	2719	1	'Râches'	
3013875	11	50.2583	3.41670	2709	1	'Haspres'	
3034023	11	49.6508	3.34470	2707	1	'Beautor'	
3003110	11	50.6769	1.57250	2700	1	'Équihen-Plage'	
2990520	11	50.2997	3.35390	2695	1	'Neuville-sur-l’Escaut'	
3035743	11	50.54	3.08170	2666	1	'Avelin'	
3030205	11	49.3703	2.45220	2663	1	'Breuil-le-Sec'	
6617296	11	50.5792	2.73940	2638	1	'Richebourg-Saint-Vaast'	
6438799	11	49.4678	2.86360	2624	1	'Longueil-Annel'	
6438554	11	50.4856	3.03580	2621	1	'Wahagnies'	
3035838	11	50.2306	2.11470	2606	1	'Auxi-le-Château'	
3036464	11	49.5731	3.68310	2605	1	'Athies-sous-Laon'	
3023787	11	50.935	1.79920	2603	0	'Coquelles'	
6438567	11	50.8331	2.21250	2602	1	'Watten'	
3026603	11	48.9772	3.28530	2597	1	'Charly-sur-Marne'	
3003101	11	50.0172	3.78500	2584	0	'Le Nouvion-en-Thiérache'	
3028204	11	49.3172	2.44830	2581	1	'Cauffry'	
2969599	11	49.835	3.90920	2579	0	'Vervins'	
6438152	11	50.6444	2.96190	2565	0	'Capinghem'	
3018448	11	49.3906	2.43000	2562	1	'Fitz-James'	
2974123	11	50.3908	2.74280	2545	1	'Souchez'	
2990167	11	50.4989	3.25030	2544	1	'Nomain'	
3018561	11	50.0614	1.60500	2533	1	'Feuquières-en-Vimeu'	
3019080	11	50.3156	3.51920	2531	1	'Famars'	
2984420	11	49.3297	2.44140	2526	1	'Rantigny'	
3015681	11	50.5617	2.57390	2522	1	'Gonnehem'	
2991881	11	50.6936	2.51750	2519	1	'Morbecque'	
2993403	11	50.3039	3.20940	2512	1	'Monchecourt'	
2984871	11	50.2239	3.84720	2505	0	'Pont-sur-Sambre'	
3013424	11	49.3575	2.24610	2504	1	'Hermes'	
2969234	11	50.6947	2.64440	2503	1	'Vieux-Berquin'	
3016737	11	49.9867	1.55720	2501	1	'Gamaches'	
3028946	11	50.5953	3.26000	2493	1	'Camphin-en-Pévèle'	
6613779	11	50.1883	1.62940	2491	1	'Saint-Valéry-sur-Somme'	
6439454	11	50.6544	1.63330	2486	1	'Condette'	
2969871	11	50.6819	2.99640	2475	1	'Verlinghem'	
3029477	11	50.0336	3.46720	2473	1	'Busigny'	
2969613	11	50.4022	1.64940	2472	1	'Verton'	
2968528	11	49.3792	3.35860	2464	1	'Villeneuve-Saint-Germain'	
6444340	11	50.1808	1.49470	2462	1	'Cayeux-sur-Mer'	
6618360	11	50.3239	2.70560	2461	1	'Maroeuil'	
6439934	11	50.5422	2.60640	2452	1	'Vendin-lès-Béthune'	
2986244	11	49.88	2.24190	2448	1	'Pont-de-Metz'	
2999002	11	50.1886	3.83830	2445	1	'Leval'	
2975802	11	50.3378	3.57610	2435	1	'Saultain'	
6450036	11	50.1175	3.94310	2433	0	'Avesnelles'	
6614526	11	50.7119	2.93390	2431	1	'Frélinghien'	
2997956	11	50.5703	2.66670	2430	1	'Locon'	
2998714	11	50.3408	3.16860	2427	1	'Lewarde'	
3013273	11	50.5653	2.62220	2426	1	'Hinges'	
2984210	11	50.2808	4.04080	2408	1	'Recquignies'	
3013442	11	50.5781	2.85420	2396	1	'Herlies'	
3007903	11	50.4736	3.30140	2395	1	'Landas'	
3038400	11	49.965	1.94330	2379	1	'Airaines'	
3030727	11	50.4214	2.67220	2379	1	'Bouvigny-Boyeffles'	
6439849	11	50.5017	2.69420	2377	1	'Sailly-Labourse'	
2989899	11	50.4894	2.72580	2362	1	'Noyelles-lès-Vermelles'	
3012404	11	49.3894	2.77610	2356	1	'Jaux'	
3016931	11	50.5147	2.13390	2354	1	'Fruges'	
2969146	11	50.0111	2.19500	2354	1	'Vignacourt'	
2975043	11	50.3356	3.04920	2339	1	'Corbehem'	
2968335	11	49.2125	2.39810	2327	1	'Villers-sous-Saint-Leu'	
3013845	11	50.3178	3.43670	2323	1	'Haulchin'	
2990741	11	49.7581	2.91000	2321	1	'Nesle'	
6613594	11	50.7406	2.69220	2314	1	'Météren'	
3015723	11	50.2708	3.70780	2312	1	'Gommegnies'	
6450040	11	50.2147	3.86440	2306	1	'Bachant'	
2980098	11	50.9464	2.12220	2303	1	'Saint-Folquin'	
2979648	11	49.5958	3.37500	2288	0	'Saint-Gobain'	
3003341	11	49.3678	2.74440	2285	1	'Le Meux'	
3028440	11	50.8	2.48720	2278	1	'Cassel'	
2997792	11	50.6689	2.98940	2264	1	'Lompret'	
3036451	11	50.5225	3.06110	2263	1	'Attiches'	
2984594	11	50.6931	2.35780	2255	1	'Racquinghem'	
2995675	11	49.74	3.77140	2252	1	'Marle'	
2982423	11	50.3206	3.45060	2249	1	'Prouvy'	
3035351	11	49.3853	2.22190	2247	1	'Bailleul-sur-Thérain'	
3033222	11	50.4819	3.14470	2246	1	'Bersée'	
3036913	11	50.9778	2.35330	2240	1	'Armbouts-Cappel'	
3030604	11	49.3417	3.53190	2239	1	'Braine'	
3022850	11	50.2456	4.14920	2237	1	'Cousolre'	
3028691	11	50.5103	3.17250	2234	1	'Cappelle-en-Pévèle'	
3017491	11	50.5853	2.88920	2225	1	'Fournes-en-Weppes'	
3013365	11	50.3742	2.03670	2219	0	'Hesdin'	
3003393	11	49.1781	2.28610	2217	1	'Le Mesnil-en-Thelle'	
3014289	11	49.4353	3.96580	2211	1	'Guignicourt'	
2986484	11	50.1889	3.60780	2208	1	'Poix-du-Nord'	
3020165	11	50.5414	3.12940	2204	1	'Ennevelin'	
2993390	11	49.29	2.46720	2197	1	'Monchy-Saint-Éloi'	
3022123	11	49.3869	3.00640	2196	1	'Cuise-la-Motte'	
3018942	11	50.4606	3.13810	2191	1	'Faumont'	
3017127	11	50.0678	1.57690	2191	1	'Fressenneville'	
3024801	11	49.4425	2.84690	2190	1	'Clairoix'	
6614027	11	50.7997	2.69110	2179	1	'Boeschèpe'	
3033149	11	50.0875	3.44250	2174	1	'Bertry'	
6450244	11	50.5072	2.72500	2166	1	'Annequin'	
3031605	11	49.1661	2.35890	2156	1	'Boran-sur-Oise'	
3020429	11	50.67	2.28610	2152	1	'Ecques'	
2990277	11	48.965	3.32360	2138	1	'Nogent-l’Artaud'	
6438548	11	50.0333	3.30030	2129	1	'Villers-Outréaux'	
2993203	11	50.4794	3.10220	2126	1	'Mons-en-Pévèle'	
3017717	11	49.6506	1.72970	2120	1	'Formerie'	
2985461	11	50.6553	2.95250	2119	1	'Prémesques'	
3019643	11	50.8869	2.43140	2110	1	'Esquelbecq'	
2984005	11	50.7306	2.37110	2100	1	'Renescure'	
6618332	11	50.7972	1.77470	2100	1	'Réty'	
6439344	11	50.4247	1.89810	2095	1	'Beaurainville'	
3008426	11	50.2892	3.85690	2094	1	'La Longueville'	
8285660	11	49.1783	3.12390	2077	1	'La Ferté-Milon'	
2990615	11	49.1683	3.26390	2075	1	'Neuilly-Saint-Front'	
2971580	11	49.4003	2.98890	2072	1	'Trosly-Breuil'	
3034001	11	50.1061	2.32940	2066	1	'Beauval'	
3032319	11	50.6919	2.40360	2064	1	'Blaringhem'	
6438777	11	49.0867	2.74420	2056	1	'Lagny-le-Sec'	
3025942	11	49.8156	2.80420	2054	1	'Chaulnes'	
6438259	11	50.7939	2.64330	2051	1	'Godewaersvelde'	
3018332	11	50.0014	2.26000	2042	1	'Flesselles'	
3019545	11	50.4753	2.90780	2039	1	'Estevelles'	
3033962	11	50.1378	3.38280	2038	0	'Beauvois-en-Cambrésis'	
2974506	11	49.5961	3.24670	2034	1	'Sinceny'	
2974450	11	49.5708	3.89280	2034	1	'Sissonne'	
3025284	11	49.3447	2.68250	2022	1	'Chevrières'	
2967460	11	50.9761	2.49310	2020	1	'Warhem'	
3029234	11	50.7583	2.60420	2017	1	'Caëstre'	
6438591	11	49.3031	2.53440	2013	1	'Brenouille'	
3002108	11	50.9072	1.93390	2009	1	'Les Attaques'	
2995534	11	50.5561	2.87060	2008	1	'Marquillies'	
2971169	11	49.4092	3.51640	2008	1	'Vailly-sur-Aisne'	
6439697	11	50.6344	2.32530	2002	1	'Mametz'	
2994939	11	50.2158	1.62500	2002	1	'Le Crotoy'	
3015911	11	50.3928	2.77220	1990	1	'Givenchy-en-Gohelle'	
3013571	11	50.3694	3.35810	1988	1	'Hélesmes'	
2983798	11	50.9394	2.53970	1988	1	'Rexpoëde'	
6438492	11	50.3422	3.64670	1975	1	'Sebourg'	
6694108	11	50.5042	2.66220	1974	1	'Verquigneul'	
2983699	11	49.7956	3.45830	1959	1	'Ribemont'	
2985416	11	50.3108	3.57420	1957	1	'Préseau'	
3029023	11	49.5064	2.89750	1951	1	'Cambronne-lès-Ribécourt'	
3022386	11	50.1997	2.88000	1950	1	'Croisilles'	
2982839	11	50.6706	2.34220	1940	1	'Roquetoire'	
3020565	11	50.3506	3.21610	1936	1	'Écaillon'	
2971692	11	49.2847	1.82110	1934	1	'Trie-Château'	
3037564	11	49.5058	3.45060	1931	1	'Anizy-le-Château'	
6438697	11	49.2622	2.58560	1929	0	'Fleurines'	
3028983	11	50.3975	1.87670	1927	0	'Campagne-lès-Hesdin'	
2981959	11	50.6469	3.22360	1926	1	'Sailly-lès-Lannoy'	
2997675	11	49.3567	2.71780	1923	1	'Longueil-Sainte-Marie'	
3008496	11	50.4478	3.36390	1915	1	'Rosult'	
3013363	11	50.6686	1.68110	1911	1	'Hesdin-l’Abbé'	
3038592	11	50.26	2.75940	1906	1	'Agny'	
6450235	11	50.8094	1.60640	1895	1	'Ambleteuse'	
2998360	11	50.0997	3.37920	1895	1	'Ligny-en-Cambrésis'	
3036450	11	49.4125	3.04720	1894	1	'Attichy'	
2995933	11	50.1214	3.17360	1894	1	'Marcoing'	
6615137	11	50.2875	3.26830	1885	1	'Marquette-en-Ostrevent'	
6613542	11	49.4381	2.70780	1881	1	'Rémy'	
2971386	11	49.2778	2.28030	1879	1	'Ully-Saint-Georges'	
6424766	11	49.3906	3.39390	1873	0	'Bucy-le-Long'	
6615142	11	49.1033	2.58360	1872	1	'Plailly'	
3023007	11	49.3447	3.31250	1861	1	'Courmelles'	
3035702	11	50.2769	2.52860	1853	1	'Avesnes-le-Comte'	
2978817	11	50.0492	2.13750	1852	1	'Saint-Léger-lès-Domart'	
2987270	11	49.3511	2.98030	1839	0	'Pierrefonds'	
2973311	11	50.7439	2.20810	1837	1	'Tatinghem'	
6615655	11	49.6042	3.51390	1830	1	'Crépy-en-Laonnois'	
3017582	11	49.8994	2.50360	1828	1	'Fouilloy'	
3038763	11	50.3922	2.71250	1824	1	'Ablain-Saint-Nazaire'	
6450027	11	50.2881	4.01500	1821	1	'Assevent'	
3032726	11	50.9628	2.41080	1819	1	'Bierne'	
3019977	11	49.7417	3.05030	1810	1	'Eppeville'	
3014197	11	49.6558	3.05170	1804	1	'Guiscard'	
2973847	11	50.9694	2.32330	1804	1	'Spycker'	
3021513	11	50.7342	2.94830	1798	1	'Deûlemont'	
3033360	11	50.6074	2.46890	1797	1	'Berguette'	
2974329	11	50.1744	4.09170	1797	1	'Solre-le-Château'	
2984726	11	50.1661	3.42750	1790	1	'Quiévy'	
6424860	11	49.405	3.31970	1786	1	'Cuffies'	
3018672	11	50.8292	1.76000	1785	1	'Ferques'	
3015870	11	50.0561	4.07470	1782	1	'Glageon'	
3010609	11	49.9772	3.91640	1782	1	'La Capelle-en-Thiérache'	
2982168	11	50.4889	3.34970	1778	1	'Rumegies'	
3018018	11	50.1669	3.15970	1776	1	'Fontaine-Notre-Dame'	
3029046	11	50.4822	2.46310	1774	1	'Camblain-Châtelain'	
3023804	11	49.7406	2.15170	1773	1	'Conty'	
2967112	11	50.8536	2.06750	1773	1	'Zutkerque'	
2993839	11	49.5025	1.99530	1756	1	'Milly-sur-Thérain'	
3037921	11	49.2031	2.12170	1748	1	'Amblainville'	
3035482	11	50.5503	3.26000	1747	1	'Bachy'	
3022134	11	50.5194	2.74860	1746	1	'Cuinchy'	
6439506	11	50.5469	2.66440	1742	1	'Essars'	
3030845	11	50.1511	3.61580	1740	1	'Bousies'	
2972107	11	49.4706	3.00860	1730	0	'Tracy-le-Mont'	
2987086	11	49.4883	3.44640	1728	1	'Pinon'	
2980344	11	49.515	3.83940	1722	1	'Saint-Erme-Outre-et-Ramecourt'	
3018793	11	50.2656	3.21390	1722	1	'Féchain'	
2975771	11	50.2408	3.44360	1720	1	'Saulzoir'	
3013569	11	50.6978	2.24310	1714	0	'Helfaut'	
2979398	11	50.7631	2.72170	1714	1	'Saint-Jans-Cappel'	
2979722	11	49.4431	1.78140	1713	1	'Saint-Germer-de-Fly'	
2969212	11	50.4772	3.33420	1702	1	'Saméon'	
2996621	11	50.4525	2.58500	1696	1	'Maisnil-lès-Ruitz'	
3035286	11	49.2953	2.33640	1693	1	'Balagny-sur-Thérain'	
2967916	11	49.6314	3.24280	1693	1	'Viry-Noureuil'	
6438917	11	49.54	2.74580	1692	1	'Ressons-sur-Matz'	
6618090	11	49.8369	3.48920	1683	1	'Origny-Sainte-Benoîte'	
3028947	11	50.5119	2.98690	1682	1	'Camphin-en-Carembault'	
3020437	11	50.2506	3.07110	1679	1	'Écourt-Saint-Quentin'	
3018361	11	49.7133	3.19310	1678	0	'Flavy-le-Martel'	
3032027	11	50.6489	2.87420	1675	1	'Bois-Grenier'	
6438507	11	50.6744	2.48500	1674	1	'Steenbecque'	
6438140	11	50.4547	3.51940	1672	1	'Bruille-Saint-Amand'	
3010400	11	49.4492	1.90250	1668	1	'Lachapelle-aux-Pots'	
6438861	11	49.345	2.41140	1659	1	'Neuilly-sous-Clermont'	
2987947	11	50.4842	2.41060	1659	1	'Pernes'	
2990087	11	50.875	2.02500	1656	1	'Nortkerque'	
3036394	11	50.5953	2.82500	1655	1	'Aubers'	
3030994	11	50.5647	3.24360	1653	1	'Bourghelles'	
2980418	11	50.8994	2.13780	1653	1	'Sainte-Marie-Kerque'	
6438570	11	50.3308	3.41500	1651	1	'Wavrechain-sous-Denain'	
3028146	11	49.3008	2.24860	1651	1	'Cauvigny'	
3020813	11	49.9153	2.22940	1648	1	'Dreuil-lès-Amiens'	
6438238	11	50.5069	3.46640	1646	1	'Flines-lès-Mortagne'	
3011045	11	50.52	2.56310	1645	1	'Labeuvrière'	
6438317	11	50.39	3.04420	1644	1	'Lauwin-Planque'	
6438293	11	50.8864	2.53360	1641	1	'Herzeele'	
2982154	11	50.8594	2.15780	1641	1	'Ruminghem'	
3013955	11	49.8489	2.66970	1638	1	'Harbonnières'	
3012837	11	50.5614	2.83110	1635	1	'Illies'	
2992664	11	49.7386	3.25750	1632	1	'Montescourt-Lizerolles'	
6439668	11	50.7853	1.93670	1631	1	'Licques'	
6425308	11	49.4056	3.11500	1631	1	'Vic-sur-Aisne'	
6439505	11	50.7047	2.18720	1627	1	'Esquerdes'	
3033200	11	49.3506	2.22470	1625	1	'Berthecourt'	
6444575	11	50.0125	1.99530	1623	1	'Longpré-les-Corps-Saints'	
6618301	11	50.7311	1.70690	1619	1	'La Capelle-lès-Boulogne'	
3024326	11	50.2567	4.07580	1618	1	'Colleret'	
2967110	11	51.0642	2.48940	1616	0	'Zuydcoote'	
2995822	11	49.1364	3.07720	1611	1	'Mareuil-sur-Ourcq'	
2975475	11	50.5044	3.45440	1609	1	'Mortagne-du-Nord'	
6438678	11	49.2356	2.30780	1607	1	'Ercuis'	
3028767	11	50.3092	3.12580	1605	1	'Cantin'	
2983077	11	49.9458	3.09780	1604	1	'Roisel'	
6614064	11	49.4039	2.11190	1596	0	'Allonne'	
3036856	11	50.8325	2.41060	1594	1	'Arnèke'	
3019810	11	49.2186	2.16530	1592	1	'Esches'	
6424953	11	49.8425	3.32110	1590	1	'Harly'	
3017562	11	50.5189	2.60110	1590	1	'Fouquereuil'	
3019870	11	50.3625	3.31500	1589	1	'Erre'	
2970118	11	50.5753	3.07810	1584	1	'Vendeville'	
6614186	11	50.4531	3.07940	1583	1	'Moncheaux'	
2979507	11	50.1833	3.41280	1575	1	'Saint-Hilaire-lez-Cambrai'	
3036271	11	50.3975	2.10220	1574	1	'Auchy-lès-Hesdin'	
3030524	11	49.0492	3.42780	1573	0	'Brasles'	
3024934	11	49.3189	2.52670	1572	1	'Cinqueux'	
2997583	11	50.5681	2.79060	1572	1	'Lorgies'	
2981615	11	50.2078	3.41640	1568	1	'Saint-Aubert'	
2982179	11	50.4678	2.58970	1562	1	'Ruitz'	
2977691	11	49.4292	2.00690	1562	1	'Saint-Paul'	
3037694	11	50.8672	1.92080	1556	1	'Andres'	
2990526	11	50.3556	2.75810	1549	1	'Neuville-Saint-Vaast'	
6438939	11	49.3544	2.54420	1549	1	'Sacy-le-Grand'	
6438947	11	49.2633	2.07250	1548	1	'Saint-Crépin-Ibouvillers'	
2996930	11	50.6228	2.61670	1539	1	'Calonne-sur-la-Lys'	
6438131	11	50.4358	3.24500	1537	1	'Bouvignies'	
6617211	11	50.8878	2.38610	1533	1	'Zeggers-Cappel'	
3013830	11	50.2178	3.48030	1529	1	'Haussy'	
6438615	11	49.5142	3.02470	1521	1	'Carlepont'	
6439576	11	50.3847	1.61580	1514	1	'Groffliers'	
3037481	11	50.6053	3.19080	1511	1	'Anstaing'	
6614660	11	50.4797	3.20580	1509	1	'Auchy-lès-Orchies'	
6424763	11	49.5244	3.66360	1504	1	'Bruyères-et-Montbérault'	
6424856	11	49.6969	3.62250	1500	1	'Crécy-sur-Serre'	
6424394	11	49.3144	2.47170	1494	1	'Mogneville'	
6438539	11	50.4086	3.60500	1478	1	'Vicq'	
2978235	11	49.3419	2.60420	1478	1	'Saint-Martin-Longueau'	
3015438	11	50.0556	3.12420	1477	1	'Gouzeaucourt'	
2995463	11	49.5756	1.95560	1476	1	'Marseille-en-Beauvaisis'	
3004326	11	50.6822	2.71920	1472	1	'Le Doulieu'	
3018688	11	50.3278	3.07360	1469	1	'Férin'	
2997713	11	50.6519	1.80560	1469	1	'Longfossé'	
3035349	11	49.3478	2.45750	1468	1	'Bailleval'	
3017766	11	50.6342	3.18920	1467	1	'Forest-sur-Marque'	
3015746	11	49.4264	2.03610	1467	1	'Goincourt'	
6613789	11	50.0536	1.90280	1464	1	'Pont-Rémy'	
3014014	11	50.8814	1.84280	1463	1	'Hames-Boucres'	
2969250	11	50.1531	3.46390	1460	1	'Viesly'	
3020617	11	49.8453	2.26940	1459	0	'Dury'	
3029673	11	50.14	2.70860	1457	1	'Bucquoy'	
3013200	11	49.85	3.36500	1456	1	'Homblières'	
2995840	11	50.0461	3.41890	1451	1	'Maretz'	
6439750	11	50.5839	2.78030	1445	1	'Neuve-Chapelle'	
3035699	11	50.2497	3.37750	1445	1	'Avesnes-le-Sec'	
2982156	11	50.1269	3.22000	1444	1	'Rumilly-en-Cambrésis'	
2975934	11	50.1694	4.02640	1444	1	'Sars-Poteries'	
6425123	11	49.895	4.01830	1438	1	'Origny-en-Thiérache'	
6438228	11	50.1431	4.02500	1437	0	'Felleries'	
3036122	11	50.1011	1.44860	1431	1	'Ault'	
6450079	11	50.8658	2.32640	1430	1	'Bollezeele'	
2983584	11	50.2011	3.35250	1429	1	'Rieux-en-Cambrésis'	
6438300	11	50.2625	3.31500	1426	1	'Hordain'	
8296884	11	49.8442	1.77920	1424	1	'Beaucamps-le-Vieux'	
2971272	11	51.0217	2.48330	1422	1	'Uxem'	
3013635	11	50.6414	2.54080	1419	1	'Haverskerque'	
3035352	11	50.3383	2.85030	1417	1	'Bailleul-Sir-Berthoult'	
3014450	11	50.6108	2.48940	1416	1	'Guarbecque'	
2995585	11	50.135	3.76080	1416	1	'Maroilles'	
3034054	11	49.9964	3.30890	1415	1	'Beaurevoir'	
3021277	11	49.9228	2.96530	1415	1	'Doingt'	
2972571	11	50.2764	2.81640	1413	1	'Tilloy-lès-Mofflaines'	
2971771	11	50.6197	3.19420	1409	1	'Tressin'	
6439046	11	49.2	2.49220	1408	1	'Vineuil-Saint-Firmin'	
6438136	11	50.9539	2.29190	1408	1	'Brouckerque'	
3036137	11	49.6122	3.60750	1404	1	'Aulnois-sous-Laon'	
3022622	11	50.2522	1.88310	1403	1	'Crécy-en-Ponthieu'	
6438431	11	50.6247	2.90500	1403	1	'Radinghem-en-Weppes'	
3037642	11	49.3119	2.50360	1401	1	'Angicourt'	
6438377	11	50.5181	3.29170	1400	1	'Mouchin'	
2969329	11	50.9283	2.07670	1400	1	'Vieille-Église'	
2989501	11	49.4163	1.92300	1398	1	'Ons-en-Bray'	
6439041	11	49.4825	2.80390	1396	1	'Villers-sur-Coudun'	
3018166	11	49.5419	3.28890	1388	1	'Folembray'	
2998437	11	50.2731	3.34530	1388	1	'Lieu-Saint-Amand'	
6618349	11	50.5878	2.40720	1387	1	'Norrent-Fontès'	
6454402	11	50.9942	2.41640	1385	1	'Coudekerque'	
3006358	11	49.5883	2.84330	1384	1	'Lassigny'	
2971694	11	49.5611	2.58890	1381	1	'Tricot'	
2970071	11	49.3656	3.39220	1379	1	'Venizel'	
3018562	11	49.6467	1.84670	1377	1	'Feuquières'	
6424961	11	49.8586	3.21250	1375	1	'Holnon'	
3004545	11	50.2769	3.04110	1375	1	'Lécluse'	
2973825	11	50.9533	2.36720	1374	1	'Steene'	
3015442	11	50.3117	3.05580	1373	1	'Gouy-sous-Bellonne'	
2992086	11	49.0214	3.19560	1370	1	'Montreuil-aux-Lions'	
3029791	11	50.3589	3.24390	1365	1	'Bruille-lez-Marchiennes'	
6456265	11	49.4653	2.89030	1359	1	'Le Plessis-Brion'	
6438553	11	50.3939	3.23140	1357	1	'Vred'	
3017104	11	50.9169	1.82470	1355	1	'Fréthun'	
2984828	11	50.3164	1.63610	1355	1	'Quend'	
3025204	11	48.9878	3.36720	1351	1	'Chézy-sur-Marne'	
2983354	11	50.5958	2.56330	1351	1	'Robecq'	
3013321	11	50.695	2.28250	1350	1	'Heuringhem'	
6617291	11	50.5831	2.58940	1348	1	'Mont-Bernenchon'	
3010985	11	49.2897	2.15830	1347	1	'Laboissière-en-Thelle'	
6618303	11	50.7106	2.34390	1336	1	'Wardrecques'	
2990336	11	50.4725	3.46720	1334	1	'Nivelles'	
3031315	11	50.0119	3.69860	1331	1	'Boué'	
3014479	11	49.8133	3.26610	1328	1	'Grugies'	
2992802	11	49.6956	4.01720	1328	1	'Montcornet'	
2990656	11	50.2661	3.90780	1324	1	'Neuf-Mesnil'	
3020705	11	50.3078	2.68440	1323	1	'Duisans'	
3034106	11	50.0847	2.39140	1318	1	'Beauquesne'	
2987356	11	49.9442	2.14360	1317	1	'Picquigny'	
6614523	11	50.0575	3.92750	1315	1	'Étroeungt'	
6438559	11	50.3994	3.31440	1313	1	'Wandignies-Hamage'	
3021105	11	50.5478	2.91970	1312	1	'Don'	
2997566	11	49.2567	2.10560	1310	1	'Lormaison'	
2990124	11	50.8178	2.08170	1310	1	'Nordausques'	
2967341	11	50.8408	2.55080	1307	1	'Winnezeele'	
3014050	11	49.9914	1.87690	1306	1	'Hallencourt'	
2967471	11	50.5686	3.26560	1306	1	'Wannehain'	
3021757	11	50.5892	1.61390	1303	1	'Dannes'	
6454409	11	50.6344	2.94140	1300	1	'Ennetières-en-Weppes'	
6444450	11	50.3414	1.56860	1300	1	'Fort-Mahon-Plage'	
3018591	11	50.5433	2.73670	1297	1	'Festubert'	
3032269	11	49.5161	3.15060	1295	1	'Blérancourt'	
3024396	11	49.1611	3.42170	1295	1	'Coincy'	
6438444	11	50.3797	3.25720	1294	1	'Rieulay'	
3035325	11	50.71	1.68030	1293	1	'Baincthun'	
3020184	11	50.1914	3.64280	1293	1	'Englefontaine'	
6438273	11	50.5358	2.87220	1292	1	'Hantay'	
6439403	11	50.855	1.96970	1290	1	'Brêmes'	
3014466	11	50.5947	3.20610	1288	1	'Gruson'	
2977275	11	50.0736	1.45190	1287	1	'Saint-Quentin-Lamotte-Croix-au-Bailly'	
6438550	11	50.285	3.61610	1284	1	'Villers-Pol'	
3007820	11	50.8472	1.78420	1283	1	'Landrethun-le-Nord'	
6424897	11	49.0342	3.41920	1279	1	'Étampes-sur-Marne'	
3022037	11	50.3294	3.60310	1278	1	'Curgies'	
3030459	11	49.9403	2.71750	1274	1	'Bray-sur-Somme'	
2997286	11	50.5175	2.50000	1273	1	'Lozinghem'	
2977178	11	50.1331	1.94690	1270	1	'Saint-Riquier'	
3029473	11	50.5878	2.51830	1269	1	'Busnes'	
6439007	11	49.48	2.04280	1268	1	'Troissereux'	
3028982	11	50.7194	2.33330	1258	1	'Campagne-lès-Wardrecques'	
2994803	11	49.9817	2.66000	1257	1	'Méaulte'	
2967416	11	50.6831	2.13670	1255	1	'Wavrans-sur-l’Aa'	
2967299	11	50.0664	1.53750	1255	1	'Woincourt'	
3012022	11	49.7203	3.23140	1254	1	'Jussy'	
3033760	11	50.3683	3.42580	1252	1	'Bellaing'	
2996058	11	49.85	2.57440	1251	1	'Marcelcave'	
2990685	11	50.6606	2.67110	1248	1	'Neuf-Berquin'	
3028493	11	50.0925	3.84580	1245	1	'Cartignies'	
2967418	11	49.5467	2.35940	1242	1	'Wavignies'	
6444730	11	49.8375	2.31500	1240	1	'Saint-Fuscien'	
2977841	11	49.5319	2.00220	1240	0	'Saint-Omer-en-Chaussée'	
3022472	11	49.0481	3.51080	1238	1	'Crézancy'	
3025482	11	50.0622	1.64670	1237	1	'Chépy'	
3029026	11	50.5114	2.74220	1236	1	'Cambrin'	
2990730	11	49.0194	3.42610	1233	1	'Nesles-la-Montagne'	
2976885	11	50.0556	3.53170	1228	1	'Saint-Souplet'	
2969288	11	48.8967	3.39720	1227	1	'Viels-Maisons'	
2985821	11	49.9472	2.31420	1223	1	'Poulainville'	
3021725	11	50.0417	1.52560	1221	1	'Dargnies'	
3020369	11	50.7786	2.59610	1220	1	'Eecke'	
3018077	11	50.13	3.37470	1218	1	'Fontaine-au-Pire'	
2968398	11	50.2258	3.40080	1217	1	'Villers-en-Cauchies'	
3013935	11	50.7994	1.82140	1215	1	'Hardinghen'	
2981942	11	49.8169	2.31810	1212	1	'Sains-en-Amiénois'	
6438633	11	49.545	2.94640	1209	1	'Chiry-Ourscamp'	
2989640	11	50.2503	3.12390	1208	1	'Oisy-le-Verger'	
6439909	11	50.355	2.80060	1207	1	'Thélus'	
3013416	11	50.1119	3.03780	1204	1	'Hermies'	
3019369	11	49.8292	3.16030	1203	1	'Étreillers'	
2972594	11	49.4633	2.11170	1201	1	'Tillé'	
6439587	11	50.7089	2.21000	1200	1	'Hallines'	
3019073	11	50.3022	2.87170	1197	1	'Fampoux'	
2989691	11	50.0406	4.11860	1194	1	'Ohain'	
6450094	11	49.5644	2.38830	1191	1	'Ansauvillers'	
8296906	11	50.0206	2.04580	1190	1	'L’Étoile'	
6438337	11	50.9164	2.27500	1181	1	'Looberghe'	
3021631	11	50.6175	2.21310	1179	1	'Delettes'	
3013201	11	49.7386	2.98530	1177	1	'Hombleux'	
2993588	11	49.9897	2.96390	1177	1	'Moislains'	
2968534	11	49.2372	2.07670	1176	1	'Villeneuve-les-Sablons'	
3005635	11	49.425	2.19720	1175	1	'Laversines'	
2967453	11	49.3881	2.14080	1173	1	'Warluis'	
3036335	11	50.2625	3.16440	1172	1	'Aubigny-au-Bac'	
2989726	11	50.9411	2.01830	1172	1	'Offekerque'	
6439497	11	50.5875	2.28560	1171	1	'Enquin-les-Mines'	
2976823	11	50.7769	2.55420	1170	1	'Saint-Sylvestre-Cappel'	
3002221	11	49.3147	2.59640	1167	1	'Les Ageux'	
3029024	11	49.33	2.39940	1167	1	'Cambronne-lès-Clermont'	
3035237	11	50.8611	1.94190	1166	1	'Balinghem'	
2974534	11	49.1069	2.79170	1163	1	'Silly-le-Long'	
3029606	11	49.9653	3.83470	1162	1	'Buironfosse'	
3037576	11	49.3294	2.32810	1161	1	'Angy'	
2989652	11	49.9553	1.76640	1160	1	'Oisemont'	
3028692	11	50.9019	2.22220	1159	1	'Cappellebrouck'	
6439643	11	50.6758	1.65000	1156	1	'Isques'	
3035634	11	49.4469	2.42610	1153	1	'Avrechy'	
2981558	11	49.4197	1.87830	1153	1	'Saint-Aubin-en-Bray'	
3037919	11	49.3808	3.18440	1151	1	'Ambleny'	
2993532	11	49.6664	1.80970	1151	1	'Moliens'	
6439394	11	50.1778	3.11670	1150	1	'Bourlon'	
2987919	11	49.1625	2.84610	1150	1	'Péroy-les-Gombries'	
2974870	11	50.7939	2.20110	1149	1	'Serques'	
3011460	11	50.9581	2.56220	1148	1	'Killem'	
6439023	11	49.105	2.68530	1147	1	'Ver-sur-Launette'	
3032615	11	49.3561	3.38310	1146	1	'Billy-sur-Aisne'	
3012361	11	50.3122	3.62940	1141	1	'Jenlain'	
3032957	11	49.1567	2.95560	1140	1	'Betz'	
6614161	11	50.0075	3.12860	1137	1	'Épéhy'	
3013089	11	50.7961	2.17280	1137	1	'Houlle'	
6451330	11	50.0467	2.15280	1133	1	'Berteaucourt-les-Dames'	
3024023	11	50.3675	1.66440	1129	1	'Conchil-le-Temple'	
6439862	11	50.4678	1.66470	1128	1	'Saint-Josse'	
2991456	11	50.7883	2.17830	1124	1	'Moulle'	
6438522	11	50.48	3.45890	1122	1	'Thun-Saint-Amand'	
3025177	11	49.0389	3.42940	1120	1	'Chierry'	
2986356	11	49.3467	2.19500	1119	1	'Ponchon'	
6439703	11	50.3739	2.01610	1116	1	'Marconnelle'	
2984883	11	50.9356	2.45440	1112	1	'Quaëdypre'	
3009445	11	50.0039	3.92030	1110	1	'La Flamengrie'	
2967462	11	50.3081	3.66030	1110	1	'Wargnies-le-Grand'	
2989701	11	49.6108	3.19420	1109	1	'Ognes'	
6613658	11	50.2322	3.90560	1108	1	'Saint-Rémy-du-Nord'	
6618316	11	50.4086	2.63780	1106	1	'Servins'	
3022269	11	49.2153	2.32220	1106	1	'Crouy-en-Thelle'	
3019505	11	50.3003	3.06970	1106	1	'Estrées'	
2977842	11	50.9392	2.10080	1105	1	'Saint-Omer-Capelle'	
3028852	11	50.1075	2.25940	1104	1	'Candas'	
2992288	11	49.4811	2.90170	1104	1	'Montmacq'	
2990504	11	50.1419	3.51000	1100	1	'Neuvilly'	
2969868	11	49.8781	3.14970	1097	1	'Vermand'	
2972936	11	50.6367	2.25890	1095	1	'Thérouanne'	
2984761	11	49.8236	2.08390	1094	1	'Quevauvillers'	
2972559	11	50.7775	2.20420	1092	1	'Tilques'	
2975383	11	49.9542	3.47940	1091	1	'Seboncourt'	
2967511	11	50.2464	2.72220	1091	1	'Wailly'	
3024740	11	50.0772	3.40000	1088	1	'Clary'	
2970137	11	50.2622	3.51140	1087	1	'Vendegies-sur-Écaillon'	
3014410	11	50.915	1.99580	1086	1	'Guemps'	
2991802	11	49.2981	2.92000	1083	1	'Morienval'	
2980751	11	50.3719	2.05110	1082	0	'Marconne'	
2990926	11	50.0353	2.27640	1082	1	'Naours'	
2972106	11	49.4894	3.00940	1082	1	'Tracy-le-Val'	
2984345	11	49.5156	2.50110	1081	1	'Ravenel'	
3021230	11	50.0744	2.12530	1074	1	'Domart-en-Ponthieu'	
6438996	11	49.2478	2.43220	1073	1	'Thiverny'	
2972853	11	49.1522	2.57190	1070	1	'Thiers-sur-Thève'	
2979436	11	49.3064	2.76940	1069	1	'Saintines'	
2973476	11	50.0297	2.32640	1069	1	'Talmas'	
3023328	11	49.4614	2.81440	1067	1	'Coudun'	
2972940	11	49.4192	2.15500	1065	1	'Therdonne'	
3018649	11	50.24	4.02220	1064	1	'Ferrière-la-Petite'	
3033312	11	50.1314	2.16360	1062	1	'Bernaville'	
6438866	11	49.3747	2.48190	1061	1	'Nointel'	
3008199	11	50.6172	2.39670	1059	1	'Lambres'	
2985296	11	50.08	3.76670	1058	1	'Prisches'	
2970015	11	50.2678	3.47670	1056	1	'Verchain-Maugré'	
6444666	11	50.1597	1.58390	1054	1	'Pendé'	
6450026	11	50.2933	3.54030	1051	1	'Artres'	
2981936	11	49.8239	3.70920	1050	1	'Sains-Richaumont'	
3028564	11	50.1678	3.34670	1047	1	'Carnières'	
3017557	11	50.515	2.61080	1045	1	'Fouquières-lès-Béthune'	
2976711	11	49.2672	2.39220	1045	1	'Saint-Vaast-lès-Mello'	
3029626	11	50.2908	3.15580	1042	1	'Bugnicourt'	
2988421	11	49.4017	3.29640	1042	1	'Pasly'	
2993338	11	49.9633	4.05530	1041	1	'Mondrepuis'	
2990281	11	49.0164	3.40250	1041	1	'Nogentel'	
3028253	11	49.3686	2.51080	1039	1	'Catenoy'	
2978249	11	49.3961	2.06030	1039	1	'Saint-Martin-le-Noeud'	
3012609	11	50.3617	2.95000	1037	1	'Izel-lès-Équerchin'	
6438765	11	49.3172	1.97000	1036	1	'Jouy-sous-Thelle'	
3015755	11	50.3175	3.09470	1034	1	'Goeulzin'	
3036465	11	50.3025	2.83610	1034	1	'Athies'	
2981963	11	50.1875	1.77360	1030	1	'Sailly-Flibeaucourt'	
6439526	11	50.2933	2.84580	1029	1	'Feuchy'	
6424965	11	49.8067	3.34500	1028	1	'Itancourt'	
3032781	11	49.5794	3.21470	1027	1	'Bichancourt'	
6617285	11	50.5286	2.75780	1026	1	'Givenchy-lès-Labassée'	
2977304	11	50.1897	3.48170	1026	1	'Saint-Python'	
2995113	11	50.5028	3.43250	1025	1	'Maulde'	
3028563	11	50.52	2.95780	1024	1	'Carnin'	
3032817	11	49.1081	3.40920	1022	1	'Bézu-Saint-Germain'	
3013483	11	50.2461	3.69670	1021	1	'Villereau'	
3038675	11	49.3453	3.41360	1020	1	'Acy'	
3033011	11	49.2947	2.81530	1020	1	'Béthisy-Saint-Martin'	
2992001	11	50.3511	2.69310	1019	1	'Mont-Saint-Éloi'	
2967508	11	50.4133	1.72610	1017	1	'Wailly-Beaucamp'	
3013993	11	49.7536	2.60580	1014	1	'Hangest-en-Santerre'	
3019604	11	49.7767	3.27720	1013	1	'Essigny-le-Grand'	
2974257	11	49.5492	1.85310	1013	1	'Songeons'	
2994322	11	50.7153	2.66140	1011	1	'Merris'	
3031712	11	49.2847	2.99360	1007	1	'Bonneuil-en-Valois'	
2968347	11	49.3656	2.21580	1007	1	'Villers-Saint-Sépulcre'	
2970501	11	50.5019	2.62470	1006	1	'Vaudricourt'	
3034487	11	50.8072	2.12420	1006	1	'Bayenghem-lès-Éperlecques'	
3019906	11	49.1261	2.69580	1004	1	'Ermenonville'	
3023363	11	49.5203	3.32250	1002	1	'Coucy-le-Château-Auffrique'	
6438404	11	50.2478	3.27470	1002	1	'Paillencourt'	
6613909	11	49.1969	2.91440	1001	1	'Levignen'	
6450132	11	49.415	3.00330	1001	1	'Berneuil-sur-Aisne'	
6444695	11	49.9731	2.35440	1001	1	'Rainneville'	
2982294	11	49.7089	4.12830	1001	1	'Rozoy-sur-Serre'	
2967667	11	49.6581	3.27890	2251	1	'Vouël'	
3007601	11	50.6661	3.21060	1796	1	'Lannoy'	
;

# # CODIGO	REGIAO (code)	LAT	LONG	POPULACAO 2030	INFR	MUNICIPIO	
#  param: I :	RE	lat	lng	POP	INFR	Mun 	:=
# 2998324	11	50.6278	3.05830	232787	0	'Lille'	
# 6455273	11	49.892	2.29900	136105	0	'Amiens'	
# 2978439	11	50.7264	1.61470	133062	1	'Boulogne-sur-Mer'	
# 2982681	11	50.6901	3.18170	100000	0	'Roubaix'	
# 2972284	11	50.7239	3.16120	97368	0	'Tourcoing'	
# 3296065	11	51.0383	2.37750	87353	1	'Dunkerque'	
# 3029159	11	50.9481	1.85640	73911	0	'Calais'	
# 2995695	11	49.4303	2.09520	56020	0	'Beauvais'	
# 2977295	11	49.8486	3.28640	53816	0	'Saint-Quentin'	
# 8286482	11	50.358	3.52330	43336	0	'Valenciennes'	
# 3036784	11	50.292	2.78000	41019	0	'Arras'	
# 2967421	11	50.7	3.21700	40958	1	'Wattrelos'	
# 7626220	11	49.4149	2.82310	40199	0	'Compiègne'	
# 3021000	11	50.3714	3.08000	39700	0	'Douai'	
# 6614574	11	50.6711	3.09720	38617	1	'Marcq-en-Baroeul'	
# 6438650	11	49.2583	2.48330	35657	0	'Creil'	
# 3029030	11	50.1767	3.23560	32558	0	'Cambrai'	
# 3003093	11	50.4322	2.83330	31415	0	'Lens'	
# 2998431	11	50.4228	2.77860	30785	0	'Liévin'	
# 2995150	11	50.2775	3.97340	29944	0	'Maubeuge'	
# 2974389	11	49.3817	3.32360	28530	0	'Soissons'	
# 8294497	11	50.6455	2.98760	28006	1	'Lomme'	
# 3008218	11	50.65	3.02500	27649	1	'Lambersart'	
# 6439604	11	50.4217	2.95080	26022	1	'Hénin-Beaumont'	
# 3033002	11	50.5303	2.64080	24895	0	'Béthune'	
# 3036903	11	50.6881	2.88110	24882	1	'Armentières'	
# 6453527	11	49.5639	3.62440	24876	1	'Laon'	
# 6438266	11	51.0139	2.30280	22966	1	'Grande-Synthe'	
# 3038789	11	50.1058	1.83580	22946	0	'Abbeville'	
# 6454415	11	50.6128	3.01440	22233	1	'Loos'	
# 8286238	11	50.725	2.53920	21441	1	'Hazebrouck'	
# 6525129	11	50.6558	3.07100	21173	1	'La Madeleine'	
# 3023356	11	51.0253	2.39170	21134	1	'Coudekerque-Branche'	
# 3005267	11	50.6781	3.15080	21041	1	'Croix'	
# 6438272	11	50.7836	3.12560	20800	1	'Halluin'	
# 6617196	11	50.6369	3.11030	20782	1	'Mons-en-Baroeul'	
# 2977388	11	51.0314	2.34390	20479	1	'Saint-Pol-sur-Mer'	
# 2967438	11	50.6694	3.13080	20479	1	'Wasquehal'	
# 6438865	11	49.2756	2.46830	20033	1	'Nogent-sur-Oise'	
# 6454406	11	50.3286	3.39500	19933	0	'Denain'	
# 6438449	11	50.6047	3.08780	19477	1	'Ronchin'	
# 6454411	11	50.6553	3.18780	18621	1	'Hem'	
# 3013563	11	50.6283	3.11000	18437	1	'Hellemmes-Lille'	
# 6614164	11	50.5989	3.07360	18165	1	'Fâches-Thumesnil'	
# 3035667	11	50.4097	2.83280	17583	1	'Avion'	
# 3028486	11	50.4931	2.95810	17399	1	'Carvin'	
# 2981839	11	50.4481	3.42690	16053	1	'Saint-Amand-les-Eaux'	
# 6438498	11	50.3631	3.11310	15522	1	'Sin-le-Noble'	
# 3026194	11	49.0464	3.40310	15351	1	'Château-Thierry'	
# 6455196	11	50.7375	2.73390	15019	1	'Bailleul'	
# 2975088	11	49.2072	2.58670	14891	0	'Senlis'	
# 3022569	11	49.2344	2.88750	14796	1	'Crépy-en-Valois'	
# 3013862	11	50.6092	2.98690	14775	1	'Haubourdin'	
# 2967423	11	50.585	3.04310	14736	1	'Wattignies'	
# 2977845	11	50.7483	2.26080	14726	1	'Saint-Omer'	
# 2994306	11	49.2358	2.13500	14609	1	'Méru'	
# 3013681	11	50.2481	3.92440	14601	1	'Hautmont'	
# 3028205	11	50.125	3.41170	14487	1	'Caudry'	
# 6617275	11	50.4083	1.59280	13791	1	'Berck-sur-Mer'	
# 6439779	11	50.7039	1.59390	13575	1	'Outreau'	
# 6425261	11	49.6558	3.28720	13547	1	'Tergnier'	
# 6614177	11	50.6714	3.21440	13471	1	'Lys-lès-Lannoy'	
# 2993004	11	49.2556	2.43830	13461	1	'Montataire'	
# 2982938	11	50.7536	3.12030	13361	1	'Roncq'	
# 3037397	11	50.3714	3.50440	13303	1	'Anzin'	
# 2989877	11	49.5811	2.99890	13235	1	'Noyon'	
# 6438379	11	50.7033	3.14060	13173	1	'Mouvaux'	
# 2981780	11	50.6603	3.04390	12966	1	'Saint-André'	
# 6438896	11	49.3011	2.60360	12601	1	'Pont-Sainte-Maxence'	
# 3024102	11	50.7611	3.00780	12498	1	'Comines'	
# 6438434	11	50.3892	3.48580	12468	1	'Raismes'	
# 2975361	11	50.5483	3.02940	12410	0	'Seclin'	
# 3013908	11	50.445	2.90580	12324	1	'Harnes'	
# 2974324	11	50.3575	3.28030	12213	1	'Somain'	
# 6439413	11	50.4419	2.72440	12117	1	'Bully-les-Mines'	
# 6438351	11	50.3489	3.54420	12074	1	'Marly'	
# 8294822	11	50.4797	2.66470	11813	1	'Noeux-les-Mines'	
# 3025859	11	49.6156	3.21920	11773	1	'Chauny'	
# 3017512	11	50.0172	4.05330	11714	1	'Fourmies'	
# 2977058	11	50.3697	3.55470	11353	1	'Saint-Saulve'	
# 6439720	11	50.4022	2.86580	11346	1	'Méricourt'	
# 3029824	11	50.3983	3.53940	11311	1	'Bruay-sur-l’Escaut'	
# 6439867	11	50.7258	1.63220	11226	0	'Saint-Martin-Boulogne'	
# 3014816	11	50.9864	2.12750	11132	1	'Gravelines'	
# 6438625	11	49.1869	2.46080	11001	1	'Chantilly'	
# 6439513	11	50.5178	1.64060	10926	1	'Étaples'	
# 6438558	11	50.6853	3.04860	10857	1	'Wambrechies'	
# 6439685	11	50.7356	2.23720	10736	1	'Longuenesse'	
# 2968405	11	49.2531	3.09030	10676	1	'Villers-Cotterêts'	
# 6618361	11	50.9481	1.95030	10649	1	'Marck'	
# 3022969	11	50.4581	2.94720	10544	1	'Courrières'	
# 3037520	11	50.5294	2.93280	10486	1	'Annoeullin'	
# 6450253	11	50.5083	2.47360	10399	1	'Auchel'	
# 2969213	11	50.4594	3.56830	10374	1	'Vieux-Condé'	
# 2995536	11	50.6758	3.06610	10354	1	'Marquette-lès-Lille'	
# 6439732	11	50.4278	2.92970	10315	1	'Montigny-en-Gohelle'	
# 3020980	11	50.3014	3.39330	10311	1	'Douchy-les-Mines'	
# 2990543	11	50.7467	3.15810	10231	1	'Neuville-en-Ferrain'	
# 6438310	11	50.2944	4.10140	10229	1	'Jeumont'	
# 3024643	11	49.3789	2.41250	10183	0	'Clermont'	
# 3027397	11	49.1667	2.24810	10174	1	'Chambly'	
# 3037571	11	50.33	3.25110	10146	1	'Aniche'	
# 6450080	11	50.7017	3.09330	9961	1	'Bondues'	
# 2998320	11	50.5636	2.48190	9910	1	'Lillers'	
# 6439773	11	50.4692	2.99360	9841	1	'Oignies'	
# 3038271	11	50.0019	2.65220	9810	1	'Albert'	
# 3038393	11	50.6386	2.39670	9772	1	'Aire-sur-la-Lys'	
# 6618443	11	50.7356	2.30250	9654	1	'Arques'	
# 2976404	11	50.4197	2.86220	9654	1	'Sallaumines'	
# 3019827	11	50.3344	3.34280	9645	1	'Escaudain'	
# 2994297	11	50.6439	2.64030	9598	1	'Merville'	
# 3023955	11	50.4492	3.59060	9586	1	'Condé-sur-l’Escaut'	
# 3004314	11	50.6817	3.24390	9400	1	'Leers'	
# 6618431	11	50.5197	2.67940	9331	1	'Beuvry'	
# 2992779	11	50.7067	1.57330	9157	1	'Le Portel'	
# 6438728	11	49.1878	2.41610	9023	1	'Gouvieux'	
# 2982383	11	50.3936	2.90390	8912	1	'Rouvroy'	
# 6614547	11	49.155	2.44080	8823	1	'Lamorlaye'	
# 2989506	11	50.3878	3.59810	8813	1	'Onnaing'	
# 3013258	11	49.9217	4.08390	8800	1	'Hirson'	
# 6450034	11	50.2047	3.83560	8767	1	'Aulnoye-Aymeries'	
# 2967343	11	50.4942	2.85530	8754	1	'Wingles'	
# 3012725	11	50.6233	2.45670	8745	1	'Isbergues'	
# 6454419	11	50.4747	3.24420	8736	1	'Orchies'	
# 6438325	11	50.5897	3.11110	8635	1	'Lesquin'	
# 6614414	11	50.6728	2.89500	8627	1	'La Chapelle d’Armentières'	
# 2970113	11	50.4739	2.86610	8543	1	'Vendin-le-Vieil'	
# 2995790	11	49.4261	2.82080	8521	1	'Margny-lès-Compiègne'	
# 2988003	11	50.6681	2.97250	8413	1	'Pérenchies'	
# 6439990	11	50.4839	3.01390	8337	1	'Libercourt'	
# 2998209	11	50.7372	3.07940	8329	1	'Linselles'	
# 6439370	11	50.4181	2.91190	8167	1	'Billy-Montigny'	
# 2994837	11	50.4731	2.71810	8036	1	'Mazingarbe'	
# 3023097	11	50.4181	3.01810	7918	1	'Courcelles-les-Lens'	
# 3028690	11	50.9983	2.36420	7909	1	'Cappelle-la-Grande'	
# 3038703	11	50.2733	2.75940	7878	1	'Achicourt'	
# 6438304	11	50.6908	2.90920	7770	1	'Houplines'	
# 2967411	11	50.5739	2.93890	7723	1	'Wavrin'	
# 6450284	11	50.4553	2.61860	7603	1	'Barlin'	
# 2987928	11	49.9322	2.93640	7595	1	'Péronne'	
# 3017167	11	50.4336	3.57690	7532	1	'Fresnes-sur-Escaut'	
# 2990392	11	50.7031	2.83890	7479	1	'Nieppe'	
# 6438573	11	50.3872	3.11310	7427	1	'Waziers'	
# 3036289	11	50.4153	3.05440	7256	1	'Auby'	
# 6439661	11	50.4372	3.06420	7232	1	'Leforest'	
# 3013122	11	50.4522	2.53720	7178	1	'Houdain'	
# 3031083	11	50.9464	2.19780	7171	1	'Bourbourg'	
# 6439479	11	50.4722	2.50140	6977	1	'Divion'	
# 2998532	11	49.3308	2.46530	6951	1	'Liancourt'	
# 6438517	11	51.0186	2.44390	6926	1	'Téteghem'	
# 2997619	11	50.4578	2.79330	6855	1	'Loos-en-Gohelle'	
# 3018778	11	50.3022	3.91810	6854	1	'Feignies'	
# 6439573	11	50.4522	2.74310	6851	1	'Grenay'	
# 6450072	11	50.3858	3.50560	6821	1	'Beuvrages'	
# 2984787	11	50.7125	2.99940	6814	1	'Quesnoy-sur-Deûle'	
# 2989897	11	50.4306	2.87280	6646	1	'Noyelles-sous-Lens'	
# 3011307	11	50.5336	2.80720	6545	1	'La Bassée'	
# 2968348	11	49.2889	2.48720	6440	1	'Villers-Saint-Paul'	
# 3022133	11	50.3822	3.04670	6421	1	'Cuincy'	
# 3009050	11	50.6439	2.72310	6420	1	'Estaires'	
# 6438342	11	50.265	3.96000	6405	1	'Louvroil'	
# 3017556	11	50.4286	2.91280	6399	1	'Fouquières-lès-Lens'	
# 2967351	11	50.7697	1.61000	6356	1	'Wimereux'	
# 3032372	11	50.3953	3.66690	6355	1	'Quiévrechain'	
# 3023742	11	49.9089	2.50720	6307	1	'Corbie'	
# 3008463	11	50.39	3.16810	6297	1	'Lallaing'	
# 3013380	11	50.4461	2.64780	6263	1	'Hersin-Coupigny'	
# 6438515	11	50.5267	3.17500	6196	1	'Templeuve'	
# 6438529	11	50.3256	3.48580	6189	1	'Trith-Saint-Léger'	
# 2992760	11	49.6481	2.57000	6174	1	'Montdidier'	
# 6438338	11	50.9942	2.21970	6139	1	'Loon-Plage'	
# 2967466	11	50.4203	3.10560	6089	1	'Roost-Warendin'	
# 2981941	11	50.4447	2.68360	6077	1	'Sains-en-Gohelle'	
# 6438405	11	50.3772	3.21580	6050	1	'Pecquencourt'	
# 2979010	11	49.5061	2.43080	6033	1	'Saint-Just-en-Chaussée'	
# 3020944	11	50.1567	2.34030	5998	1	'Doullens'	
# 3020917	11	50.4361	2.98670	5935	1	'Dourges'	
# 3037521	11	50.5336	2.61830	5871	1	'Annezin'	
# 2989901	11	50.42	2.99390	5828	1	'Noyelles-Godault'	
# 3018336	11	50.3978	3.06250	5816	1	'Flers-en-Escrebieux'	
# 2982330	11	49.7	2.79030	5709	1	'Roye'	
# 2997681	11	49.8703	2.35610	5693	1	'Longueau'	
# 6446501	11	49.9864	3.45470	5675	1	'Bohain-en-Vermandois'	
# 2976108	11	50.5933	2.96220	5668	1	'Santes'	
# 3021911	11	50.2819	2.72720	5665	1	'Dainville'	
# 2967288	11	50.8828	2.46780	5665	1	'Wormhout'	
# 3005418	11	50.6383	2.71420	5637	1	'La Gorgue'	
# 3014223	11	50.8678	1.87360	5619	1	'Guînes'	
# 6617186	11	50.4267	3.18310	5597	1	'Flines-lès-Raches'	
# 6618436	11	50.2631	2.78860	5596	1	'Beaurains'	
# 6454426	11	50.3753	3.39190	5568	1	'Wallers'	
# 2990118	11	50.5022	2.50220	5561	1	'Marles-les-Mines'	
# 3020886	11	50.51	2.83170	5544	1	'Douvrin'	
# 2981949	11	50.5625	2.90060	5533	1	'Sainghin-en-Weppes'	
# 6439419	11	50.4869	2.48360	5520	1	'Calonne-Ricouart'	
# 2988893	11	50.9778	2.04420	5478	1	'Oye-Plage'	
# 3018739	11	50.3658	3.30060	5448	1	'Fenain'	
# 3036229	11	50.8792	2.08060	5442	1	'Audruicq'	
# 3023254	11	50.9242	1.88500	5401	1	'Coulogne'	
# 6438575	11	50.7722	3.04780	5384	1	'Wervicq-Sud'	
# 8294802	11	50.4383	2.86830	5379	1	'Loison-sous-Lens'	
# 2989094	11	50.4544	3.03080	5367	1	'Ostricourt'	
# 6438185	11	50.3525	3.12830	5362	1	'Déchy'	
# 3019877	11	50.6756	2.84750	5293	1	'Erquinghem-Lys'	
# 3018650	11	50.255	3.99280	5292	1	'Ferrière-la-Grande'	
# 2991297	11	49.3158	2.31940	5255	1	'Mouy'	
# 3016524	11	49.8253	3.28560	5254	1	'Gauchy'	
# 6450049	11	50.5142	2.89810	5131	1	'Bauvin'	
# 3015126	11	50.9978	2.10920	5121	1	'Grand-Fort-Philippe'	
# 2980283	11	50.6817	1.62580	5118	1	'Saint-Étienne-au-Mont'	
# 8294749	11	50.4869	1.62440	5092	1	'Cucq'	
# 6618428	11	50.3369	3.02280	5083	1	'Brébières'	
# 6617190	11	50.3531	3.06780	5071	1	'Lambres-lès-Douai'	
# 6439710	11	50.8147	1.70330	5064	1	'Marquise'	
# 3005696	11	50.6275	2.77110	5000	1	'Laventie'	
# 6439374	11	50.7169	2.27640	4974	1	'Blendecques'	
# 6439873	11	50.3792	2.33470	4942	1	'Saint-Pol-sur-Ternoise'	
# 6439477	11	50.6678	1.83440	4930	1	'Desvres'	
# 3021935	11	50.5683	3.21500	4908	1	'Cysoing'	
# 3002420	11	50.2489	3.63750	4902	1	'Le Quesnoy'	
# 3031516	11	49.1983	2.20920	4899	1	'Bornel'	
# 3009716	11	49.3561	2.78690	4894	1	'Lacroix-Saint-Ouen'	
# 3036300	11	50.3711	3.47440	4882	1	'Petite Forêt'	
# 6439879	11	50.9467	1.75670	4852	1	'Sangatte'	
# 6439584	11	50.4761	2.58470	4831	1	'Haillicourt'	
# 6450086	11	50.7708	3.07860	4818	1	'Bousbecque'	
# 6617197	11	50.3667	3.18690	4791	1	'Montigny-en-Ostervent'	
# 8286262	11	50.6153	3.24080	4784	1	'Baisieux'	
# 2987423	11	50.5169	3.01640	4780	1	'Phalempin'	
# 2969864	11	50.4883	2.74580	4741	1	'Vermelles'	
# 6438496	11	50.6264	2.98500	4739	1	'Sequedin'	
# 3014195	11	49.9003	3.62750	4731	1	'Guise'	
# 6617187	11	50.6133	2.95940	4727	1	'Hallennes-lès-Haubourdin'	
# 2977901	11	50.3028	2.77720	4724	1	'Saint-Nicolas'	
# 6438778	11	49.2961	2.44560	4712	1	'Laigneville'	
# 3036270	11	50.5125	2.78390	4700	1	'Auchy-les-Mines'	
# 3032622	11	50.5189	2.86750	4693	1	'Billy-Berclau'	
# 2978769	11	49.2172	2.42190	4692	1	'Saint-Leu-d’Esserent'	
# 3014346	11	50.3525	3.14470	4691	1	'Guesnain'	
# 2969806	11	49.2764	2.52220	4677	1	'Verneuil-en-Halatte'	
# 2967863	11	50.3258	2.98310	4676	1	'Vitry-en-Artois'	
# 3037585	11	50.4092	2.75860	4613	1	'Angres'	
# 2976291	11	50.6397	1.74530	4611	1	'Samer'	
# 2999446	11	50.6222	2.68500	4610	1	'Lestrem'	
# 2976865	11	49.7464	3.07280	4596	1	'Ham'	
# 3019276	11	50.4383	3.03330	4588	1	'Évin-Malmaison'	
# 6617194	11	50.4081	3.28220	4587	1	'Marchiennes-Ville'	
# 3036406	11	50.3328	3.23220	4533	1	'Auberchicourt'	
# 2972684	11	49.4786	2.88360	4531	1	'Thourotte'	
# 3022559	11	50.42	3.66140	4514	1	'Crespin'	
# 6438133	11	51.0711	2.52750	4507	1	'Bray-Dunes'	
# 3017024	11	50.0906	1.54970	4501	1	'Friville-Escarbotin'	
# 2968415	11	49.8669	2.52000	4482	1	'Villers-Bretonneux'	
# 6438289	11	50.4744	3.52190	4439	1	'Hergnies'	
# 3029003	11	49.8869	2.34580	4424	1	'Camon'	
# 3030374	11	50.8547	1.97750	4403	1	'Ardres'	
# 2973823	11	50.8094	2.58280	4388	1	'Steenvoorde'	
# 6439585	11	50.5081	2.80170	4380	1	'Haisnes'	
# 3037548	11	50.4636	2.88220	4377	1	'Annay'	
# 3038731	11	50.3342	3.30220	4376	1	'Abscon'	
# 3035698	11	50.1236	3.92560	4345	1	'Avesnes-sur-Helpe'	
# 6438423	11	50.5147	2.91280	4318	1	'Provin'	
# 2974360	11	50.1856	3.49830	4290	1	'Solesmes'	
# 6438323	11	51.0536	2.43860	4255	1	'Leffrinckoucke'	
# 2968070	11	50.3725	2.81060	4250	1	'Vimy'	
# 2990958	11	49.1417	2.81060	4249	1	'Nanteuil-le-Haudouin'	
# 6438593	11	49.6325	2.29330	4244	1	'Breteuil'	
# 2999139	11	50.5233	1.58530	4229	1	'Le Touquet-Paris-Plage'	
# 2984438	11	50.4175	1.63970	4224	0	'Rang-du-Fliers'	
# 6439365	11	50.3117	2.94420	4197	1	'Biache-Saint-Vaast'	
# 6438213	11	50.4244	3.55860	4173	1	'Escautpont'	
# 3016130	11	51.0517	2.52720	4164	1	'Ghyvelde'	
# 6438290	11	50.3544	3.45250	4128	1	'Hérin'	
# 2995269	11	50.3486	3.20170	4125	1	'Masny'	
# 6439866	11	50.7553	2.23580	4077	1	'Saint-Martin-au-Laërt'	
# 6438297	11	50.9794	2.58530	4072	1	'Hondschoote'	
# 6438344	11	50.3089	3.48580	4061	1	'Maing'	
# 6438454	11	50.2717	4.00580	4055	1	'Rousies'	
# 3030323	11	49.4103	2.25080	4051	1	'Bresles'	
# 6438262	11	50.5444	2.98420	4045	1	'Gondecourt'	
# 2967350	11	50.7631	1.63250	4031	1	'Wimille'	
# 6438432	11	50.4397	3.10250	4005	1	'Raimbeaucourt'	
# 3024906	11	49.2731	2.35670	3986	1	'Cires-lès-Mello'	
# 2991783	11	49.7744	2.48310	3968	1	'Moreuil'	
# 6438339	11	50.3147	3.35530	3959	1	'Lourches'	
# 3022739	11	49.1422	2.47310	3954	1	'Coye-la-Forêt'	
# 2981956	11	50.6578	2.77030	3946	1	'Sailly-sur-la-Lys'	
# 6450082	11	50.2842	3.31690	3940	1	'Bouchain'	
# 2976337	11	49.87	2.24220	3921	1	'Salouël'	
# 3038349	11	50.4258	2.70970	3915	1	'Aix-Noulette'	
# 2972365	11	50.6608	3.22970	3909	1	'Toufflers'	
# 6438276	11	50.4211	3.38670	3899	1	'Hasnon'	
# 2972658	11	50.4789	3.05500	3893	1	'Thumeries'	
# 2970018	11	49.3106	2.73140	3823	1	'Verberie'	
# 2990628	11	49.2236	2.28530	3818	1	'Neuilly-en-Thelle'	
# 6615138	11	50.3094	3.33500	3817	1	'Roeulx'	
# 3035088	11	50.1036	2.85110	3817	1	'Bapaume'	
# 3033657	11	49.3589	3.33560	3815	1	'Belleu'	
# 2990527	11	50.1878	3.22220	3792	1	'Neuville-Saint-Rémy'	
# 2994121	11	50.4972	2.88970	3767	1	'Meurchin'	
# 3019500	11	49.4256	2.64280	3749	1	'Estrées-Saint-Denis'	
# 2990678	11	50.6186	1.64080	3744	1	'Neufchâtel-Hardelot'	
# 2968008	11	50.5408	2.78890	3720	1	'Violaines'	
# 2973821	11	50.7003	2.77750	3669	1	'Steenwerck'	
# 3020065	11	50.8064	2.15170	3668	1	'Éperlecques'	
# 3010683	11	50.4897	2.56560	3647	1	'Labuissière'	
# 3035701	11	50.1972	3.38000	3638	1	'Avesnes-lès-Aubert'	
# 3033363	11	50.9686	2.43420	3637	1	'Bergues'	
# 6456264	11	49.0967	2.75310	3620	1	'Le Plessis-Belleville'	
# 2997142	11	50.7053	2.12060	3607	1	'Lumbres'	
# 6444706	11	49.9025	2.32690	3576	1	'Rivery'	
# 3013152	11	50.3678	3.33530	3562	1	'Hornaing'	
# 6614762	11	49.6083	2.07810	3519	1	'Crèvecoeur-le-Grand'	
# 2980723	11	50.3072	2.76310	3503	1	'Sainte-Catherine'	
# 3017080	11	50.2764	2.28810	3498	1	'Frévent'	
# 3007830	11	50.1256	3.69000	3479	1	'Landrecies'	
# 2969722	11	50.5025	2.64000	3476	1	'Verquin'	
# 3007116	11	50.5164	2.54030	3467	1	'Lapugnoy'	
# 3038142	11	50.5361	2.95080	3458	1	'Allennes-les-Marais'	
# 3033485	11	50.4858	2.81670	3429	1	'Hulluch'	
# 3017686	11	51.031	2.30610	3426	1	'Fort-Mardyck'	
# 2973188	11	50.5742	3.05440	3401	1	'Templemars'	
# 6439864	11	50.6906	1.62420	3394	1	'Saint-Léonard'	
# 8288694	11	49.6578	3.31010	3392	1	'Fargniers'	
# 3013083	11	50.5636	3.00170	3378	1	'Houplin-Ancoisne'	
# 2994349	11	50.4556	1.61390	3374	1	'Merlimont'	
# 2978017	11	49.9181	4.13280	3365	0	'Saint-Michel'	
# 3012620	11	50.2331	3.32220	3359	1	'Iwuy'	
# 2989211	11	49.1322	2.51280	3337	1	'Orry-la-Ville'	
# 6438253	11	50.5575	3.13420	3334	1	'Fretin'	
# 3025881	11	49.2675	1.88890	3305	1	'Chaumont-en-Vexin'	
# 2980562	11	49.2889	2.19890	3301	1	'Sainte-Geneviève'	
# 6455197	11	50.2975	3.79810	3295	1	'Bavay'	
# 6450089	11	49.2594	2.16500	3292	1	'Andeville'	
# 3025058	11	49.4386	2.87750	3283	1	'Choisy-au-Bac'	
# 3014044	11	50.7111	2.22920	3272	1	'Wizernes'	
# 6454452	11	49.3014	2.64030	3250	1	'Pontpoint'	
# 6614995	11	50.1928	3.26500	3238	1	'Escaudoeuvres'	
# 6454752	11	49.8456	2.39080	3228	1	'Boves'	
# 3037506	11	49.9894	4.09860	3213	1	'Anor'	
# 3030799	11	50.2906	4.04080	3212	1	'Boussois'	
# 3013637	11	50.3514	3.40280	3212	1	'Haveluy'	
# 2985498	11	49.2061	2.37060	3212	1	'Précy-sur-Oise'	
# 6444438	11	50.0128	2.08080	3205	1	'Flixecourt'	
# 3013044	11	50.9711	2.44610	3204	1	'Hoymille'	
# 6613064	11	50.2803	3.10640	3199	1	'Arleux'	
# 2986285	11	50.4736	2.88860	3167	1	'Pont-à-Vendin'	
# 3033355	11	50.2022	3.81140	3155	1	'Berlaimont'	
# 2985231	11	50.1614	3.20580	3150	1	'Proville'	
# 6438201	11	50.5933	3.00170	3140	1	'Emmerin'	
# 3010344	11	49.1275	2.53440	3140	1	'La Chapelle-en-Serval'	
# 2994385	11	50.5056	3.11000	3132	1	'Mérignies'	
# 6456238	11	50.3494	3.48810	3126	1	'La Sentinelle'	
# 3030202	11	49.3608	2.43670	3099	1	'Breuil-le-Vert'	
# 2982261	11	50.2722	1.66780	3096	1	'Rue'	
# 6438328	11	50.6144	3.11330	3065	1	'Lezennes'	
# 6450136	11	49.3011	2.80310	3063	1	'Béthisy-Saint-Pierre'	
# 6452430	11	49.3822	2.38420	3047	1	'Agnetz'	
# 2984874	11	50.3889	3.62310	3045	1	'Quarouble'	
# 3022804	11	50.4553	3.20330	3041	1	'Coutiches'	
# 2976690	11	50.6222	2.54440	3036	0	'Saint-Venant'	
# 3018693	11	49.1994	3.51750	3032	1	'Fère-en-Tardenois'	
# 6439828	11	50.805	1.73810	3015	1	'Rinxent'	
# 2982775	11	49.8142	2.70280	3001	1	'Rosières-en-Santerre'	
# 2967363	11	50.6319	3.23830	2999	1	'Willems'	
# 2972889	11	50.3056	3.44830	2998	1	'Thiant'	
# 3025458	11	50.6111	3.20470	2991	1	'Chéreng'	
# 6451267	11	49.9267	2.19390	2985	1	'Ailly-sur-Somme'	
# 3029483	11	49.3139	2.34330	2966	1	'Bury'	
# 3003592	11	50.5319	2.84280	2956	1	'Salomé'	
# 3017144	11	49.9475	3.41720	2952	1	'Fresnoy-le-Grand'	
# 2984782	11	49.6711	3.30130	2950	1	'Quessy'	
# 6439485	11	50.3911	2.92670	2924	1	'Drocourt'	
# 3022271	11	49.4025	3.36000	2912	1	'Crouy'	
# 3038075	11	50.5306	2.50810	2906	1	'Allouagne'	
# 6438413	11	50.5217	3.11610	2899	1	'Pont-à-Marcq'	
# 3020300	11	50.4208	2.81110	2880	1	'Éleu-dit-Leauwette'	
# 3014918	11	49.6661	1.94060	2880	1	'Grandvilliers'	
# 3010855	11	50.4986	2.68000	2878	1	'Labourse'	
# 2967372	11	50.0169	4.00830	2877	1	'Wignehies'	
# 2970081	11	49.4156	2.79970	2876	1	'Venette'	
# 2978101	11	49.2211	2.44670	2872	1	'Saint-Maximin'	
# 2993509	11	50.6122	2.46150	2870	1	'Molinghem'	
# 3036074	11	49.37	1.99690	2864	1	'Auneuil'	
# 3009526	11	49.6617	3.36560	2847	1	'La Fère'	
# 3029548	11	50.5386	2.46690	2845	1	'Burbure'	
# 2981943	11	50.0936	4.01000	2845	1	'Sains-du-Nord'	
# 3025071	11	50.5419	2.57310	2841	1	'Chocques'	
# 3038429	11	49.7564	2.36330	2835	1	'Ailly-sur-Noye'	
# 6438318	11	50.4708	3.39440	2828	1	'Lecelles'	
# 2976459	11	49.8586	2.23810	2826	1	'Saleux'	
# 2990307	11	49.3278	2.20000	2814	1	'Noailles'	
# 6438175	11	50.345	3.05920	2813	1	'Courchelettes'	
# 2971887	11	50.0583	4.10280	2798	1	'Trélon'	
# 2981950	11	50.5869	3.16750	2792	1	'Sainghin-en-Mélantois'	
# 6450247	11	50.3144	2.74440	2773	1	'Anzin-Saint-Aubin'	
# 3028219	11	50.5039	2.45140	2768	1	'Cauchy-à-la-Tour'	
# 3016376	11	50.5308	3.21640	2768	1	'Genech'	
# 6424896	11	49.0294	3.37420	2760	1	'Essômes-sur-Marne'	
# 3029012	11	50.5661	1.61360	2748	1	'Camiers'	
# 2974931	11	49.3533	1.77030	2742	1	'Sérifontaine'	
# 2994313	11	50.0672	1.38780	2738	1	'Mers-les-Bains'	
# 2995270	11	50.1153	3.20970	2731	1	'Masnières'	
# 2995550	11	50.2914	4.07970	2729	1	'Marpent'	
# 3009805	11	50.5814	2.71190	2720	1	'La Couture'	
# 3018318	11	50.6522	2.83280	2719	1	'Fleurbaix'	
# 2984600	11	50.4167	3.13670	2719	1	'Râches'	
# 3013875	11	50.2583	3.41670	2709	1	'Haspres'	
# 3034023	11	49.6508	3.34470	2707	1	'Beautor'	
# 3003110	11	50.6769	1.57250	2700	1	'Équihen-Plage'	
# 2990520	11	50.2997	3.35390	2695	1	'Neuville-sur-l’Escaut'	
# 3035743	11	50.54	3.08170	2666	1	'Avelin'	
# 3030205	11	49.3703	2.45220	2663	1	'Breuil-le-Sec'	
# 6617296	11	50.5792	2.73940	2638	1	'Richebourg-Saint-Vaast'	
# 6438799	11	49.4678	2.86360	2624	1	'Longueil-Annel'	
# 6438554	11	50.4856	3.03580	2621	1	'Wahagnies'	
# 3035838	11	50.2306	2.11470	2606	1	'Auxi-le-Château'	
# 3036464	11	49.5731	3.68310	2605	1	'Athies-sous-Laon'	
# 3023787	11	50.935	1.79920	2603	1	'Coquelles'	
# 6438567	11	50.8331	2.21250	2602	1	'Watten'	
# 3026603	11	48.9772	3.28530	2597	1	'Charly-sur-Marne'	
# 3003101	11	50.0172	3.78500	2584	1	'Le Nouvion-en-Thiérache'	
# 3028204	11	49.3172	2.44830	2581	1	'Cauffry'	
# 2969599	11	49.835	3.90920	2579	1	'Vervins'	
# 6438152	11	50.6444	2.96190	2565	0	'Capinghem'	
# 3018448	11	49.3906	2.43000	2562	1	'Fitz-James'	
# 2974123	11	50.3908	2.74280	2545	1	'Souchez'	
# 2990167	11	50.4989	3.25030	2544	1	'Nomain'	
# 3018561	11	50.0614	1.60500	2533	1	'Feuquières-en-Vimeu'	
# 3019080	11	50.3156	3.51920	2531	1	'Famars'	
# 2984420	11	49.3297	2.44140	2526	1	'Rantigny'	
# 3015681	11	50.5617	2.57390	2522	1	'Gonnehem'	
# 2991881	11	50.6936	2.51750	2519	1	'Morbecque'	
# 2993403	11	50.3039	3.20940	2512	1	'Monchecourt'	
# 2984871	11	50.2239	3.84720	2505	1	'Pont-sur-Sambre'	
# 3013424	11	49.3575	2.24610	2504	1	'Hermes'	
# 2969234	11	50.6947	2.64440	2503	1	'Vieux-Berquin'	
# 3016737	11	49.9867	1.55720	2501	1	'Gamaches'	
# 3028946	11	50.5953	3.26000	2493	1	'Camphin-en-Pévèle'	
# 6613779	11	50.1883	1.62940	2491	1	'Saint-Valéry-sur-Somme'	
# 6439454	11	50.6544	1.63330	2486	1	'Condette'	
# 2969871	11	50.6819	2.99640	2475	1	'Verlinghem'	
# 3029477	11	50.0336	3.46720	2473	1	'Busigny'	
# 2969613	11	50.4022	1.64940	2472	1	'Verton'	
# 2968528	11	49.3792	3.35860	2464	1	'Villeneuve-Saint-Germain'	
# 6444340	11	50.1808	1.49470	2462	1	'Cayeux-sur-Mer'	
# 6618360	11	50.3239	2.70560	2461	1	'Maroeuil'	
# 6439934	11	50.5422	2.60640	2452	1	'Vendin-lès-Béthune'	
# 2986244	11	49.88	2.24190	2448	1	'Pont-de-Metz'	
# 2999002	11	50.1886	3.83830	2445	1	'Leval'	
# 2975802	11	50.3378	3.57610	2435	1	'Saultain'	
# 6450036	11	50.1175	3.94310	2433	1	'Avesnelles'	
# 6614526	11	50.7119	2.93390	2431	1	'Frélinghien'	
# 2997956	11	50.5703	2.66670	2430	1	'Locon'	
# 2998714	11	50.3408	3.16860	2427	1	'Lewarde'	
# 3013273	11	50.5653	2.62220	2426	1	'Hinges'	
# 2984210	11	50.2808	4.04080	2408	1	'Recquignies'	
# 3013442	11	50.5781	2.85420	2396	1	'Herlies'	
# 3007903	11	50.4736	3.30140	2395	1	'Landas'	
# 3038400	11	49.965	1.94330	2379	1	'Airaines'	
# 3030727	11	50.4214	2.67220	2379	1	'Bouvigny-Boyeffles'	
# 6439849	11	50.5017	2.69420	2377	1	'Sailly-Labourse'	
# 2989899	11	50.4894	2.72580	2362	1	'Noyelles-lès-Vermelles'	
# 3012404	11	49.3894	2.77610	2356	1	'Jaux'	
# 3016931	11	50.5147	2.13390	2354	1	'Fruges'	
# 2969146	11	50.0111	2.19500	2354	1	'Vignacourt'	
# 2975043	11	50.3356	3.04920	2339	1	'Corbehem'	
# 2968335	11	49.2125	2.39810	2327	1	'Villers-sous-Saint-Leu'	
# 3013845	11	50.3178	3.43670	2323	1	'Haulchin'	
# 2990741	11	49.7581	2.91000	2321	1	'Nesle'	
# 6613594	11	50.7406	2.69220	2314	1	'Météren'	
# 3015723	11	50.2708	3.70780	2312	1	'Gommegnies'	
# 6450040	11	50.2147	3.86440	2306	1	'Bachant'	
# 2980098	11	50.9464	2.12220	2303	1	'Saint-Folquin'	
# 2979648	11	49.5958	3.37500	2288	1	'Saint-Gobain'	
# 3003341	11	49.3678	2.74440	2285	1	'Le Meux'	
# 3028440	11	50.8	2.48720	2278	1	'Cassel'	
# 2997792	11	50.6689	2.98940	2264	1	'Lompret'	
# 3036451	11	50.5225	3.06110	2263	1	'Attiches'	
# 2984594	11	50.6931	2.35780	2255	1	'Racquinghem'	
# 2995675	11	49.74	3.77140	2252	1	'Marle'	
# 2982423	11	50.3206	3.45060	2249	1	'Prouvy'	
# 3035351	11	49.3853	2.22190	2247	1	'Bailleul-sur-Thérain'	
# 3033222	11	50.4819	3.14470	2246	1	'Bersée'	
# 3036913	11	50.9778	2.35330	2240	1	'Armbouts-Cappel'	
# 3030604	11	49.3417	3.53190	2239	1	'Braine'	
# 3022850	11	50.2456	4.14920	2237	1	'Cousolre'	
# 3028691	11	50.5103	3.17250	2234	1	'Cappelle-en-Pévèle'	
# 3017491	11	50.5853	2.88920	2225	1	'Fournes-en-Weppes'	
# 3013365	11	50.3742	2.03670	2219	1	'Hesdin'	
# 3003393	11	49.1781	2.28610	2217	1	'Le Mesnil-en-Thelle'	
# 3014289	11	49.4353	3.96580	2211	1	'Guignicourt'	
# 2986484	11	50.1889	3.60780	2208	1	'Poix-du-Nord'	
# 3020165	11	50.5414	3.12940	2204	1	'Ennevelin'	
# 2993390	11	49.29	2.46720	2197	1	'Monchy-Saint-Éloi'	
# 3022123	11	49.3869	3.00640	2196	1	'Cuise-la-Motte'	
# 3018942	11	50.4606	3.13810	2191	1	'Faumont'	
# 3017127	11	50.0678	1.57690	2191	1	'Fressenneville'	
# 3024801	11	49.4425	2.84690	2190	1	'Clairoix'	
# 6614027	11	50.7997	2.69110	2179	1	'Boeschèpe'	
# 3033149	11	50.0875	3.44250	2174	1	'Bertry'	
# 6450244	11	50.5072	2.72500	2166	1	'Annequin'	
# 3031605	11	49.1661	2.35890	2156	1	'Boran-sur-Oise'	
# 3020429	11	50.67	2.28610	2152	1	'Ecques'	
# 2990277	11	48.965	3.32360	2138	1	'Nogent-l’Artaud'	
# 6438548	11	50.0333	3.30030	2129	1	'Villers-Outréaux'	
# 2993203	11	50.4794	3.10220	2126	1	'Mons-en-Pévèle'	
# 3017717	11	49.6506	1.72970	2120	1	'Formerie'	
# 2985461	11	50.6553	2.95250	2119	1	'Prémesques'	
# 3019643	11	50.8869	2.43140	2110	1	'Esquelbecq'	
# 2984005	11	50.7306	2.37110	2100	1	'Renescure'	
# 6618332	11	50.7972	1.77470	2100	1	'Réty'	
# 6439344	11	50.4247	1.89810	2095	1	'Beaurainville'	
# 3008426	11	50.2892	3.85690	2094	1	'La Longueville'	
# 8285660	11	49.1783	3.12390	2077	1	'La Ferté-Milon'	
# 2990615	11	49.1683	3.26390	2075	1	'Neuilly-Saint-Front'	
# 2971580	11	49.4003	2.98890	2072	1	'Trosly-Breuil'	
# 3034001	11	50.1061	2.32940	2066	1	'Beauval'	
# 3032319	11	50.6919	2.40360	2064	1	'Blaringhem'	
# 6438777	11	49.0867	2.74420	2056	1	'Lagny-le-Sec'	
# 3025942	11	49.8156	2.80420	2054	1	'Chaulnes'	
# 6438259	11	50.7939	2.64330	2051	1	'Godewaersvelde'	
# 3018332	11	50.0014	2.26000	2042	1	'Flesselles'	
# 3019545	11	50.4753	2.90780	2039	1	'Estevelles'	
# 3033962	11	50.1378	3.38280	2038	1	'Beauvois-en-Cambrésis'	
# 2974506	11	49.5961	3.24670	2034	1	'Sinceny'	
# 2974450	11	49.5708	3.89280	2034	1	'Sissonne'	
# 3025284	11	49.3447	2.68250	2022	1	'Chevrières'	
# 2967460	11	50.9761	2.49310	2020	1	'Warhem'	
# 3029234	11	50.7583	2.60420	2017	1	'Caëstre'	
# 6438591	11	49.3031	2.53440	2013	1	'Brenouille'	
# 3002108	11	50.9072	1.93390	2009	1	'Les Attaques'	
# 2995534	11	50.5561	2.87060	2008	1	'Marquillies'	
# 2971169	11	49.4092	3.51640	2008	1	'Vailly-sur-Aisne'	
# 6439697	11	50.6344	2.32530	2002	1	'Mametz'	
# 2994939	11	50.2158	1.62500	2002	1	'Le Crotoy'	
# 3015911	11	50.3928	2.77220	1990	1	'Givenchy-en-Gohelle'	
# 3013571	11	50.3694	3.35810	1988	1	'Hélesmes'	
# 2983798	11	50.9394	2.53970	1988	1	'Rexpoëde'	
# 6438492	11	50.3422	3.64670	1975	1	'Sebourg'	
# 6694108	11	50.5042	2.66220	1974	1	'Verquigneul'	
# 2983699	11	49.7956	3.45830	1959	1	'Ribemont'	
# 2985416	11	50.3108	3.57420	1957	1	'Préseau'	
# 3029023	11	49.5064	2.89750	1951	1	'Cambronne-lès-Ribécourt'	
# 3022386	11	50.1997	2.88000	1950	1	'Croisilles'	
# 2982839	11	50.6706	2.34220	1940	1	'Roquetoire'	
# 3020565	11	50.3506	3.21610	1936	1	'Écaillon'	
# 2971692	11	49.2847	1.82110	1934	1	'Trie-Château'	
# 3037564	11	49.5058	3.45060	1931	1	'Anizy-le-Château'	
# 6438697	11	49.2622	2.58560	1929	1	'Fleurines'	
# 3028983	11	50.3975	1.87670	1927	1	'Campagne-lès-Hesdin'	
# 2981959	11	50.6469	3.22360	1926	1	'Sailly-lès-Lannoy'	
# 2997675	11	49.3567	2.71780	1923	1	'Longueil-Sainte-Marie'	
# 3008496	11	50.4478	3.36390	1915	1	'Rosult'	
# 3013363	11	50.6686	1.68110	1911	1	'Hesdin-l’Abbé'	
# 3038592	11	50.26	2.75940	1906	1	'Agny'	
# 6450235	11	50.8094	1.60640	1895	1	'Ambleteuse'	
# 2998360	11	50.0997	3.37920	1895	1	'Ligny-en-Cambrésis'	
# 3036450	11	49.4125	3.04720	1894	1	'Attichy'	
# 2995933	11	50.1214	3.17360	1894	1	'Marcoing'	
# 6615137	11	50.2875	3.26830	1885	1	'Marquette-en-Ostrevent'	
# 6613542	11	49.4381	2.70780	1881	1	'Rémy'	
# 2971386	11	49.2778	2.28030	1879	1	'Ully-Saint-Georges'	
# 6424766	11	49.3906	3.39390	1873	1	'Bucy-le-Long'	
# 6615142	11	49.1033	2.58360	1872	1	'Plailly'	
# 3023007	11	49.3447	3.31250	1861	1	'Courmelles'	
# 3035702	11	50.2769	2.52860	1853	1	'Avesnes-le-Comte'	
# 2978817	11	50.0492	2.13750	1852	1	'Saint-Léger-lès-Domart'	
# 2987270	11	49.3511	2.98030	1839	1	'Pierrefonds'	
# 2973311	11	50.7439	2.20810	1837	1	'Tatinghem'	
# 6615655	11	49.6042	3.51390	1830	1	'Crépy-en-Laonnois'	
# 3017582	11	49.8994	2.50360	1828	1	'Fouilloy'	
# 3038763	11	50.3922	2.71250	1824	1	'Ablain-Saint-Nazaire'	
# 6450027	11	50.2881	4.01500	1821	1	'Assevent'	
# 3032726	11	50.9628	2.41080	1819	1	'Bierne'	
# 3019977	11	49.7417	3.05030	1810	1	'Eppeville'	
# 3014197	11	49.6558	3.05170	1804	1	'Guiscard'	
# 2973847	11	50.9694	2.32330	1804	1	'Spycker'	
# 3021513	11	50.7342	2.94830	1798	1	'Deûlemont'	
# 3033360	11	50.6074	2.46890	1797	1	'Berguette'	
# 2974329	11	50.1744	4.09170	1797	1	'Solre-le-Château'	
# 2984726	11	50.1661	3.42750	1790	1	'Quiévy'	
# 6424860	11	49.405	3.31970	1786	1	'Cuffies'	
# 3018672	11	50.8292	1.76000	1785	1	'Ferques'	
# 3015870	11	50.0561	4.07470	1782	1	'Glageon'	
# 3010609	11	49.9772	3.91640	1782	1	'La Capelle-en-Thiérache'	
# 2982168	11	50.4889	3.34970	1778	1	'Rumegies'	
# 3018018	11	50.1669	3.15970	1776	1	'Fontaine-Notre-Dame'	
# 3029046	11	50.4822	2.46310	1774	1	'Camblain-Châtelain'	
# 3023804	11	49.7406	2.15170	1773	1	'Conty'	
# 2967112	11	50.8536	2.06750	1773	1	'Zutkerque'	
# 2993839	11	49.5025	1.99530	1756	1	'Milly-sur-Thérain'	
# 3037921	11	49.2031	2.12170	1748	1	'Amblainville'	
# 3035482	11	50.5503	3.26000	1747	1	'Bachy'	
# 3022134	11	50.5194	2.74860	1746	1	'Cuinchy'	
# 6439506	11	50.5469	2.66440	1742	1	'Essars'	
# 3030845	11	50.1511	3.61580	1740	1	'Bousies'	
# 2972107	11	49.4706	3.00860	1730	1	'Tracy-le-Mont'	
# 2987086	11	49.4883	3.44640	1728	1	'Pinon'	
# 2980344	11	49.515	3.83940	1722	1	'Saint-Erme-Outre-et-Ramecourt'	
# 3018793	11	50.2656	3.21390	1722	1	'Féchain'	
# 2975771	11	50.2408	3.44360	1720	1	'Saulzoir'	
# 3013569	11	50.6978	2.24310	1714	1	'Helfaut'	
# 2979398	11	50.7631	2.72170	1714	1	'Saint-Jans-Cappel'	
# 2979722	11	49.4431	1.78140	1713	1	'Saint-Germer-de-Fly'	
# 2969212	11	50.4772	3.33420	1702	1	'Saméon'	
# 2996621	11	50.4525	2.58500	1696	1	'Maisnil-lès-Ruitz'	
# 3035286	11	49.2953	2.33640	1693	1	'Balagny-sur-Thérain'	
# 2967916	11	49.6314	3.24280	1693	1	'Viry-Noureuil'	
# 6438917	11	49.54	2.74580	1692	1	'Ressons-sur-Matz'	
# 6618090	11	49.8369	3.48920	1683	1	'Origny-Sainte-Benoîte'	
# 3028947	11	50.5119	2.98690	1682	1	'Camphin-en-Carembault'	
# 3020437	11	50.2506	3.07110	1679	1	'Écourt-Saint-Quentin'	
# 3018361	11	49.7133	3.19310	1678	1	'Flavy-le-Martel'	
# 3032027	11	50.6489	2.87420	1675	1	'Bois-Grenier'	
# 6438507	11	50.6744	2.48500	1674	1	'Steenbecque'	
# 6438140	11	50.4547	3.51940	1672	1	'Bruille-Saint-Amand'	
# 3010400	11	49.4492	1.90250	1668	1	'Lachapelle-aux-Pots'	
# 6438861	11	49.345	2.41140	1659	1	'Neuilly-sous-Clermont'	
# 2987947	11	50.4842	2.41060	1659	1	'Pernes'	
# 2990087	11	50.875	2.02500	1656	1	'Nortkerque'	
# 3036394	11	50.5953	2.82500	1655	1	'Aubers'	
# 3030994	11	50.5647	3.24360	1653	1	'Bourghelles'	
# 2980418	11	50.8994	2.13780	1653	1	'Sainte-Marie-Kerque'	
# 6438570	11	50.3308	3.41500	1651	1	'Wavrechain-sous-Denain'	
# 3028146	11	49.3008	2.24860	1651	1	'Cauvigny'	
# 3020813	11	49.9153	2.22940	1648	1	'Dreuil-lès-Amiens'	
# 6438238	11	50.5069	3.46640	1646	1	'Flines-lès-Mortagne'	
# 3011045	11	50.52	2.56310	1645	1	'Labeuvrière'	
# 6438317	11	50.39	3.04420	1644	1	'Lauwin-Planque'	
# 6438293	11	50.8864	2.53360	1641	1	'Herzeele'	
# 2982154	11	50.8594	2.15780	1641	1	'Ruminghem'	
# 3013955	11	49.8489	2.66970	1638	1	'Harbonnières'	
# 3012837	11	50.5614	2.83110	1635	1	'Illies'	
# 2992664	11	49.7386	3.25750	1632	1	'Montescourt-Lizerolles'	
# 6439668	11	50.7853	1.93670	1631	1	'Licques'	
# 6425308	11	49.4056	3.11500	1631	1	'Vic-sur-Aisne'	
# 6439505	11	50.7047	2.18720	1627	1	'Esquerdes'	
# 3033200	11	49.3506	2.22470	1625	1	'Berthecourt'	
# 6444575	11	50.0125	1.99530	1623	1	'Longpré-les-Corps-Saints'	
# 6618301	11	50.7311	1.70690	1619	1	'La Capelle-lès-Boulogne'	
# 3024326	11	50.2567	4.07580	1618	1	'Colleret'	
# 2967110	11	51.0642	2.48940	1616	1	'Zuydcoote'	
# 2995822	11	49.1364	3.07720	1611	1	'Mareuil-sur-Ourcq'	
# 2975475	11	50.5044	3.45440	1609	1	'Mortagne-du-Nord'	
# 6438678	11	49.2356	2.30780	1607	1	'Ercuis'	
# 3028767	11	50.3092	3.12580	1605	1	'Cantin'	
# 2983077	11	49.9458	3.09780	1604	1	'Roisel'	
# 6614064	11	49.4039	2.11190	1596	0	'Allonne'	
# 3036856	11	50.8325	2.41060	1594	1	'Arnèke'	
# 3019810	11	49.2186	2.16530	1592	1	'Esches'	
# 6424953	11	49.8425	3.32110	1590	1	'Harly'	
# 3017562	11	50.5189	2.60110	1590	1	'Fouquereuil'	
# 3019870	11	50.3625	3.31500	1589	1	'Erre'	
# 2970118	11	50.5753	3.07810	1584	1	'Vendeville'	
# 6614186	11	50.4531	3.07940	1583	1	'Moncheaux'	
# 2979507	11	50.1833	3.41280	1575	1	'Saint-Hilaire-lez-Cambrai'	
# 3036271	11	50.3975	2.10220	1574	1	'Auchy-lès-Hesdin'	
# 3030524	11	49.0492	3.42780	1573	1	'Brasles'	
# 3024934	11	49.3189	2.52670	1572	1	'Cinqueux'	
# 2997583	11	50.5681	2.79060	1572	1	'Lorgies'	
# 2981615	11	50.2078	3.41640	1568	1	'Saint-Aubert'	
# 2982179	11	50.4678	2.58970	1562	1	'Ruitz'	
# 2977691	11	49.4292	2.00690	1562	1	'Saint-Paul'	
# 3037694	11	50.8672	1.92080	1556	1	'Andres'	
# 2990526	11	50.3556	2.75810	1549	1	'Neuville-Saint-Vaast'	
# 6438939	11	49.3544	2.54420	1549	1	'Sacy-le-Grand'	
# 6438947	11	49.2633	2.07250	1548	1	'Saint-Crépin-Ibouvillers'	
# 2996930	11	50.6228	2.61670	1539	1	'Calonne-sur-la-Lys'	
# 6438131	11	50.4358	3.24500	1537	1	'Bouvignies'	
# 6617211	11	50.8878	2.38610	1533	1	'Zeggers-Cappel'	
# 3013830	11	50.2178	3.48030	1529	1	'Haussy'	
# 6438615	11	49.5142	3.02470	1521	1	'Carlepont'	
# 6439576	11	50.3847	1.61580	1514	1	'Groffliers'	
# 3037481	11	50.6053	3.19080	1511	1	'Anstaing'	
# 6614660	11	50.4797	3.20580	1509	1	'Auchy-lès-Orchies'	
# 6424763	11	49.5244	3.66360	1504	1	'Bruyères-et-Montbérault'	
# 6424856	11	49.6969	3.62250	1500	1	'Crécy-sur-Serre'	
# 6424394	11	49.3144	2.47170	1494	1	'Mogneville'	
# 6438539	11	50.4086	3.60500	1478	1	'Vicq'	
# 2978235	11	49.3419	2.60420	1478	1	'Saint-Martin-Longueau'	
# 3015438	11	50.0556	3.12420	1477	1	'Gouzeaucourt'	
# 2995463	11	49.5756	1.95560	1476	1	'Marseille-en-Beauvaisis'	
# 3004326	11	50.6822	2.71920	1472	1	'Le Doulieu'	
# 3018688	11	50.3278	3.07360	1469	1	'Férin'	
# 2997713	11	50.6519	1.80560	1469	1	'Longfossé'	
# 3035349	11	49.3478	2.45750	1468	1	'Bailleval'	
# 3017766	11	50.6342	3.18920	1467	1	'Forest-sur-Marque'	
# 3015746	11	49.4264	2.03610	1467	1	'Goincourt'	
# 6613789	11	50.0536	1.90280	1464	1	'Pont-Rémy'	
# 3014014	11	50.8814	1.84280	1463	1	'Hames-Boucres'	
# 2969250	11	50.1531	3.46390	1460	1	'Viesly'	
# 3020617	11	49.8453	2.26940	1459	1	'Dury'	
# 3029673	11	50.14	2.70860	1457	1	'Bucquoy'	
# 3013200	11	49.85	3.36500	1456	1	'Homblières'	
# 2995840	11	50.0461	3.41890	1451	1	'Maretz'	
# 6439750	11	50.5839	2.78030	1445	1	'Neuve-Chapelle'	
# 3035699	11	50.2497	3.37750	1445	1	'Avesnes-le-Sec'	
# 2982156	11	50.1269	3.22000	1444	1	'Rumilly-en-Cambrésis'	
# 2975934	11	50.1694	4.02640	1444	1	'Sars-Poteries'	
# 6425123	11	49.895	4.01830	1438	1	'Origny-en-Thiérache'	
# 6438228	11	50.1431	4.02500	1437	1	'Felleries'	
# 3036122	11	50.1011	1.44860	1431	1	'Ault'	
# 6450079	11	50.8658	2.32640	1430	1	'Bollezeele'	
# 2983584	11	50.2011	3.35250	1429	1	'Rieux-en-Cambrésis'	
# 6438300	11	50.2625	3.31500	1426	1	'Hordain'	
# 8296884	11	49.8442	1.77920	1424	1	'Beaucamps-le-Vieux'	
# 2971272	11	51.0217	2.48330	1422	1	'Uxem'	
# 3013635	11	50.6414	2.54080	1419	1	'Haverskerque'	
# 3035352	11	50.3383	2.85030	1417	1	'Bailleul-Sir-Berthoult'	
# 3014450	11	50.6108	2.48940	1416	1	'Guarbecque'	
# 2995585	11	50.135	3.76080	1416	1	'Maroilles'	
# 3034054	11	49.9964	3.30890	1415	1	'Beaurevoir'	
# 3021277	11	49.9228	2.96530	1415	1	'Doingt'	
# 2972571	11	50.2764	2.81640	1413	1	'Tilloy-lès-Mofflaines'	
# 2971771	11	50.6197	3.19420	1409	1	'Tressin'	
# 6439046	11	49.2	2.49220	1408	1	'Vineuil-Saint-Firmin'	
# 6438136	11	50.9539	2.29190	1408	1	'Brouckerque'	
# 3036137	11	49.6122	3.60750	1404	1	'Aulnois-sous-Laon'	
# 3022622	11	50.2522	1.88310	1403	1	'Crécy-en-Ponthieu'	
# 6438431	11	50.6247	2.90500	1403	1	'Radinghem-en-Weppes'	
# 3037642	11	49.3119	2.50360	1401	1	'Angicourt'	
# 6438377	11	50.5181	3.29170	1400	1	'Mouchin'	
# 2969329	11	50.9283	2.07670	1400	1	'Vieille-Église'	
# 2989501	11	49.4163	1.92300	1398	1	'Ons-en-Bray'	
# 6439041	11	49.4825	2.80390	1396	1	'Villers-sur-Coudun'	
# 3018166	11	49.5419	3.28890	1388	1	'Folembray'	
# 2998437	11	50.2731	3.34530	1388	1	'Lieu-Saint-Amand'	
# 6618349	11	50.5878	2.40720	1387	1	'Norrent-Fontès'	
# 6454402	11	50.9942	2.41640	1385	1	'Coudekerque'	
# 3006358	11	49.5883	2.84330	1384	1	'Lassigny'	
# 2971694	11	49.5611	2.58890	1381	1	'Tricot'	
# 2970071	11	49.3656	3.39220	1379	1	'Venizel'	
# 3018562	11	49.6467	1.84670	1377	1	'Feuquières'	
# 6424961	11	49.8586	3.21250	1375	1	'Holnon'	
# 3004545	11	50.2769	3.04110	1375	1	'Lécluse'	
# 2973825	11	50.9533	2.36720	1374	1	'Steene'	
# 3015442	11	50.3117	3.05580	1373	1	'Gouy-sous-Bellonne'	
# 2992086	11	49.0214	3.19560	1370	1	'Montreuil-aux-Lions'	
# 3029791	11	50.3589	3.24390	1365	1	'Bruille-lez-Marchiennes'	
# 6456265	11	49.4653	2.89030	1359	1	'Le Plessis-Brion'	
# 6438553	11	50.3939	3.23140	1357	1	'Vred'	
# 3017104	11	50.9169	1.82470	1355	1	'Fréthun'	
# 2984828	11	50.3164	1.63610	1355	1	'Quend'	
# 3025204	11	48.9878	3.36720	1351	1	'Chézy-sur-Marne'	
# 2983354	11	50.5958	2.56330	1351	1	'Robecq'	
# 3013321	11	50.695	2.28250	1350	1	'Heuringhem'	
# 6617291	11	50.5831	2.58940	1348	1	'Mont-Bernenchon'	
# 3010985	11	49.2897	2.15830	1347	1	'Laboissière-en-Thelle'	
# 6618303	11	50.7106	2.34390	1336	1	'Wardrecques'	
# 2990336	11	50.4725	3.46720	1334	1	'Nivelles'	
# 3031315	11	50.0119	3.69860	1331	1	'Boué'	
# 3014479	11	49.8133	3.26610	1328	1	'Grugies'	
# 2992802	11	49.6956	4.01720	1328	1	'Montcornet'	
# 2990656	11	50.2661	3.90780	1324	1	'Neuf-Mesnil'	
# 3020705	11	50.3078	2.68440	1323	1	'Duisans'	
# 3034106	11	50.0847	2.39140	1318	1	'Beauquesne'	
# 2987356	11	49.9442	2.14360	1317	1	'Picquigny'	
# 6614523	11	50.0575	3.92750	1315	1	'Étroeungt'	
# 6438559	11	50.3994	3.31440	1313	1	'Wandignies-Hamage'	
# 3021105	11	50.5478	2.91970	1312	1	'Don'	
# 2997566	11	49.2567	2.10560	1310	1	'Lormaison'	
# 2990124	11	50.8178	2.08170	1310	1	'Nordausques'	
# 2967341	11	50.8408	2.55080	1307	1	'Winnezeele'	
# 3014050	11	49.9914	1.87690	1306	1	'Hallencourt'	
# 2967471	11	50.5686	3.26560	1306	1	'Wannehain'	
# 3021757	11	50.5892	1.61390	1303	1	'Dannes'	
# 6454409	11	50.6344	2.94140	1300	1	'Ennetières-en-Weppes'	
# 6444450	11	50.3414	1.56860	1300	1	'Fort-Mahon-Plage'	
# 3018591	11	50.5433	2.73670	1297	1	'Festubert'	
# 3032269	11	49.5161	3.15060	1295	1	'Blérancourt'	
# 3024396	11	49.1611	3.42170	1295	1	'Coincy'	
# 6438444	11	50.3797	3.25720	1294	1	'Rieulay'	
# 3035325	11	50.71	1.68030	1293	1	'Baincthun'	
# 3020184	11	50.1914	3.64280	1293	1	'Englefontaine'	
# 6438273	11	50.5358	2.87220	1292	1	'Hantay'	
# 6439403	11	50.855	1.96970	1290	1	'Brêmes'	
# 3014466	11	50.5947	3.20610	1288	1	'Gruson'	
# 2977275	11	50.0736	1.45190	1287	1	'Saint-Quentin-Lamotte-Croix-au-Bailly'	
# 6438550	11	50.285	3.61610	1284	1	'Villers-Pol'	
# 3007820	11	50.8472	1.78420	1283	1	'Landrethun-le-Nord'	
# 6424897	11	49.0342	3.41920	1279	1	'Étampes-sur-Marne'	
# 3022037	11	50.3294	3.60310	1278	1	'Curgies'	
# 3030459	11	49.9403	2.71750	1274	1	'Bray-sur-Somme'	
# 2997286	11	50.5175	2.50000	1273	1	'Lozinghem'	
# 2977178	11	50.1331	1.94690	1270	1	'Saint-Riquier'	
# 3029473	11	50.5878	2.51830	1269	1	'Busnes'	
# 6439007	11	49.48	2.04280	1268	1	'Troissereux'	
# 3028982	11	50.7194	2.33330	1258	1	'Campagne-lès-Wardrecques'	
# 2994803	11	49.9817	2.66000	1257	1	'Méaulte'	
# 2967416	11	50.6831	2.13670	1255	1	'Wavrans-sur-l’Aa'	
# 2967299	11	50.0664	1.53750	1255	1	'Woincourt'	
# 3012022	11	49.7203	3.23140	1254	1	'Jussy'	
# 3033760	11	50.3683	3.42580	1252	1	'Bellaing'	
# 2996058	11	49.85	2.57440	1251	1	'Marcelcave'	
# 2990685	11	50.6606	2.67110	1248	1	'Neuf-Berquin'	
# 3028493	11	50.0925	3.84580	1245	1	'Cartignies'	
# 2967418	11	49.5467	2.35940	1242	1	'Wavignies'	
# 6444730	11	49.8375	2.31500	1240	1	'Saint-Fuscien'	
# 2977841	11	49.5319	2.00220	1240	1	'Saint-Omer-en-Chaussée'	
# 3022472	11	49.0481	3.51080	1238	1	'Crézancy'	
# 3025482	11	50.0622	1.64670	1237	1	'Chépy'	
# 3029026	11	50.5114	2.74220	1236	1	'Cambrin'	
# 2990730	11	49.0194	3.42610	1233	1	'Nesles-la-Montagne'	
# 2976885	11	50.0556	3.53170	1228	1	'Saint-Souplet'	
# 2969288	11	48.8967	3.39720	1227	1	'Viels-Maisons'	
# 2985821	11	49.9472	2.31420	1223	1	'Poulainville'	
# 3021725	11	50.0417	1.52560	1221	1	'Dargnies'	
# 3020369	11	50.7786	2.59610	1220	1	'Eecke'	
# 3018077	11	50.13	3.37470	1218	1	'Fontaine-au-Pire'	
# 2968398	11	50.2258	3.40080	1217	1	'Villers-en-Cauchies'	
# 3013935	11	50.7994	1.82140	1215	1	'Hardinghen'	
# 2981942	11	49.8169	2.31810	1212	1	'Sains-en-Amiénois'	
# 6438633	11	49.545	2.94640	1209	1	'Chiry-Ourscamp'	
# 2989640	11	50.2503	3.12390	1208	1	'Oisy-le-Verger'	
# 6439909	11	50.355	2.80060	1207	1	'Thélus'	
# 3013416	11	50.1119	3.03780	1204	1	'Hermies'	
# 3019369	11	49.8292	3.16030	1203	1	'Étreillers'	
# 2972594	11	49.4633	2.11170	1201	1	'Tillé'	
# 6439587	11	50.7089	2.21000	1200	1	'Hallines'	
# 3019073	11	50.3022	2.87170	1197	1	'Fampoux'	
# 2989691	11	50.0406	4.11860	1194	1	'Ohain'	
# 6450094	11	49.5644	2.38830	1191	1	'Ansauvillers'	
# 8296906	11	50.0206	2.04580	1190	1	'L’Étoile'	
# 6438337	11	50.9164	2.27500	1181	1	'Looberghe'	
# 3021631	11	50.6175	2.21310	1179	1	'Delettes'	
# 3013201	11	49.7386	2.98530	1177	1	'Hombleux'	
# 2993588	11	49.9897	2.96390	1177	1	'Moislains'	
# 2968534	11	49.2372	2.07670	1176	1	'Villeneuve-les-Sablons'	
# 3005635	11	49.425	2.19720	1175	1	'Laversines'	
# 2967453	11	49.3881	2.14080	1173	1	'Warluis'	
# 3036335	11	50.2625	3.16440	1172	1	'Aubigny-au-Bac'	
# 2989726	11	50.9411	2.01830	1172	1	'Offekerque'	
# 6439497	11	50.5875	2.28560	1171	1	'Enquin-les-Mines'	
# 2976823	11	50.7769	2.55420	1170	1	'Saint-Sylvestre-Cappel'	
# 3002221	11	49.3147	2.59640	1167	1	'Les Ageux'	
# 3029024	11	49.33	2.39940	1167	1	'Cambronne-lès-Clermont'	
# 3035237	11	50.8611	1.94190	1166	1	'Balinghem'	
# 2974534	11	49.1069	2.79170	1163	1	'Silly-le-Long'	
# 3029606	11	49.9653	3.83470	1162	1	'Buironfosse'	
# 3037576	11	49.3294	2.32810	1161	1	'Angy'	
# 2989652	11	49.9553	1.76640	1160	1	'Oisemont'	
# 3028692	11	50.9019	2.22220	1159	1	'Cappellebrouck'	
# 6439643	11	50.6758	1.65000	1156	1	'Isques'	
# 3035634	11	49.4469	2.42610	1153	1	'Avrechy'	
# 2981558	11	49.4197	1.87830	1153	1	'Saint-Aubin-en-Bray'	
# 3037919	11	49.3808	3.18440	1151	1	'Ambleny'	
# 2993532	11	49.6664	1.80970	1151	1	'Moliens'	
# 6439394	11	50.1778	3.11670	1150	1	'Bourlon'	
# 2987919	11	49.1625	2.84610	1150	1	'Péroy-les-Gombries'	
# 2974870	11	50.7939	2.20110	1149	1	'Serques'	
# 3011460	11	50.9581	2.56220	1148	1	'Killem'	
# 6439023	11	49.105	2.68530	1147	1	'Ver-sur-Launette'	
# 3032615	11	49.3561	3.38310	1146	1	'Billy-sur-Aisne'	
# 3012361	11	50.3122	3.62940	1141	1	'Jenlain'	
# 3032957	11	49.1567	2.95560	1140	1	'Betz'	
# 6614161	11	50.0075	3.12860	1137	1	'Épéhy'	
# 3013089	11	50.7961	2.17280	1137	1	'Houlle'	
# 6451330	11	50.0467	2.15280	1133	1	'Berteaucourt-les-Dames'	
# 3024023	11	50.3675	1.66440	1129	1	'Conchil-le-Temple'	
# 6439862	11	50.4678	1.66470	1128	1	'Saint-Josse'	
# 2991456	11	50.7883	2.17830	1124	1	'Moulle'	
# 6438522	11	50.48	3.45890	1122	1	'Thun-Saint-Amand'	
# 3025177	11	49.0389	3.42940	1120	1	'Chierry'	
# 2986356	11	49.3467	2.19500	1119	1	'Ponchon'	
# 6439703	11	50.3739	2.01610	1116	1	'Marconnelle'	
# 2984883	11	50.9356	2.45440	1112	1	'Quaëdypre'	
# 3009445	11	50.0039	3.92030	1110	1	'La Flamengrie'	
# 2967462	11	50.3081	3.66030	1110	1	'Wargnies-le-Grand'	
# 2989701	11	49.6108	3.19420	1109	1	'Ognes'	
# 6613658	11	50.2322	3.90560	1108	1	'Saint-Rémy-du-Nord'	
# 6618316	11	50.4086	2.63780	1106	1	'Servins'	
# 3022269	11	49.2153	2.32220	1106	1	'Crouy-en-Thelle'	
# 3019505	11	50.3003	3.06970	1106	1	'Estrées'	
# 2977842	11	50.9392	2.10080	1105	1	'Saint-Omer-Capelle'	
# 3028852	11	50.1075	2.25940	1104	1	'Candas'	
# 2992288	11	49.4811	2.90170	1104	1	'Montmacq'	
# 2990504	11	50.1419	3.51000	1100	1	'Neuvilly'	
# 2969868	11	49.8781	3.14970	1097	1	'Vermand'	
# 2972936	11	50.6367	2.25890	1095	1	'Thérouanne'	
# 2984761	11	49.8236	2.08390	1094	1	'Quevauvillers'	
# 2972559	11	50.7775	2.20420	1092	1	'Tilques'	
# 2975383	11	49.9542	3.47940	1091	1	'Seboncourt'	
# 2967511	11	50.2464	2.72220	1091	1	'Wailly'	
# 3024740	11	50.0772	3.40000	1088	1	'Clary'	
# 2970137	11	50.2622	3.51140	1087	1	'Vendegies-sur-Écaillon'	
# 3014410	11	50.915	1.99580	1086	1	'Guemps'	
# 2991802	11	49.2981	2.92000	1083	1	'Morienval'	
# 2980751	11	50.3719	2.05110	1082	1	'Marconne'	
# 2990926	11	50.0353	2.27640	1082	1	'Naours'	
# 2972106	11	49.4894	3.00940	1082	1	'Tracy-le-Val'	
# 2984345	11	49.5156	2.50110	1081	1	'Ravenel'	
# 3021230	11	50.0744	2.12530	1074	1	'Domart-en-Ponthieu'	
# 6438996	11	49.2478	2.43220	1073	1	'Thiverny'	
# 2972853	11	49.1522	2.57190	1070	1	'Thiers-sur-Thève'	
# 2979436	11	49.3064	2.76940	1069	1	'Saintines'	
# 2973476	11	50.0297	2.32640	1069	1	'Talmas'	
# 3023328	11	49.4614	2.81440	1067	1	'Coudun'	
# 2972940	11	49.4192	2.15500	1065	1	'Therdonne'	
# 3018649	11	50.24	4.02220	1064	1	'Ferrière-la-Petite'	
# 3033312	11	50.1314	2.16360	1062	1	'Bernaville'	
# 6438866	11	49.3747	2.48190	1061	1	'Nointel'	
# 3008199	11	50.6172	2.39670	1059	1	'Lambres'	
# 2985296	11	50.08	3.76670	1058	1	'Prisches'	
# 2970015	11	50.2678	3.47670	1056	1	'Verchain-Maugré'	
# 6444666	11	50.1597	1.58390	1054	1	'Pendé'	
# 6450026	11	50.2933	3.54030	1051	1	'Artres'	
# 2981936	11	49.8239	3.70920	1050	1	'Sains-Richaumont'	
# 3028564	11	50.1678	3.34670	1047	1	'Carnières'	
# 3017557	11	50.515	2.61080	1045	1	'Fouquières-lès-Béthune'	
# 2976711	11	49.2672	2.39220	1045	1	'Saint-Vaast-lès-Mello'	
# 3029626	11	50.2908	3.15580	1042	1	'Bugnicourt'	
# 2988421	11	49.4017	3.29640	1042	1	'Pasly'	
# 2993338	11	49.9633	4.05530	1041	1	'Mondrepuis'	
# 2990281	11	49.0164	3.40250	1041	1	'Nogentel'	
# 3028253	11	49.3686	2.51080	1039	1	'Catenoy'	
# 2978249	11	49.3961	2.06030	1039	1	'Saint-Martin-le-Noeud'	
# 3012609	11	50.3617	2.95000	1037	1	'Izel-lès-Équerchin'	
# 6438765	11	49.3172	1.97000	1036	1	'Jouy-sous-Thelle'	
# 3015755	11	50.3175	3.09470	1034	1	'Goeulzin'	
# 3036465	11	50.3025	2.83610	1034	1	'Athies'	
# 2981963	11	50.1875	1.77360	1030	1	'Sailly-Flibeaucourt'	
# 6439526	11	50.2933	2.84580	1029	1	'Feuchy'	
# 6424965	11	49.8067	3.34500	1028	1	'Itancourt'	
# 3032781	11	49.5794	3.21470	1027	1	'Bichancourt'	
# 6617285	11	50.5286	2.75780	1026	1	'Givenchy-lès-Labassée'	
# 2977304	11	50.1897	3.48170	1026	1	'Saint-Python'	
# 2995113	11	50.5028	3.43250	1025	1	'Maulde'	
# 3028563	11	50.52	2.95780	1024	1	'Carnin'	
# 3032817	11	49.1081	3.40920	1022	1	'Bézu-Saint-Germain'	
# 3013483	11	50.2461	3.69670	1021	1	'Villereau'	
# 3038675	11	49.3453	3.41360	1020	1	'Acy'	
# 3033011	11	49.2947	2.81530	1020	1	'Béthisy-Saint-Martin'	
# 2992001	11	50.3511	2.69310	1019	1	'Mont-Saint-Éloi'	
# 2967508	11	50.4133	1.72610	1017	1	'Wailly-Beaucamp'	
# 3013993	11	49.7536	2.60580	1014	1	'Hangest-en-Santerre'	
# 3019604	11	49.7767	3.27720	1013	1	'Essigny-le-Grand'	
# 2974257	11	49.5492	1.85310	1013	1	'Songeons'	
# 2994322	11	50.7153	2.66140	1011	1	'Merris'	
# 3031712	11	49.2847	2.99360	1007	1	'Bonneuil-en-Valois'	
# 2968347	11	49.3656	2.21580	1007	1	'Villers-Saint-Sépulcre'	
# 2970501	11	50.5019	2.62470	1006	1	'Vaudricourt'	
# 3034487	11	50.8072	2.12420	1006	1	'Bayenghem-lès-Éperlecques'	
# 3019906	11	49.1261	2.69580	1004	1	'Ermenonville'	
# 3023363	11	49.5203	3.32250	1002	1	'Coucy-le-Château-Auffrique'	
# 6438404	11	50.2478	3.27470	1002	1	'Paillencourt'	
# 6613909	11	49.1969	2.91440	1001	1	'Levignen'	
# 6450132	11	49.415	3.00330	1001	1	'Berneuil-sur-Aisne'	
# 6444695	11	49.9731	2.35440	1001	1	'Rainneville'	
# 2982294	11	49.7089	4.12830	1001	1	'Rozoy-sur-Serre'	
# 2967667	11	49.6581	3.27890	2251	1	'Vouël'	
# 3007601	11	50.6661	3.21060	1796	1	'Lannoy'	
# ;


end;
