# ======================================================
# Model: Hierarchical health care design : 3 levels (brown field)
# Joao Flavio F. Almeida <joao.flavio@dep.ufmg.br >
# Fabricio Oliveira <fabricio.oliveira@aalto.fi >
# Data   : 19/02/2022
# Versao: 1.0:
# Region: 1: Grand Est (GE)
# =========================================================
data;

# param Distmax:=
# 1 80  # 80
# 2 120 # + 120
# 3 250; # + 200

# Minimal population on destination municipality (j) 
param POPmin:=
1	0
# 2	7000
# 3	20000
# 2	2000
# 3	4000
2	1351	# Q1
3	1993	# Q2 
;

param DurUpper:=
1 0.51 
# 2 1.2 
# 3 1.5; 
2 0.6 
3 1.1; 

# Municipios selecionados que já possuem infraestrutura de nível 3
set S3:=
2975233	#	'Sélestat': CHS
8293796	#	'Nancy' : Henri Poincaré University Hospital
2973781	#	'Strasbourg' : Hôpital de Hautepierre
6524641	#	'Reims' : Reims University Hospital
;

# CODIGO	REGIAO (code)	LAT	LONG	POPULACAO 2030	INFR	MUNICIPIO	
 param: I :	RE	lat	lng	POP	INFR	Mun 	:=
2973781	1	48.58330	7.74580	465069	0	'Strasbourg'	
8293796	1	48.69360	6.18460	434565	0	'Nancy'	
6454365	1	49.12030	6.17780	391187	0	'Metz'	
6441541	1	47.75000	7.34000	285121	0	'Mulhouse'	
6524641	1	49.26280	4.03470	182460	0	'Reims'	
6445533	1	48.17440	6.45120	93184	0	'Épinal'	
3024297	1	48.08170	7.35560	69105	0	'Colmar'	
6453634	1	48.29970	4.07920	61652	0	'Troyes'	
2994020	1	49.77190	4.71610	46428	0	'Charleville-Mézières'	
3027487	1	48.95750	4.36500	44753	0	'Châlons-en-Champagne'	
6454375	1	49.35890	6.16920	40701	0	'Thionville'	
3014078	1	48.82000	7.79000	34504	0	'Haguenau'	
2975446	1	48.60780	7.75000	31894	0	'Schiltigheim'	
2970797	1	48.65670	6.16830	30002	0	'Vandœuvre-lès-Nancy'	
3012834	1	48.53000	7.72000	26780	0	'Illkirch-Graffenstaden'	
2980816	1	48.63830	4.94970	26300	0	'Saint-Dizier'	
3020062	1	49.04030	3.96000	22671	0	'Épernay'	
3025892	1	48.11170	5.13890	21945	0	'Chaumont'	
2992402	1	49.10060	6.15390	21819	1	'Montigny-lès-Metz'	
6454357	1	49.19000	6.90000	21552	0	'Forbach'	
6441606	1	47.59000	7.57000	21177	0	'Saint-Louis'	
2975964	1	49.11000	7.07000	20783	0	'Sarreguemines'	
2980827	1	48.28420	6.94920	19724	0	'Saint-Dié-des-Vosges'	
2975233	1	48.25940	7.45420	19360	0	'Sélestat'	
2998224	1	48.55750	7.68310	18930	1	'Lingolsheim'	
6454301	1	48.58940	6.50170	18027	0	'Lunéville'	
2969958	1	49.15970	5.38280	17161	0	'Verdun'	
6450593	1	48.61390	7.75190	17137	1	'Bischheim'	
3013701	1	49.35890	6.18860	16633	1	'Yutz'	
2975349	1	49.70190	4.94030	16193	0	'Sedan'	
3013627	1	49.32970	6.06190	15888	0	'Hayange'	
2972350	1	48.67500	5.89170	15470	0	'Toul'	
6454369	1	49.10420	6.70810	15433	0	'Saint-Avold'	
6449768	1	48.77170	5.16720	14733	0	'Bar-le-Duc'	
2997638	1	49.51970	5.76060	14730	1	'Longwy'	
6441484	1	47.78220	7.34810	14680	1	'Illzach'	
6436922	1	48.67310	6.15470	14558	1	'Villers-lès-Nancy'	
6441676	1	47.80750	7.33690	14541	1	'Wittenheim'	
6454309	1	48.90440	6.05420	14434	0	'Pont-à-Mousson'	
6426538	1	48.51580	3.72670	14328	0	'Romilly-sur-Seine'	
6436699	1	48.68560	6.15220	14300	0	'Laxou'	
3019077	1	49.29920	6.10970	14243	1	'Fameck'	
2983369	1	47.74860	7.40440	14071	1	'Rixheim'	
2967297	1	49.15110	6.15140	13998	1	'Woippy'	
6441496	1	47.79140	7.33810	13267	1	'Kingersheim'	
3022513	1	49.20530	6.69580	13070	0	'Creutzwald'	
2983629	1	47.74830	7.36690	12660	1	'Riedisheim'	
6450596	1	48.76640	7.85690	12615	0	'Bischwiller'	
8295366	1	48.55110	7.71360	12586	1	'Ostwald'	
6426546	1	48.27970	4.05390	12581	0	'Saint-André-les-Vergers'	
6437857	1	48.73470	7.05390	12331	1	'Sarrebourg'	
3010271	1	48.31190	4.04440	11913	1	'La Chapelle-Saint-Luc'	
3018235	1	49.32140	6.11830	11864	1	'Florange'	
2967856	1	48.72470	4.58440	11743	0	'Vitry-le-François'	
2996538	1	49.21220	6.16110	11490	1	'Maizières-lès-Metz'	
2973795	1	49.20000	6.92920	11385	1	'Stiring-Wendel'	
2989796	1	48.46220	7.48190	11350	0	'Obernai'	
3027857	1	47.80670	7.17580	11326	0	'Cernay'	
2975588	1	48.74140	7.36190	11289	0	'Saverne'	
3013226	1	48.62420	7.75470	11145	1	'Hœnheim'	
6454560	1	47.90750	7.21030	11022	0	'Guebwiller'	
3019865	1	48.42190	7.66110	10621	0	'Erstein'	
6449882	1	49.26080	6.14190	10505	1	'Amnéville'	
2980335	1	48.29470	4.04890	10409	1	'Sainte-Savine'	
2967319	1	47.80530	7.23750	10341	1	'Wittelsheim'	
6436048	1	49.25000	3.99080	10154	1	'Tinqueux'	
2978105	1	48.70110	6.20670	9984	1	'Saint-Max'	
3029771	1	48.73190	7.70830	9970	0	'Brumath'	
6437828	1	49.24940	6.09470	9833	1	'Rombas'	
2968316	1	49.46970	5.92860	9827	0	'Villerupt'	
6436741	1	48.71140	6.16310	9740	0	'Maxéville'	
6436573	1	48.62500	6.34970	9694	1	'Dombasle-sur-Meurthe'	
2987429	1	47.76890	7.30170	9656	0	'Pfastatt'	
2993476	1	48.54280	7.49220	9334	0	'Molsheim'	
6436672	1	48.66940	6.20610	9312	1	'Jarville-la-Malgrange'	
6437557	1	49.25420	6.16810	9243	1	'Hagondange'	
2991992	1	49.54060	5.77940	8953	1	'Mont-Saint-Martin'	
6436879	1	48.68560	6.21170	8872	1	'Tomblaine'	
3021178	1	48.70580	6.22220	8825	0	'Essey-lès-Nancy'	
3015741	1	48.19580	6.43720	8714	0	'Golbey'	
3012467	1	49.15890	5.87720	8245	1	'Jarny'	
2996298	1	48.71030	6.18640	8123	1	'Malzéville'	
2974087	1	48.63500	7.74080	8005	1	'Souffelweyersheim'	
3016274	1	48.07220	6.87860	7802	0	'Gérardmer'	
2973511	1	49.23670	6.17440	7731	1	'Talange'	
2973013	1	47.80670	7.10440	7721	0	'Thann'	
3007680	1	47.86250	5.33310	7699	0	'Langres'	
2984050	1	48.01690	6.59000	7691	0	'Remiremont'	
3013350	1	49.40580	6.15310	7689	1	'Hettange-Grande'	
2991264	1	49.25280	6.04580	7662	0	'Moyeuvre-Grande'	
2967337	1	48.07310	7.29000	7642	1	'Wintzenheim'	
3016424	1	48.51500	7.64640	7605	1	'Geispolsheim'	
2973008	1	48.25060	6.42000	7553	1	'Thaon-les-Vosges'	
3020152	1	47.86560	7.35250	7522	0	'Ensisheim'	
2983891	1	49.50970	4.36750	7522	0	'Rethel'	
2967325	1	49.03750	7.94610	7519	1	'Wissembourg'	
2977880	1	48.63080	6.30220	7466	0	'Saint-Nicolas-de-Port'	
6437545	1	49.29780	6.19780	7341	1	'Guénange'	
6441479	1	47.59140	7.58310	7240	1	'Huningue'	
3034868	1	48.40810	7.44970	7219	1	'Barr'	
6437888	1	49.34440	6.13420	7120	1	'Terville'	
2973993	1	47.88580	7.22920	7058	0	'Soultz-Haut-Rhin'	
3033014	1	49.28470	4.05690	7039	1	'Bétheny'	
3020489	1	48.57890	7.68970	6986	1	'Eckbolsheim'	
3036226	1	49.47330	5.95780	6976	1	'Audun-le-Tiche'	
6437900	1	49.30250	6.15530	6829	1	'Uckange'	
2979052	1	48.27140	4.09750	6801	1	'Saint-Julien-les-Villas'	
3027126	1	48.73360	6.16440	6708	1	'Champigneulles'	
6436775	1	48.61610	6.10360	6653	0	'Neuves-Maisons'	
2990682	1	48.35560	5.69610	6642	0	'Neufchâteau'	
6425950	1	50.13810	4.82420	6610	1	'Givet'	
3033853	1	49.17390	6.93470	6604	1	'Behren-lès-Forbach'	
3016944	1	48.76060	6.12890	6566	1	'Frouard'	
6614532	1	49.22970	6.00890	6559	0	'Jœuf'	
3007780	1	48.65530	6.23140	6538	1	'Laneuveville-devant-Nancy'	
3023628	1	49.22280	4.05190	6488	0	'Cormontreuil'	
3029746	1	47.72330	7.32280	6405	1	'Brunstatt'	
2987706	1	49.21170	6.85750	6322	1	'Petite-Rosselle'	
2996106	1	49.21080	6.10390	6319	0	'Marange-Silvange'	
6445696	1	48.40580	6.84110	6297	1	'Raon-l’Étape'	
2997010	1	47.75970	7.28060	6279	0	'Lutterbach'	
6437603	1	49.12580	6.77810	6272	1	'Hombourg-Haut'	
3013195	1	49.22310	5.99280	6248	1	'Homécourt'	
3038204	1	49.35940	6.04830	6145	1	'Algrange'	
6436719	1	48.62170	6.16170	6134	1	'Ludres'	
2972653	1	48.07940	7.39440	6101	1	'Horbourg'	
6441239	1	48.53860	7.45420	6042	1	'Mutzig'	
2983806	1	49.94250	4.63860	6038	0	'Revin'	
2990263	1	48.49360	3.50250	5987	0	'Nogent-sur-Seine'	
2998078	1	48.75030	6.06190	5976	1	'Liverdun'	
3005422	1	48.65810	7.82830	5838	1	'La Wantzenau'	
2970128	1	48.66750	7.71310	5817	1	'Vendenheim'	
6426046	1	49.81500	4.74500	5760	0	'Nouzonville'	
3033488	1	48.37060	7.59220	5756	1	'Benfeld'	
3018782	1	48.49060	7.68030	5736	1	'Fegersheim'	
3038012	1	47.62310	7.23940	5698	0	'Altkirch'	
3030071	1	49.24860	5.93940	5674	1	'Briey'	
2967437	1	48.63720	7.44810	5661	1	'Wasselonne'	
2993367	1	49.26250	6.16860	5655	1	'Mondelange'	
6614421	1	49.18330	6.49360	5591	0	'Boulay-Moselle'	
6454239	1	49.30720	3.68060	5560	0	'Fismes'	
6437498	1	49.11470	6.86360	5509	1	'Farébersviller'	
2975743	1	47.78670	7.37310	5489	1	'Sausheim'	
6436658	1	48.65250	6.19420	5473	1	'Heillecourt'	
2978056	1	48.95310	4.38310	5473	1	'Saint-Memmie'	
3024086	1	48.76420	5.59170	5399	0	'Commercy'	
2984136	1	48.93440	7.66610	5399	1	'Reichshoffen'	
2989805	1	48.60670	7.68530	5398	1	'Oberhausbergen'	
3011964	1	47.68890	7.50360	5376	1	'Kembs'	
3019817	1	48.48810	7.71580	5372	1	'Eschau'	
2998576	1	49.15810	6.73220	5290	1	'L’Hôpital'	
3022214	1	49.44690	5.60060	5269	1	'Longuyon'	
6454354	1	49.04110	6.59920	5230	1	'Faulquemont'	
2982790	1	48.49670	7.46940	5224	1	'Rosheim'	
3020736	1	48.76190	7.95170	5211	1	'Drusenheim'	
6426518	1	48.32060	4.10140	5161	0	'Pont-Sainte-Marie'	
6445692	1	48.34580	6.63470	5139	1	'Rambervillers'	
6435913	1	49.14080	4.36440	5102	1	'Mourmelon-le-Grand'	
2993728	1	48.29860	6.13030	5078	0	'Mirecourt'	
2980438	1	48.24670	7.18390	5072	0	'Sainte-Marie-aux-Mines'	
6436859	1	48.71580	6.26610	5030	0	'Seichamps'	
3032518	1	49.05170	7.42530	5025	1	'Bitche'	
2985064	1	48.70110	6.25830	5020	1	'Pulnoy'	
6437734	1	49.10640	6.10890	5016	0	'Moulins-lès-Metz'	
2967320	1	49.29310	4.12080	4990	1	'Witry-lès-Reims'	
2975424	1	48.81920	7.72810	4957	1	'Schweighouse-sur-Moder'	
3016730	1	48.69220	7.88330	4956	1	'Gambsheim'	
2967845	1	48.20170	5.94940	4951	0	'Vittel'	
3014103	1	47.72940	7.41890	4947	1	'Habsheim'	
2986385	1	48.76810	6.12750	4871	0	'Pompey'	
6441365	1	48.82970	7.96310	4858	1	'Soufflenheim'	
3034802	1	48.23310	4.70640	4844	0	'Bar-sur-Aube'	
3019139	1	48.96360	4.31830	4838	1	'Fagnières'	
3013387	1	48.73030	7.90750	4796	1	'Herrlisheim'	
2991199	1	48.64360	7.71420	4767	1	'Mundolsheim'	
3021394	1	48.83970	6.06970	4760	1	'Dieulouard'	
2974640	1	48.71890	3.72280	4756	0	'Sézanne'	
2987421	1	48.76780	7.25830	4728	0	'Phalsbourg'	
3036711	1	49.07810	6.07420	4714	1	'Ars-sur-Moselle'	
3026588	1	48.37170	6.29250	4700	1	'Charmes'	
2983705	1	48.19530	7.31830	4697	0	'Ribeauvillé'	
6441485	1	48.09470	7.30640	4679	1	'Ingersheim'	
6454565	1	48.04140	7.13420	4653	0	'Munster'	
6449739	1	48.88330	6.04720	4613	1	'Blénod-lès-Pont-à-Mousson'	
2990364	1	49.34220	6.05000	4601	1	'Nilvange'	
3032194	1	47.60170	7.49530	4593	1	'Blotzheim'	
2975992	1	48.99610	7.02780	4520	0	'Sarralbe'	
6441289	1	48.46970	7.72580	4493	1	'Plobsheim'	
3013225	1	48.69640	7.78390	4442	1	'Hœrdt'	
6449910	1	49.12190	6.15060	4429	1	'Le Ban-Saint-Martin'	
2982636	1	47.95780	7.29780	4417	0	'Rouffach'	
2982774	1	48.26030	4.07170	4414	0	'Rosières-près-Troyes'	
6441298	1	48.64580	7.75220	4406	1	'Reichstett'	
3020411	1	48.68000	5.84060	4402	1	'Écrouves'	
6436662	1	49.51830	5.78420	4394	1	'Herserange'	
2990420	1	48.95000	7.64390	4393	0	'Niederbronn-les-Bains'	
2969046	1	47.60670	7.56940	4356	1	'Village-Neuf'	
2967603	1	49.39810	4.70110	4339	0	'Vouziers'	
2980439	1	49.19170	6.00220	4289	1	'Sainte-Marie-aux-Chênes'	
2995673	1	48.62280	7.49310	4267	1	'Marlenheim'	
3035498	1	48.44860	6.73810	4225	0	'Baccarat'	
2974955	1	49.32080	6.09060	4218	1	'Serémange-Erzange'	
3030713	1	48.75190	6.16310	4193	1	'Bouxières-aux-Dames'	
3026100	1	48.27190	7.40080	4191	1	'Châtenois'	
2967293	1	48.58670	7.66640	4174	1	'Wolfisheim'	
6436856	1	48.68890	6.24690	4171	1	'Saulxures-lès-Nancy'	
6441214	1	48.16390	7.54390	4161	1	'Marckolsheim'	
2980400	1	49.09000	4.89720	4150	0	'Sainte-Menehould'	
2971536	1	48.66280	7.60690	4148	1	'Truchtersheim'	
6457175	1	48.00580	6.87580	4146	1	'La Bresse'	
2988823	1	48.98330	6.02140	4126	1	'Pagny-sur-Moselle'	
3031864	1	47.85720	7.26190	4075	1	'Bollwiller'	
6454333	1	48.88940	5.54000	4074	0	'Saint-Mihiel'	
3012777	1	48.87310	7.47690	4057	1	'Ingwiller'	
6437075	1	48.68860	5.32390	4043	1	'Ligny-en-Barrois'	
2977929	1	48.04940	6.57970	4023	1	'Saint-Nabord'	
3013249	1	48.75940	7.57000	4009	1	'Hochfelden'	
6449736	1	48.55580	6.40690	4006	1	'Blainville-sur-l’Eau'	
2997717	1	49.11440	6.13530	3993	1	'Longeville-lès-Metz'	
6437509	1	49.06940	6.68500	3945	1	'Folschviller'	
2973843	1	47.82670	7.25310	3945	1	'Staffelfelden'	
3030668	1	49.29190	6.53440	3923	1	'Bouzonville'	
2971186	1	48.00830	6.71640	3918	1	'Vagney'	
6450646	1	47.63470	7.47580	3912	1	'Bartenheim'	
2973720	1	49.13000	4.53190	3890	1	'Suippes'	
3022612	1	49.06310	6.58190	3877	1	'Créhange'	
3030708	1	48.82530	7.48280	3860	0	'Bouxwiller'	
2998995	1	47.92500	6.48330	3857	1	'Le Val-d’Ajol'	
8285752	1	48.02360	6.60440	3842	1	'Saint-Étienne-lès-Remiremont'	
2984140	1	49.50170	5.75500	3819	1	'Réhon'	
2971469	1	48.08640	7.28060	3814	1	'Turckheim'	
2998709	1	49.50110	5.73220	3784	1	'Lexy'	
6441618	1	47.65560	7.45580	3750	0	'Sierentz'	
2991713	1	47.73580	7.27060	3737	1	'Morschwiller-le-Bas'	
3014167	1	48.90560	7.66310	3702	1	'Gundershoffen'	
3013206	1	48.55860	7.64110	3696	1	'Holtzheim'	
2983637	1	47.77920	7.28060	3690	1	'Richwiller'	
3035594	1	49.05530	4.00360	3686	1	'Ay'	
2990280	1	48.02940	5.34530	3672	1	'Nogent-en-Bassigny'	
2997716	1	49.11610	6.63920	3635	1	'Longeville-lès-Saint-Avold'	
3012953	1	49.49280	5.87420	3632	1	'Hussigny-Godbrange'	
6436896	1	48.63390	6.31360	3608	1	'Varangéville'	
2992240	1	48.87080	3.54060	3584	0	'Montmirail'	
2968346	1	49.73940	4.74940	3572	1	'Villers-Semeuse'	
3019474	1	49.21280	5.63640	3543	1	'Étain'	
6441561	1	48.12640	7.16080	3529	1	'Orbey'	
6445721	1	47.92670	6.66280	3528	1	'Rupt-sur-Moselle'	
2989802	1	48.78390	7.86360	3495	1	'Oberhoffen-sur-Moder'	
3006889	1	48.28780	4.01970	3457	1	'La Rivière-de-Corps'	
3016192	1	48.38220	7.70250	3447	1	'Gerstheim'	
6616960	1	49.26140	3.98580	3442	1	'Saint-Brice-et-Courcelles'	
3028590	1	49.16640	6.71580	3433	1	'Carling'	
3024479	1	49.14330	6.85640	3429	1	'Cocheren'	
2991806	1	48.92360	6.63580	3426	1	'Morhange'	
3012671	1	47.90250	7.25390	3412	1	'Issenheim'	
2979054	1	49.13390	6.20280	3411	1	'Saint-Julien-lès-Metz'	
6456612	1	47.88000	6.76500	3405	0	'Le Thillot'	
6441458	1	47.56190	7.52560	3395	1	'Hégenheim'	
3024552	1	49.26190	6.09690	3389	1	'Clouange'	
3016907	1	49.99360	4.70690	3379	0	'Fumay'	
2967386	1	48.71640	7.80390	3377	1	'Weyersheim'	
3037502	1	48.18560	6.94560	3363	1	'Anould'	
3007970	1	48.65140	7.69780	3351	1	'Lampertheim'	
6441222	1	48.86310	7.67970	3350	1	'Mertzwiller'	
6454562	1	47.77360	6.99580	3341	0	'Masevaux'	
3029620	1	47.92780	7.18640	3331	1	'Buhl'	
3032549	1	48.48690	7.48940	3329	1	'Bischoffsheim'	
6436655	1	49.48970	5.80640	3318	1	'Haucourt'	
6455513	1	48.30250	4.04110	3281	1	'Les Noës-près-Troyes'	
6437537	1	49.15640	7.02780	3281	1	'Grosbliederstroff'	
2973857	1	49.19170	6.96830	3223	1	'Spicheren'	
2975449	1	48.28750	7.41780	3206	1	'Scherwiller'	
3026822	1	48.16970	6.44170	3205	1	'Chantraine'	
3011440	1	49.33830	6.04030	3195	1	'Knutange'	
3023808	1	48.18440	5.89560	3192	1	'Contrexéville'	
3030819	1	49.27920	6.19780	3189	1	'Bousse'	
3021872	1	48.55690	6.38810	3186	1	'Damelevières'	
2973990	1	48.93860	7.88060	3186	1	'Soultz-sous-Forêts'	
2967570	1	49.73750	4.85580	3184	1	'Vrigne-aux-Bois'	
2975198	1	48.89420	8.10690	3163	1	'Seltz'	
6445494	1	47.96310	6.83920	3159	1	'Cornimont'	
2972851	1	49.17140	5.35310	3159	1	'Thierville-sur-Meuse'	
6445660	1	48.37970	6.91330	3138	1	'Moyenmoutier'	
3020275	1	48.09580	6.60940	3137	1	'Éloyes'	
2977718	1	48.29970	4.11780	3136	1	'Saint-Parres-aux-Tertres'	
6437511	1	49.35580	5.99500	3096	1	'Fontoy'	
2967287	1	49.07580	7.00970	3080	1	'Woustviller'	
3029725	1	48.20830	6.71860	3078	0	'Bruyères'	
6437905	1	49.08500	6.69920	3075	1	'Valmont'	
2995134	1	48.79190	6.14250	3074	1	'Custines'	
2989087	1	49.44220	6.01830	3074	1	'Ottange'	
3033642	1	49.17640	5.38030	3066	1	'Belleville-sur-Meuse'	
2985028	1	49.05250	6.93080	3057	1	'Puttelange-aux-Lacs'	
6437459	1	49.10920	6.40500	3051	1	'Courcelles-Chaussy'	
3012315	1	48.44250	5.13810	3037	0	'Joinville'	
2967850	1	49.26560	6.10890	3035	1	'Vitry-sur-Orne'	
2980648	1	48.00860	7.38470	3003	1	'Sainte-Croix-en-Plaine'	
6441569	1	47.83690	7.30560	3000	1	'Pulversheim'	
3034800	1	48.11420	4.37580	2990	0	'Bar-sur-Seine'	
3016716	1	49.27140	6.12500	2967	1	'Gandrange'	
6426168	1	49.73470	4.83080	2930	1	'Vivier-au-Court'	
6435793	1	49.07640	3.63940	2919	1	'Dormans'	
6426561	1	48.36360	4.00140	2900	1	'Saint-Lyé'	
3014026	1	49.06080	7.03640	2896	1	'Hambach'	
6437696	1	49.37030	6.18810	2891	1	'Manom'	
3028600	1	49.63250	5.16810	2880	1	'Carignan'	
3020614	1	48.52470	7.56560	2880	1	'Duttlenheim'	
6441124	1	48.75470	7.81640	2869	1	'Gries'	
3021392	1	48.81220	6.71970	2868	0	'Dieuze'	
2967434	1	48.49890	4.94750	2858	1	'Wassy'	
2982778	1	48.59220	6.33330	2856	1	'Rosières-aux-Salines'	
3017400	1	48.18580	7.00140	2852	1	'Fraize'	
3027521	1	48.62440	6.08310	2848	1	'Chaligny'	
3037186	1	48.53390	4.13890	2839	1	'Arcis-sur-Aube'	
3030171	1	48.25610	4.09560	2838	1	'Bréviandes'	
3014006	1	49.18080	6.64750	2831	1	'Ham-sous-Varsberg'	
2969176	1	47.80190	7.12080	2825	1	'Vieux-Thann'	
3015662	1	49.53470	5.68470	2817	1	'Gorcy'	
2975957	1	48.94080	7.08860	2811	1	'Sarre-Union'	
2983812	1	48.82810	4.98720	2807	1	'Revigny-sur-Ornain'	
2967404	1	48.75640	7.77780	2802	1	'Weitbruch'	
3030093	1	48.39170	4.52560	2784	0	'Brienne-le-Château'	
6437685	1	49.09970	6.74280	2761	1	'Macheren'	
6436637	1	48.69310	5.96060	2752	1	'Gondreville'	
3013361	1	47.57610	7.52190	2745	1	'Hésingue'	
6615839	1	48.59110	3.55750	2727	1	'Villenauxe'	
2995622	1	48.69000	7.38110	2723	1	'Marmoutier'	
2992203	1	49.21750	6.02220	2722	1	'Montois-la-Montagne'	
3012823	1	49.31060	6.18690	2721	1	'Bertrange'	
3023477	1	49.51920	5.71110	2716	1	'Cosnes'	
3037794	1	48.63580	5.01970	2707	1	'Ancerville'	
2991716	1	49.16690	6.87080	2691	1	'Morsbach'	
6617445	1	48.01560	7.54780	2689	1	'Volgelsheim'	
2989736	1	49.17360	6.91470	2689	1	'Œting'	
3012949	1	48.35890	7.57890	2686	1	'Huttenheim'	
6441304	1	48.31940	7.70280	2681	1	'Rhinau'	
2987431	1	48.84440	7.61080	2680	1	'Pfaffenhoffen'	
2982733	1	49.25830	6.06940	2672	1	'Rosselange'	
3035254	1	47.80030	7.38030	2662	1	'Baldersheim'	
6457020	1	48.47670	7.21610	2646	1	'La Broque'	
3028236	1	49.40610	6.24360	2643	1	'Cattenom'	
6441145	1	48.28890	7.56530	2638	1	'Hilsenheim'	
3017622	1	48.68420	5.78640	2638	1	'Foug'	
3021035	1	48.52500	7.48580	2633	1	'Dorlisheim'	
2998167	1	48.49140	7.66580	2632	1	'Lipsheim'	
6445538	1	48.36390	6.85810	2618	1	'Étival-Clairefontaine'	
3021518	1	48.75390	7.46670	2610	1	'Dettwiller'	
6445810	1	48.04560	6.40610	2598	1	'Xertigny'	
2990676	1	49.31670	6.02330	2591	1	'Neufchef'	
6436885	1	49.32440	5.93640	2581	1	'Trieux'	
3036313	1	49.21190	5.97690	2566	1	'Auboué'	
3016158	1	48.72360	7.75440	2564	1	'Geudertheim'	
3013356	1	49.17920	6.99830	2562	1	'Alsting'	
2967139	1	47.69530	7.29560	2555	1	'Zillisheim'	
3032847	1	49.22330	3.98860	2550	1	'Bezannes'	
6450659	1	48.04080	7.54330	2549	1	'Biesheim'	
2975776	1	47.94940	6.76920	2540	1	'Saulxures-sur-Moselotte'	
2967449	1	49.35060	4.22190	2529	1	'Warmeriville'	
6437220	1	49.49000	5.18560	2520	1	'Stenay'	
6436800	1	49.30670	5.78640	2518	1	'Piennes'	
2975432	1	49.21970	6.92390	2518	1	'Schœneck'	
3031158	1	49.29170	5.74250	2511	1	'Bouligny'	
6437496	1	49.22420	6.63780	2495	1	'Falck'	
2972992	1	49.12830	6.89310	2487	1	'Théding'	
2989724	1	48.71190	7.91610	2486	1	'Offendorf'	
3031191	1	49.38170	5.95250	2485	1	'Boulange'	
3012845	1	47.67250	7.26500	2484	1	'Illfurth'	
3011458	1	48.67560	7.85610	2482	1	'Kilstett'	
2986077	1	49.15640	6.65560	2480	1	'Porcelette'	
3021933	1	48.65390	7.23690	2476	1	'Dabo'	
3036227	1	49.37030	5.89580	2467	1	'Audun-le-Roman'	
2982126	1	49.27720	6.23310	2462	1	'Rurange-lès-Thionville'	
8293785	1	49.31060	5.89970	2453	1	'Tucquegnieux'	
3011969	1	48.13920	7.26080	2450	1	'Kaysersberg'	
3033219	1	48.67920	7.65810	2448	1	'Berstett'	
3032147	1	48.47720	7.44080	2442	1	'Bœrsch'	
2975063	1	48.39530	6.98170	2439	0	'Senones'	
3011976	1	48.79080	7.83190	2435	1	'Kaltenhouse'	
3027519	1	47.80310	5.42780	2432	1	'Chalindrey'	
6441085	1	48.53470	7.63720	2422	1	'Entzheim'	
3005397	1	48.74810	6.20060	2421	0	'Lay-Saint-Christophe'	
3038355	1	48.22330	3.73440	2418	1	'Aix-en-Othe'	
3034454	1	49.67720	4.97640	2411	1	'Bazeilles'	
6436854	1	49.53280	5.82580	2410	1	'Saulnes'	
6437438	1	48.82170	6.50830	2410	0	'Château-Salins'	
3022882	1	48.98560	4.51580	2404	1	'Courtisols'	
2973991	1	47.96170	7.23810	2402	1	'Soultzmatt'	
2971380	1	47.87860	7.30470	2379	1	'Ungersheim'	
2982798	1	47.63720	7.53580	2368	1	'Rosenau'	
2997711	1	49.53420	5.79860	2363	1	'Longlaville'	
2984193	1	48.75140	7.10690	2361	1	'Réding'	
2967211	1	49.16750	5.85670	2361	1	'Conflans-en-Jarnisy'	
3014096	1	48.09110	6.47830	2358	1	'Hadol'	
6436826	1	48.59470	6.16970	2354	1	'Richardménil'	
6454259	1	48.90440	4.00330	2337	1	'Vertus'	
3018247	1	49.72190	4.93030	2335	1	'Floing'	
2970932	1	49.21190	5.93560	2334	1	'Valleroy'	
2975833	1	48.23640	6.95970	2326	1	'Saulcy-sur-Meurthe'	
3036107	1	49.41780	5.94440	2325	1	'Aumetz'	
2974735	1	48.79690	7.98640	2323	1	'Sessenheim'	
6615249	1	48.97530	8.17390	2318	1	'Lauterbourg'	
2970119	1	48.23830	4.46780	2315	1	'Vendeuvre-sur-Barse'	
2980476	1	48.26920	6.97640	2314	1	'Sainte-Marguerite'	
3018601	1	47.91530	7.53580	2310	1	'Fessenheim'	
2983165	1	49.92530	4.52140	2307	1	'Rocroi'	
2982234	1	47.82310	7.35830	2307	1	'Ruelisheim'	
6449531	1	49.36330	4.17030	2297	1	'Bazancourt'	
2983095	1	49.04530	7.26500	2297	1	'Rohrbach-lès-Bitche'	
2994093	1	49.50030	5.78250	2292	1	'Mexy'	
2989792	1	48.58560	7.64810	2290	1	'Oberschaeffolsheim'	
2979861	1	48.25780	4.03190	2289	1	'Saint-Germain'	
2992495	1	49.88560	4.73140	2283	1	'Monthermé'	
6445776	1	48.19420	6.37030	2282	1	'Uxegney'	
3013058	1	48.12560	7.37810	2282	1	'Houssen'	
6614774	1	48.82860	8.03420	2275	1	'Rœschwoog'	
6437714	1	49.31500	6.28580	2268	1	'Metzervisse'	
2991283	1	49.60610	5.07560	2266	1	'Mouzon'	
3020576	1	48.30330	7.50000	2261	1	'Ebersheim'	
3021762	1	47.63000	7.11920	2259	1	'Dannemarie'	
3020051	1	48.35890	7.46330	2257	1	'Epfig'	
3011437	1	49.39330	6.27690	2251	1	'Kœnigsmacker'	
2989953	1	49.70000	4.79500	2246	1	'Nouvion-sur-Meuse'	
2975444	1	48.80140	7.90610	2242	1	'Schirrhein'	
6441601	1	47.87220	7.03080	2241	1	'Saint-Amarin'	
3018270	1	48.62530	6.20360	2238	1	'Fléville-devant-Nancy'	
3034698	1	49.38580	6.24310	2232	1	'Basse-Ham'	
2967728	1	49.44250	6.08030	2229	1	'Volmerange-les-Mines'	
3021888	1	48.32390	7.42750	2216	0	'Dambach-la-Ville'	
3014663	1	48.50330	7.53170	2203	1	'Griesheim-près-Molsheim'	
3023560	1	49.03470	6.05970	2202	1	'Corny-sur-Moselle'	
2978785	1	49.21470	4.09470	2191	1	'Taissy'	
6426445	1	48.25440	4.26690	2190	1	'Lusigny-sur-Barse'	
3020871	1	49.67140	5.04080	2188	1	'Douzy'	
2968051	1	48.33690	6.32860	2183	1	'Vincey'	
3037706	1	48.06250	7.41690	2172	1	'Andolsheim'	
2971777	1	49.40280	5.98140	2172	1	'Tressange'	
3013248	1	47.70190	7.27580	2169	1	'Hochstatt'	
2975445	1	48.47860	7.21920	2167	0	'Schirmeck'	
3018694	1	48.75330	3.99060	2152	1	'Fère-Champenoise'	
3026890	1	48.60000	6.53060	2149	1	'Chanteheux'	
6445722	1	48.02470	6.66970	2149	1	'Saint-Amé'	
3014878	1	48.14560	6.78860	2149	1	'Granges-sur-Vologne'	
3038715	1	48.58110	7.62690	2145	1	'Achenheim'	
6435916	1	49.27390	3.89080	2140	1	'Muizon'	
3011353	1	48.11000	7.19310	2138	1	'Labaroche'	
2998425	1	48.31890	5.58110	2134	1	'Liffol-le-Grand'	
3037967	1	49.16690	6.04280	2128	1	'Amanvillers'	
3013259	1	47.58640	7.25280	2121	1	'Hirsingue'	
6441168	1	48.60420	7.59440	2112	1	'Ittenheim'	
6613962	1	48.64610	6.17470	2102	1	'Houdemont'	
2967331	1	48.50890	7.26860	2100	1	'Wisches'	
3033382	1	48.20530	7.36170	2096	1	'Bergheim'	
2992260	1	49.51940	5.36580	2094	1	'Montmédy'	
6437819	1	49.27860	6.16610	2092	1	'Richemont'	
3036184	1	49.05890	6.12110	2080	1	'Augny'	
6441237	1	48.26830	7.53420	2075	1	'Muttersholtz'	
6441424	1	48.26360	7.58830	2058	1	'Wittisheim'	
2990163	1	48.30640	6.38500	2054	1	'Nomexy'	
2993191	1	48.75470	7.37970	2045	1	'Monswiller'	
2975939	1	48.91780	4.40670	2037	1	'Sarry'	
3028503	1	47.61530	7.21190	2035	1	'Carspach'	
2982564	1	49.13720	7.00250	2033	1	'Rouhling'	
3021100	1	49.69640	4.87440	2029	1	'Donchery'	
3031086	1	47.95390	5.74940	2025	0	'Bourbonne-les-Bains'	
6441230	1	48.75750	7.64420	2012	1	'Mommenheim'	
6437787	1	49.13060	6.12280	2009	1	'Plappeville'	
2984060	1	49.01360	6.39330	2003	1	'Rémilly'	
2967715	1	49.31140	6.25920	1999	1	'Volstroff'	
2967722	1	48.10780	6.56640	1993	1	'Pouxeux'	
2984107	1	47.75060	7.23140	1981	1	'Reiningue'	
2991606	1	48.93220	8.15420	1978	1	'Mothern'	
3032214	1	47.88500	7.53810	1974	1	'Blodelsheim'	
2973012	1	47.83030	7.08030	1974	1	'Bitschwiller-lès-Thann'	
2992466	1	48.47780	4.77000	1966	1	'Montier-en-Der'	
2973818	1	48.76970	7.41330	1965	1	'Steinbourg'	
3021164	1	48.67000	5.90780	1962	1	'Dommartin-lès-Toul'	
2969736	1	49.00720	6.20330	1951	1	'Verny'	
2989084	1	47.78720	7.51030	1950	1	'Ottmarsheim'	
2990683	1	48.01810	7.52830	1947	1	'Neuf-Brisach'	
6613996	1	47.89720	7.35580	1942	1	'Réguisheim'	
2967955	1	50.08390	4.73000	1942	1	'Vireux-Wallerand'	
2970546	1	48.60170	5.66500	1936	1	'Vaucouleurs'	
2984495	1	47.89170	6.73970	1933	1	'Ramonchamp'	
2973698	1	48.04330	7.41360	1930	1	'Sundhoffen'	
2994194	1	48.61170	6.13860	1929	1	'Messein'	
6450576	1	48.86310	8.08390	1928	1	'Beinheim'	
3013872	1	48.90190	7.97890	1919	1	'Hatten'	
2977323	1	49.18890	6.03640	1918	1	'Saint-Privat-la-Montagne'	
6426104	1	49.49560	4.36560	1915	1	'Sault-lès-Rethel'	
3022588	1	48.33220	4.12690	1914	1	'Créney-près-Troyes'	
2972830	1	49.47310	5.90830	1914	1	'Thil'	
2980658	1	48.26220	7.22530	1909	1	'Sainte-Croix-aux-Mines'	
6436902	1	48.70280	6.02110	1900	1	'Velaine-en-Haye'	
3029499	1	47.71780	7.16170	1900	1	'Burnhaupt-le-Bas'	
2997007	1	48.52000	7.28830	1900	1	'Lutzelhouse'	
3021165	1	47.99860	6.64310	1895	1	'Dommartin-lès-Remiremont'	
3026131	1	49.12360	6.07940	1894	1	'Châtel-Saint-Germain'	
3007160	1	48.15250	7.16940	1885	1	'Lapoutroie'	
6456611	1	48.02360	6.68470	1885	1	'Le Syndicat'	
3019888	1	48.56390	7.56560	1880	1	'Ernolsheim-Bruche'	
2986104	1	48.60500	6.09720	1876	1	'Pont-Saint-Vincent'	
3031862	1	48.20190	5.14080	1874	1	'Bologne'	
3013626	1	50.00970	4.70580	1866	1	'Haybes'	
6436730	1	49.28360	5.89280	1861	1	'Mancieulles'	
2969700	1	48.23280	4.14810	1860	1	'Verrières'	
6435855	1	49.28640	3.81470	1858	1	'Jonchery-sur-Vesle'	
3012854	1	49.32830	6.17920	1851	1	'Illange'	
2977953	1	48.31750	6.88670	1851	1	'Saint-Michel-sur-Meurthe'	
3001020	1	48.17670	6.39250	1850	1	'Les Forges'	
6437776	1	49.07500	6.22390	1849	0	'Peltre'	
6612596	1	48.78360	4.91140	1848	1	'Sermaize-les-Bains'	
3017034	1	48.70110	4.58920	1846	1	'Frignicourt'	
3019532	1	48.26920	3.80610	1840	1	'Estissac'	
3013478	1	49.01470	7.08420	1839	1	'Herbitzheim'	
3013386	1	48.01890	7.32610	1838	1	'Herrlisheim-près-Colmar'	
3019548	1	48.73190	3.55940	1832	1	'Esternay'	
2996687	1	48.66780	4.20690	1829	1	'Mailly-le-Camp'	
2973697	1	48.25080	7.60310	1818	1	'Sundhouse'	
2968894	1	48.34360	7.30390	1818	1	'Villé'	
2973798	1	48.55030	7.40330	1813	1	'Still'	
2989938	1	49.02170	6.04640	1810	0	'Novéant-sur-Moselle'	
2988523	1	48.76920	4.83780	1810	1	'Pargny-sur-Saulx'	
3021931	1	48.56080	7.53190	1802	1	'Dachstein'	
2967359	1	47.84360	7.07310	1802	1	'Willer-sur-Thur'	
3021314	1	49.33190	6.26670	1800	1	'Distroff'	
2974547	1	49.19810	4.13220	1795	1	'Sillery'	
3025719	1	48.62920	6.12420	1791	1	'Chavigny'	
3032981	1	48.65250	4.97390	1787	0	'Bettancourt-la-Ferrée'	
2975245	1	49.11330	6.83110	1787	1	'Seingbouse'	
6441499	1	48.07640	7.53440	1779	1	'Kunheim'	
6450677	1	47.73030	7.14530	1775	1	'Burnhaupt-le-Haut'	
2974609	1	49.44250	6.36030	1775	1	'Sierck-les-Bains'	
2989806	1	48.55060	7.32970	1769	1	'Oberhaslach'	
3037842	1	48.12560	7.28190	1768	0	'Ammerschwihr'	
6617143	1	49.14170	6.12140	1766	1	'Lorry-lès-Metz'	
2995726	1	48.40250	3.73720	1766	1	'Marigny-le-Châtel'	
3029682	1	48.23640	4.11140	1764	1	'Buchères'	
3035661	1	48.97190	4.00940	1752	1	'Avize'	
2986186	1	49.29670	4.31940	1751	1	'Pontfaverger-Moronvilliers'	
3018364	1	48.56920	6.18780	1748	0	'Flavigny-sur-Moselle'	
2971401	1	47.82030	7.17890	1747	1	'Uffholtz'	
6614940	1	48.93890	7.74580	1746	1	'Wœrth'	
3014330	1	49.25000	3.90810	1741	1	'Gueux'	
2967389	1	48.05690	7.29940	1739	1	'Wettolsheim'	
3037708	1	48.38640	7.41780	1738	1	'Andlau'	
2990120	1	48.44830	7.67280	1737	1	'Nordhouse'	
2969074	1	49.20390	6.29750	1735	1	'Vigy'	
3017124	1	47.87580	6.78720	1733	1	'Fresse-sur-Moselle'	
3020324	1	48.04310	7.30580	1723	1	'Eguisheim'	
3018251	1	49.69860	4.77330	1722	1	'Flize'	
2975419	1	48.75690	7.60170	1721	1	'Schwindratzheim'	
2973686	1	48.90890	7.84780	1720	1	'Surbourg'	
3031115	1	49.37080	4.14560	1710	1	'Boult-sur-Suippe'	
2998474	1	48.27220	7.28250	1704	1	'Lièpvre'	
3021437	1	47.71890	7.30080	1702	1	'Didenheim'	
2996819	1	49.05220	3.96530	1698	1	'Magenta'	
3011425	1	48.47560	7.56670	1697	1	'Krautergersheim'	
6436737	1	48.79720	6.10220	1694	1	'Marbache'	
2989791	1	48.97060	7.98830	1689	1	'Seebach'	
3014701	1	48.53530	7.43060	1681	1	'Gresswiller'	
2980405	1	48.34470	4.06140	1679	1	'Sainte-Maure'	
6618184	1	49.72970	4.71470	1678	1	'La Francheville'	
6617074	1	48.61080	5.08490	1676	1	'Cousances-aux-Forges'	
2975435	1	48.65670	7.56780	1673	1	'Schnersheim'	
2983957	1	49.83940	4.60220	1668	1	'Renwez'	
2991906	1	47.86000	7.05000	1659	1	'Moosch'	
3019308	1	48.74830	5.62580	1657	1	'Euville'	
2990416	1	48.62420	7.70390	1657	1	'Niederhausbergen'	
2994091	1	47.91330	7.35580	1655	1	'Meyenheim'	
2967420	1	47.83640	7.18000	1649	1	'Wattwiller'	
6445678	1	48.17220	7.01360	1645	1	'Plainfaing'	
6441179	1	48.25440	7.39670	1644	1	'Kintzheim'	
2967393	1	48.60280	7.44110	1644	1	'Westhoffen'	
3007808	1	47.68500	7.39080	1642	1	'Landser'	
6445680	1	47.96640	6.46310	1641	1	'Plombières-les-Bains'	
3021432	1	49.10860	6.94030	1641	1	'Diebling'	
2989100	1	48.16000	7.37060	1633	1	'Ostheim'	
3038546	1	49.78140	4.76580	1629	1	'Aiglemont'	
3037209	1	48.11830	6.52750	1629	1	'Arches'	
2992885	1	48.99420	7.31000	1629	1	'Montbronn'	
3024899	1	48.58080	6.94750	1627	0	'Cirey-sur-Vezouze'	
2983094	1	48.75560	7.90530	1627	1	'Rohrwiller'	
3020671	1	48.52860	7.59360	1608	1	'Duppigheim'	
2967345	1	48.92030	7.37610	1606	1	'Wingen-sur-Moder'	
3018748	1	47.89610	6.98640	1604	1	'Fellering'	
3021420	1	48.94170	7.18670	1601	1	'Diemeringen'	
6441133	1	48.55920	7.61390	1601	1	'Hangenbieten'	
6450645	1	47.82470	7.51560	1594	1	'Bantzenheim'	
3034595	1	47.81970	7.38170	1592	1	'Battenheim'	
6455170	1	48.47470	6.31530	1583	1	'Bayon'	
3010694	1	49.17250	5.88110	1582	1	'Labry'	
6436128	1	48.03420	4.91470	1580	1	'Châteauvillain'	
2992787	1	49.77500	4.74310	1580	1	'Montcy-Notre-Dame'	
3022215	1	49.43440	5.91640	1574	1	'Crusnes'	
2982705	1	48.45470	7.20860	1570	1	'Rothau'	
2999181	1	48.08310	6.74390	1566	1	'Le Tholy'	
6436770	1	49.23420	5.96390	1565	1	'Moutiers'	
2989814	1	48.94110	7.60690	1563	1	'Oberbronn'	
6437253	1	48.98110	5.70360	1562	1	'Vigneulles-lès-Hattonchâtel'	
2975036	1	47.75500	7.05110	1558	0	'Sentheim'	
2967357	1	49.02690	7.03500	1555	1	'Willerwald'	
3027113	1	49.26720	3.97140	1550	0	'Champigny'	
3003496	1	49.00420	7.79060	1549	1	'Lembach'	
3035449	1	48.50000	6.89310	1548	1	'Badonviller'	
2996726	1	48.89970	6.03810	1546	1	'Maidières'	
2989082	1	48.45780	7.42560	1543	1	'Ottrott'	
2967392	1	48.39690	7.58920	1543	1	'Westhouse'	
6455322	1	48.20720	5.83470	1541	1	'Bulgnéville'	
2967500	1	47.55080	7.31670	1538	1	'Waldighofen'	
3036637	1	48.65580	6.26560	1537	1	'Art-sur-Meurthe'	
2973530	1	48.24970	6.90220	1535	1	'Taintrux'	
2994282	1	48.51060	3.88940	1522	1	'Méry-sur-Seine'	
2967263	1	48.08060	6.92580	1522	1	'Xonrupt-Longemer'	
3023709	1	48.17220	6.87940	1519	1	'Corcieux'	
3011467	1	48.97140	7.04390	1518	1	'Keskastel'	
6436919	1	49.47080	5.82140	1515	1	'Villers-la-Montagne'	
2967490	1	48.65390	7.15000	1515	1	'Walscheid'	
2968185	1	48.66690	4.90000	1513	1	'Villiers-en-Lieu'	
3015756	1	48.97720	7.37970	1510	1	'Goetzenbruck'	
2991201	1	47.86830	7.45080	1510	1	'Munchhouse'	
6437785	1	49.22360	6.10140	1508	1	'Pierrevillers'	
3021293	1	49.06530	3.96670	1505	1	'Dizy'	
2994727	1	48.44890	7.54310	1500	1	'Meistratzheim'	
3013275	1	48.46920	7.63890	1498	1	'Hindisheim'	
3005950	1	47.94080	7.15860	1497	1	'Lautenbach'	
2994310	1	49.24890	6.66690	1493	1	'Merten'	
2996540	1	48.51170	3.79060	1492	1	'Maizières-la-Grande-Paroisse'	
3035031	1	48.33780	4.03190	1491	1	'Barberey-Saint-Sulpice'	
6435883	1	49.05470	3.93060	1490	1	'Mardeuil'	
6436852	1	48.79030	6.04420	1489	1	'Saizerais'	
3023631	1	49.37140	3.89580	1485	1	'Cormicy'	
3021283	1	48.22330	6.45750	1485	1	'Dogneville'	
3016973	1	48.29920	5.14610	1485	1	'Froncles'	
3035561	1	49.24330	6.20720	1484	1	'Ay-sur-Moselle'	
2987094	1	48.36310	4.33280	1478	1	'Piney'	
3019812	1	47.71280	7.39860	1473	1	'Eschentzwiller'	
2967956	1	50.08330	4.72420	1473	1	'Vireux-Molhain'	
3027162	1	48.74280	6.34920	1469	1	'Champenoux'	
2971340	1	48.52690	7.32500	1469	1	'Urmatt'	
2975808	1	49.15890	6.10560	1468	1	'Saulny'	
3024636	1	49.10610	5.07080	1466	1	'Clermont-en-Argonne'	
6437777	1	49.05440	7.30420	1465	1	'Petit-Réderching'	
6455489	1	49.88390	4.84190	1464	1	'Les Hautes-Rivières'	
2995157	1	48.39500	7.62280	1459	1	'Matzenheim'	
3021532	1	47.97560	7.48830	1457	1	'Dessenheim'	
3012167	1	49.06140	6.07810	1456	1	'Jouy-aux-Arches'	
3024264	1	48.52750	5.89720	1454	1	'Colombey-les-Belles'	
3036553	1	47.77530	7.13250	1453	1	'Aspach-le-Haut'	
3013257	1	47.59860	7.22360	1452	1	'Hirtzbach'	
3033316	1	48.45330	7.46440	1446	1	'Bernardswiller'	
2983067	1	47.94970	5.28670	1445	1	'Rolampont'	
3020740	1	48.86780	7.19110	1444	1	'Drulingen'	
3018358	1	47.69580	7.31530	1443	1	'Flaxlanden'	
3003495	1	49.00420	7.37940	1443	1	'Lemberg'	
3021398	1	49.07080	5.42220	1441	1	'Dieue-sur-Meuse'	
3021402	1	47.69140	7.40140	1439	1	'Dietwiller'	
6435985	1	48.55440	3.78440	1437	1	'Saint-Just-Sauvage'	
3021691	1	48.83030	7.65530	1436	1	'Dauendorf'	
3024068	1	48.93890	4.35060	1433	1	'Compertrix'	
3027850	1	49.26360	4.10330	1431	1	'Cernay-lès-Reims'	
3030714	1	48.77190	6.26030	1426	1	'Bouxières-aux-Chênes'	
2969477	1	48.48690	6.08780	1423	1	'Vézelise'	
6441566	1	47.98440	7.28940	1421	1	'Pfaffenheim'	
3013205	1	48.11250	7.42060	1420	1	'Holtzwihr'	
3002277	1	48.79170	5.54420	1418	1	'Lérouville'	
2978432	1	49.01250	3.86780	1414	1	'Saint-Martin-d’Ablois'	
3038738	1	48.63690	7.09670	1413	0	'Abreschviller'	
6449709	1	48.58720	6.09440	1411	0	'Bainville-sur-Madon'	
3014415	1	48.18860	7.39690	1411	1	'Guémar'	
2975442	1	48.98890	8.04360	1411	1	'Schleithal'	
3019924	1	48.56970	7.52690	1408	1	'Ergersheim'	
3021866	1	49.07110	3.87750	1407	1	'Damery'	
2984076	1	49.09170	7.09220	1404	1	'Rémelfing'	
3013410	1	49.33530	3.90860	1402	1	'Hermonville'	
2990417	1	48.54280	7.34190	1402	1	'Niederhaslach'	
3021713	1	48.19890	6.35220	1398	1	'Darnieulles'	
2971582	1	48.72030	5.27830	1395	1	'Tronville-en-Barrois'	
6445508	1	48.20170	6.51330	1389	1	'Deyvillers'	
2982436	1	49.45690	6.17360	1387	1	'Roussy-le-Village'	
3012365	1	48.12360	7.47670	1385	1	'Jebsheim'	
6445731	1	47.85780	6.82390	1385	1	'Saint-Maurice-sur-Moselle'	
2975023	1	47.53640	7.17440	1384	1	'Seppois-le-Bas'	
2972186	1	49.04860	4.11970	1384	1	'Tours-sur-Marne'	
2990408	1	48.77220	7.73830	1382	1	'Niederschaeffolsheim'	
3025734	1	48.23720	6.43690	1381	1	'Chavelot'	
3031616	1	48.33170	7.68080	1381	1	'Boofzheim'	
2971007	1	48.42140	7.52140	1381	1	'Valff'	
6450651	1	48.14360	7.32530	1376	1	'Bennwihr'	
2983882	1	49.13610	6.30530	1371	1	'Retonfey'	
3037754	1	49.05690	6.05810	1370	1	'Ancy-sur-Moselle'	
2988301	1	48.38170	3.97720	1369	1	'Payns'	
2983514	1	49.84030	4.53920	1368	1	'Rimogne'	
2990667	1	49.07690	7.06780	1366	1	'Neufgrange'	
2982313	1	49.10640	6.08190	1361	1	'Rozérieulles'	
6451800	1	47.88560	6.85360	1360	1	'Bussang'	
6454353	1	49.09330	6.89420	1357	1	'Farschviller'	
2974580	1	49.69750	4.42030	1357	1	'Signy-l’Abbaye'	
2973788	1	48.05390	7.10420	1356	1	'Stosswihr'	
3018944	1	48.79310	6.19810	1355	1	'Faulx'	
3011418	1	49.34640	6.24060	1355	1	'Kuntzig'	
2973819	1	47.82060	7.15220	1355	1	'Steinbach'	
3012983	1	49.10690	6.98140	1351	1	'Hundling'	
2971344	1	48.10140	6.40140	1348	1	'Uriménil'	
6449599	1	48.08560	5.29610	1347	1	'Biesles'	
3014527	1	49.06780	7.21860	1346	1	'Gros-Réderching'	
2985283	1	49.75470	4.69000	1345	1	'Prix-lès-Mézières'	
3037075	1	49.19580	6.20280	1341	1	'Argancy'	
3013199	1	47.75890	7.50560	1340	1	'Hombourg'	
6441081	1	48.68110	7.69420	1339	1	'Eckwersheim'	
3026216	1	49.52940	4.24580	1338	1	'Château-Porcien'	
2989817	1	48.36030	7.68920	1338	1	'Obenheim'	
3013578	1	47.72640	7.22640	1337	1	'Heimsbrunn'	
3016264	1	48.49530	6.51000	1336	1	'Gerbéviller'	
3015976	1	49.17110	5.91420	1336	1	'Giraumont'	
2989085	1	48.72500	7.37830	1333	1	'Otterswiller'	
3017249	1	48.17110	7.19390	1331	1	'Fréland'	
2976231	1	48.38280	7.61330	1330	1	'Sand'	
3038008	1	48.52220	7.52830	1328	1	'Altorf'	
3036554	1	47.76170	7.15060	1319	1	'Aspach-le-Bas'	
3016894	1	48.61170	7.56110	1313	1	'Furdenheim'	
6437508	1	49.14720	6.89440	1312	1	'Folkling'	
3018824	1	47.78190	5.60080	1311	1	'Fayl-Billot'	
2987426	1	48.64360	7.67080	1310	1	'Pfulgriesheim'	
2969092	1	48.77390	5.60860	1310	1	'Vignot'	
2989687	1	48.81140	7.70080	1309	1	'Ohlungen'	
3020710	1	49.10530	5.38500	1308	1	'Dugny-sur-Meuse'	
3032470	1	48.50580	7.60920	1307	1	'Blaesheim'	
3014327	1	47.75310	7.09220	1294	1	'Guewenheim'	
3025318	1	48.52860	5.13140	1292	1	'Chevillon'	
2969364	1	48.78220	6.53140	1292	1	'Vic-sur-Seille'	
2997833	1	49.34610	3.97970	1291	1	'Loivre'	
2973045	1	49.05720	6.66360	1289	1	'Teting-sur-Nied'	
3013204	1	49.01080	6.96500	1287	1	'Holving'	
3030191	1	48.57970	7.60170	1283	1	'Breuschwickersheim'	
3013255	1	47.91170	7.44530	1283	1	'Hirtzfelden'	
6436745	1	49.38360	5.75190	1281	1	'Mercy-le-Bas'	
3033015	1	49.29310	4.36720	1281	1	'Bétheniville'	
2982119	1	49.48080	5.95360	1279	1	'Russange'	
3034608	1	49.17310	5.96750	1277	1	'Batilly'	
6426175	1	49.76970	4.68060	1273	1	'Warcq'	
2990410	1	48.44750	7.51610	1271	1	'Niedernai'	
6441542	1	48.10220	7.47360	1267	1	'Muntzenheim'	
2975961	1	49.08890	7.10860	1267	1	'Sarreinsming'	
2971628	1	48.66940	7.11690	1266	1	'Troisfontaines'	
2989747	1	47.90920	6.97530	1262	0	'Oderen'	
2975441	1	47.68280	7.40830	1260	1	'Schlierbach'	
6441619	1	48.13440	7.30080	1260	1	'Sigolsheim'	
3011431	1	48.33720	7.54140	1258	1	'Kogenheim'	
3021347	1	48.63060	7.66970	1256	1	'Dingsheim'	
2967370	1	48.05330	7.20560	1253	1	'Wihr-au-Val'	
3037644	1	49.38780	6.04280	1252	1	'Angevillers'	
3016191	1	48.41080	7.46780	1252	1	'Gertwiller'	
6441526	1	47.91080	7.29250	1251	1	'Merxheim'	
6424371	1	48.34390	6.34470	1249	1	'Portieux'	
2983158	1	49.46890	6.23610	1249	1	'Rodemack'	
2982122	1	48.49530	7.25860	1244	1	'Russ'	
6437488	1	49.41280	6.10440	1239	1	'Entrange'	
3030848	1	49.14830	6.94920	1235	1	'Bousbach'	
3020221	1	49.01360	7.33860	1234	1	'Enchenberg'	
2984412	1	48.05670	6.52110	1234	1	'Raon-aux-Bois'	
2967117	1	49.46250	6.13310	1233	1	'Zoufftgen'	
3025519	1	48.13830	6.60420	1232	1	'Cheniménil'	
2983673	1	47.99140	4.36690	1228	1	'Les Riceys'	
3012055	1	49.39750	4.38250	1226	1	'Juniville'	
2989804	1	47.96640	7.39530	1223	1	'Oberhergheim'	
2983010	1	48.64530	7.40670	1223	1	'Romanswiller'	
2975454	1	48.59360	7.49390	1223	1	'Scharrachbergheim'	
2990425	1	48.71280	7.10810	1220	0	'Niderviller'	
2974579	1	49.90390	4.27970	1218	1	'Signy-le-Petit'	
3014088	1	47.52470	7.47750	1215	1	'Hagenthal-le-Bas'	
2971418	1	48.84940	7.62860	1211	1	'Uberach'	
3014738	1	48.49250	7.32280	1209	1	'Grendelbruch'	
6615251	1	47.49470	7.48330	1208	1	'Leymen'	
2989737	1	48.99920	7.12860	1208	1	'Oermingen'	
3011974	1	49.43920	6.10940	1207	1	'Kanfen'	
3011539	1	48.38030	7.56780	1207	1	'Kertzfeld'	
6451767	1	48.24420	7.06500	1205	1	'Ban-de-Laveline'	
6437413	1	49.43440	6.18970	1204	1	'Boust'	
6694599	1	48.72440	7.08440	1202	1	'Buhl-Lorraine'	
2989972	1	49.11920	6.97060	1202	1	'Nousseviller-Saint-Nabor'	
3021904	1	48.77440	7.99140	1199	1	'Dalhunden'	
3033232	1	47.84970	7.21920	1196	1	'Berrwiller'	
3032598	1	49.03750	7.25220	1193	1	'Bining'	
6436780	1	48.93420	6.02860	1192	1	'Norroy-lès-Pont-à-Mousson'	
2987213	1	49.01890	3.93720	1190	1	'Pierry'	
3011920	1	49.16640	6.96500	1189	1	'Kerbach'	
3012773	1	48.49530	7.57220	1188	1	'Innenheim'	
3023086	1	49.06610	6.30780	1182	1	'Courcelles-sur-Nied'	
3007106	1	49.07780	6.31170	1181	0	'Laquenexy'	
3038021	1	49.02970	7.96710	1180	1	'Altenstadt'	
2967378	1	48.06250	7.48000	1179	1	'Widensolen'	
3035255	1	48.23780	7.53830	1178	1	'Baldenheim'	
6451764	1	48.00250	6.26360	1176	1	'Bains-les-Bains'	
3021190	1	48.64250	5.82580	1173	1	'Domgermain'	
3019330	1	49.17830	6.96220	1172	1	'Etzling'	
3014173	1	48.90500	7.63030	1172	1	'Gumbrechtshoffen'	
3021097	1	49.14390	5.93420	1171	1	'Doncourt-lès-Conflans'	
2991101	1	48.22860	7.52000	1168	1	'Mussig'	
3019858	1	48.04080	3.91110	1167	1	'Ervy-le-Châtel'	
3017682	1	48.08920	7.45080	1165	1	'Fortschwihr'	
6613661	1	48.27470	6.39560	1165	1	'Igney'	
6435885	1	49.08250	3.74470	1161	1	'Mareuil-le-Port'	
2986094	1	48.51890	3.59470	1161	1	'Pont-sur-Seine'	
3015639	1	49.05390	5.99890	1158	0	'Gorze'	
2990164	1	48.88970	6.22500	1156	1	'Nomeny'	
3032468	1	49.62110	5.19110	1155	1	'Blagny'	
3018555	1	49.19560	6.12000	1155	1	'Fèves'	
2985067	1	48.54190	6.14140	1155	1	'Pulligny'	
3012227	1	49.28560	5.77720	1154	1	'Joudreville'	
6449703	1	49.28780	5.96390	1150	1	'Avril'	
6436587	1	48.65500	6.48720	1149	1	'Einville-au-Jard'	
2997552	1	48.66920	6.99670	1149	0	'Lorquin'	
2994790	1	49.04250	6.27000	1148	1	'Mécleuves'	
2985742	1	49.67920	5.08360	1148	1	'Pouru-Saint-Rémy'	
6449920	1	49.13190	6.83920	1146	1	'Béning-lès-Saint-Avold'	
6435886	1	49.04810	4.03110	1145	1	'Mareuil-sur-Ay'	
2997719	1	48.74250	5.21060	1145	1	'Longeville-en-Barrois'	
2990415	1	47.98470	7.39920	1138	1	'Niederhergheim'	
3021626	1	48.88720	6.39220	1138	1	'Delme'	
2973773	1	49.32610	6.24000	1138	1	'Stuckange'	
3038205	1	48.00580	7.55920	1132	1	'Algolsheim'	
3023051	1	49.32330	4.00250	1132	1	'Courcy'	
3012036	1	49.06970	6.25330	1130	1	'Jury'	
6453590	1	49.73530	4.78390	1129	1	'Lumes'	
3021149	1	48.22170	6.22220	1128	1	'Dompaire'	
3036444	1	49.47750	4.57750	1127	1	'Attigny'	
2967344	1	48.72220	7.63580	1125	1	'Wingersheim'	
3036556	1	47.64280	7.23390	1124	1	'Aspach'	
2979882	1	47.83190	5.32720	1123	1	'Saint-Géosmes'	
3013221	1	48.92970	7.94220	1122	1	'Hoffen'	
3012374	1	48.33530	6.68780	1116	1	'Jeanménil'	
2991949	1	48.55500	6.44280	1116	1	'Mont-sur-Meurthe'	
6437878	1	48.96640	6.29530	1114	1	'Solgne'	
2973994	1	48.06250	7.10250	1113	1	'Soultzeren'	
3024655	1	48.20890	4.19030	1112	1	'Clérey'	
2984578	1	47.88830	7.28140	1111	1	'Raedersheim'	
6441244	1	48.82310	7.40110	1108	1	'Neuwiller-lès-Saverne'	
6425912	1	49.68940	4.80720	1101	1	'Dom-le-Mesnil'	
2997836	1	48.75830	4.54500	1099	1	'Loisy-sur-Marne'	
2983628	1	48.99330	7.95310	1098	1	'Riedseltz'	
3036582	1	49.46890	4.11830	1097	1	'Asfeld'	
6437569	1	49.22470	6.60860	1096	1	'Hargarten-aux-Mines'	
2973787	1	48.37970	7.49140	1096	1	'Stotzheim'	
6454295	1	48.75060	6.22420	1095	1	'Eulmont'	
2967356	1	48.67110	7.51030	1095	1	'Willgottheim'	
3033155	1	48.42920	6.79390	1094	1	'Bertrichamps'	
2974010	1	48.19610	3.99940	1093	1	'Bouilly'	
6616951	1	49.11420	4.30780	1092	1	'Louvercy'	
3033380	1	47.91670	7.24610	1092	1	'Bergholtz'	
6436765	1	49.44440	5.80830	1088	1	'Morfontaine'	
2978954	1	49.76360	4.77080	1088	1	'Saint-Laurent'	
2974208	1	48.71170	5.63330	1086	1	'Sorcy-Saint-Martin'	
3011968	1	49.30830	6.34000	1083	1	'Kédange-sur-Canner'	
3003351	1	48.94670	4.02190	1082	1	'Le Mesnil-sur-Oger'	
6451753	1	48.12470	6.53470	1081	1	'Archettes'	
2983451	1	48.16640	7.29690	1081	1	'Riquewihr'	
3032545	1	48.09610	7.43690	1079	1	'Bischwihr'	
3021716	1	48.08500	6.04580	1078	1	'Darney'	
3020624	1	48.89640	7.76830	1078	1	'Durrenbach'	
3015701	1	48.51360	5.50720	1078	1	'Gondrecourt-le-Château'	
2972229	1	49.79670	4.63690	1072	1	'Tournes'	
3032429	1	48.58970	6.84220	1070	0	'Blâmont'	
2982165	1	47.85190	7.52190	1069	1	'Rumersheim-le-Haut'	
2992967	1	48.90080	6.02080	1068	1	'Montauville'	
2973164	1	49.12530	6.93860	1068	1	'Tenteling'	
3026965	1	48.67030	4.98690	1066	1	'Chancenay'	
6616928	1	49.38470	4.06860	1065	1	'Auménancourt-le-Grand'	
3015758	1	48.95170	7.76890	1064	1	'Gœrsdorf'	
2991236	1	47.54500	7.40310	1064	1	'Muespach-le-Haut'	
6449740	1	48.59940	5.83330	1062	1	'Blénod-lès-Toul'	
3035178	1	49.10280	6.59330	1062	1	'Bambiderstroff'	
6449887	1	49.45890	6.37470	1061	1	'Apach'	
3026804	1	48.05860	4.13830	1060	1	'Chaource'	
3023884	1	48.72500	3.92110	1060	1	'Connantre'	
2967349	1	48.91220	7.42310	1059	1	'Wimmenau'	
2984069	1	49.03560	6.93940	1058	1	'Rémering-lès-Puttelange'	
3029808	1	47.69970	7.35970	1057	1	'Bruebach'	
3021403	1	49.17780	6.67810	1057	1	'Diesen'	
2972829	1	49.87280	4.80720	1053	1	'Thilay'	
2971858	1	49.24640	6.22440	1053	1	'Trémery'	
3011417	1	48.74000	7.80690	1052	1	'Kurtzenhouse'	
6614307	1	48.41470	3.44080	1050	1	'Trainel'	
2989686	1	48.18360	7.50720	1050	1	'Ohnenheim'	
3029478	1	47.55830	7.50750	1049	1	'Buschwiller'	
2994157	1	48.01220	7.07030	1049	1	'Metzeral'	
2969590	1	49.15860	4.14530	1049	1	'Verzenay'	
3003464	1	47.90720	6.78280	1048	1	'Le Ménil'	
3012954	1	47.88060	6.98500	1048	1	'Husseren-Wesserling'	
2984143	1	48.56080	6.46890	1048	1	'Rehainviller'	
3015903	1	49.72060	4.98810	1047	1	'Givonne'	
2990089	1	49.18220	6.10330	1047	1	'Norroy-le-Veneur'	
6445777	1	48.08560	6.34500	1046	1	'Uzemain'	
6437880	1	48.95860	7.33530	1046	1	'Soucht'	
2967294	1	48.02810	7.50170	1045	1	'Wolfgantzen'	
3021004	1	48.80470	7.40280	1043	1	'Dossenheim-sur-Zinsel'	
3025069	1	48.10780	5.17080	1043	1	'Chamarandes'	
3005423	1	48.84970	7.61080	1042	1	'La Walck'	
6437755	1	49.13440	6.27360	1042	1	'Noisseville'	
2982518	1	48.81920	8.00640	1042	1	'Rountzenheim'	
3021486	1	49.88080	4.70560	1041	1	'Deville'	
3017256	1	49.28170	6.49110	1041	1	'Freistroff'	
3016992	1	50.12330	4.85920	1041	1	'Fromelennes'	
3032602	1	48.28330	7.60920	1040	1	'Bindernheim'	
2968220	1	48.73080	5.97780	1040	1	'Villey-Saint-Étienne'	
2989202	1	47.93470	7.23220	1039	1	'Orschwihr'	
3021973	1	49.48360	5.74190	1038	1	'Cutry'	
3013575	1	47.96940	7.54170	1038	1	'Heiteren'	
2995151	1	49.86780	4.42860	1037	1	'Maubert-Fontaine'	
3016172	1	49.82170	4.82890	1036	1	'Gespunsart'	
2981835	1	48.81060	4.60920	1031	1	'Saint-Amand-sur-Fion'	
3035735	1	49.06920	4.04580	1030	1	'Avenay-Val-d’Or'	
2985208	1	49.19690	4.18390	1030	1	'Prunay'	
2984201	1	48.98940	4.31250	1029	1	'Recy'	
2967137	1	47.71970	7.38810	1028	1	'Zimmersheim'	
2977717	1	48.17140	4.21560	1023	1	'Saint-Parres-lès-Vaudes'	
2989793	1	47.99000	7.55640	1021	1	'Obersaasheim'	
2991095	1	47.97690	4.49690	1019	1	'Mussy-sur-Seine'	
3032238	1	49.11560	7.18060	1018	1	'Bliesbruck'	
3025020	1	49.02530	4.01390	1018	1	'Chouilly'	
2988824	1	48.68750	5.71750	1015	1	'Pagny-sur-Meuse'	
2982939	1	49.20280	6.04220	1014	1	'Roncourt'	
2990662	1	49.81030	4.79530	1013	1	'Neufmanil'	
2982729	1	48.33920	7.61580	1013	1	'Rossfeld'	
2968293	1	48.12110	4.79000	1013	1	'Ville-sous-la-Ferté'	
6446911	1	48.10390	3.91920	1012	1	'Auxon'	
3035585	1	48.21140	6.57190	1012	1	'Aydoilles'	
2983534	1	49.16530	4.04560	1008	1	'Rilly-la-Montagne'	
3026553	1	48.40830	4.17420	1007	1	'Charmont-sous-Barbuise'	
2982887	1	48.84390	8.05420	1007	1	'Roppenheim'	
2975453	1	48.46640	7.67610	1006	1	'Hipsheim'	
3012297	1	48.13580	5.08640	1005	1	'Jonchery'	
2975582	1	48.40720	3.95170	1004	1	'Savières'	
3033847	1	49.25000	4.21780	1003	1	'Beine-Nauroy'	
2975179	1	49.19310	6.13470	1002	1	'Semécourt'	
6452410	1	49.04330	7.18280	1001	1	'Achen'	
2975392	1	49.1136	6.11420	2675	0	'Scy-Chazelles'	
2993673	1	48.6142	7.69280	2035	0	'Mittelhausbergen'	
3026130	1	48.3142	6.39310	1699	0	'Châtel-sur-Moselle'	
3021342	1	48.5422	7.42640	1485	1	'Dinsheim-sur-Bruche'	
3014662	1	48.635	7.66690	1163	1	'Griesheim-sur-Souffel'	
2993611	1	49.2064	5.94360	1072	1	'Moineville'	
;

# INFRA somente hospitais universitarios e grandes 
# # CODIGO	REGIAO (code)	LAT	LONG	POPULACAO 2030	INFR	MUNICIPIO	
#  param: I :	RE	lat	lng	POP	INFR	Mun 	:=
# 2973781	1	48.58330	7.74580	465069	0	'Strasbourg'	
# 8293796	1	48.69360	6.18460	434565	0	'Nancy'	
# 6454365	1	49.12030	6.17780	391187	0	'Metz'	
# 6441541	1	47.75000	7.34000	285121	0	'Mulhouse'	
# 6524641	1	49.26280	4.03470	182460	0	'Reims'	
# 6445533	1	48.17440	6.45120	93184	0	'Épinal'	
# 3024297	1	48.08170	7.35560	69105	0	'Colmar'	
# 6453634	1	48.29970	4.07920	61652	0	'Troyes'	
# 2994020	1	49.77190	4.71610	46428	0	'Charleville-Mézières'	
# 3027487	1	48.95750	4.36500	44753	0	'Châlons-en-Champagne'	
# 6454375	1	49.35890	6.16920	40701	0	'Thionville'	
# 3014078	1	48.82000	7.79000	34504	0	'Haguenau'	
# 2975446	1	48.60780	7.75000	31894	1	'Schiltigheim'	
# 2970797	1	48.65670	6.16830	30002	0	'Vandœuvre-lès-Nancy'	
# 3012834	1	48.53000	7.72000	26780	1	'Illkirch-Graffenstaden'	
# 2980816	1	48.63830	4.94970	26300	1	'Saint-Dizier'	
# 3020062	1	49.04030	3.96000	22671	1	'Épernay'	
# 3025892	1	48.11170	5.13890	21945	1	'Chaumont'	
# 2992402	1	49.10060	6.15390	21819	1	'Montigny-lès-Metz'	
# 6454357	1	49.19000	6.90000	21552	1	'Forbach'	
# 6441606	1	47.59000	7.57000	21177	1	'Saint-Louis'	
# 2975964	1	49.11000	7.07000	20783	0	'Sarreguemines'	
# 2980827	1	48.28420	6.94920	19724	1	'Saint-Dié-des-Vosges'	
# 2975233	1	48.25940	7.45420	19360	1	'Sélestat'	
# 2998224	1	48.55750	7.68310	18930	1	'Lingolsheim'	
# 6454301	1	48.58940	6.50170	18027	1	'Lunéville'	
# 2969958	1	49.15970	5.38280	17161	0	'Verdun'	
# 6450593	1	48.61390	7.75190	17137	1	'Bischheim'	
# 3013701	1	49.35890	6.18860	16633	1	'Yutz'	
# 2975349	1	49.70190	4.94030	16193	1	'Sedan'	
# 3013627	1	49.32970	6.06190	15888	1	'Hayange'	
# 2972350	1	48.67500	5.89170	15470	1	'Toul'	
# 6454369	1	49.10420	6.70810	15433	0	'Saint-Avold'	
# 6449768	1	48.77170	5.16720	14733	0	'Bar-le-Duc'	
# 2997638	1	49.51970	5.76060	14730	1	'Longwy'	
# 6441484	1	47.78220	7.34810	14680	1	'Illzach'	
# 6436922	1	48.67310	6.15470	14558	1	'Villers-lès-Nancy'	
# 6441676	1	47.80750	7.33690	14541	1	'Wittenheim'	
# 6454309	1	48.90440	6.05420	14434	1	'Pont-à-Mousson'	
# 6426538	1	48.51580	3.72670	14328	1	'Romilly-sur-Seine'	
# 6436699	1	48.68560	6.15220	14300	0	'Laxou'	
# 3019077	1	49.29920	6.10970	14243	1	'Fameck'	
# 2983369	1	47.74860	7.40440	14071	1	'Rixheim'	
# 2967297	1	49.15110	6.15140	13998	1	'Woippy'	
# 6441496	1	47.79140	7.33810	13267	1	'Kingersheim'	
# 3022513	1	49.20530	6.69580	13070	1	'Creutzwald'	
# 2983629	1	47.74830	7.36690	12660	1	'Riedisheim'	
# 6450596	1	48.76640	7.85690	12615	1	'Bischwiller'	
# 8295366	1	48.55110	7.71360	12586	1	'Ostwald'	
# 6426546	1	48.27970	4.05390	12581	1	'Saint-André-les-Vergers'	
# 6437857	1	48.73470	7.05390	12331	1	'Sarrebourg'	
# 3010271	1	48.31190	4.04440	11913	1	'La Chapelle-Saint-Luc'	
# 3018235	1	49.32140	6.11830	11864	1	'Florange'	
# 2967856	1	48.72470	4.58440	11743	1	'Vitry-le-François'	
# 2996538	1	49.21220	6.16110	11490	1	'Maizières-lès-Metz'	
# 2973795	1	49.20000	6.92920	11385	1	'Stiring-Wendel'	
# 2989796	1	48.46220	7.48190	11350	1	'Obernai'	
# 3027857	1	47.80670	7.17580	11326	1	'Cernay'	
# 2975588	1	48.74140	7.36190	11289	1	'Saverne'	
# 3013226	1	48.62420	7.75470	11145	1	'Hœnheim'	
# 6454560	1	47.90750	7.21030	11022	1	'Guebwiller'	
# 3019865	1	48.42190	7.66110	10621	0	'Erstein'	
# 6449882	1	49.26080	6.14190	10505	1	'Amnéville'	
# 2980335	1	48.29470	4.04890	10409	1	'Sainte-Savine'	
# 2967319	1	47.80530	7.23750	10341	1	'Wittelsheim'	
# 6436048	1	49.25000	3.99080	10154	1	'Tinqueux'	
# 2978105	1	48.70110	6.20670	9984	1	'Saint-Max'	
# 3029771	1	48.73190	7.70830	9970	0	'Brumath'	
# 6437828	1	49.24940	6.09470	9833	1	'Rombas'	
# 2968316	1	49.46970	5.92860	9827	1	'Villerupt'	
# 6436741	1	48.71140	6.16310	9740	1	'Maxéville'	
# 6436573	1	48.62500	6.34970	9694	1	'Dombasle-sur-Meurthe'	
# 2987429	1	47.76890	7.30170	9656	1	'Pfastatt'	
# 2993476	1	48.54280	7.49220	9334	1	'Molsheim'	
# 6436672	1	48.66940	6.20610	9312	1	'Jarville-la-Malgrange'	
# 6437557	1	49.25420	6.16810	9243	1	'Hagondange'	
# 2991992	1	49.54060	5.77940	8953	1	'Mont-Saint-Martin'	
# 6436879	1	48.68560	6.21170	8872	1	'Tomblaine'	
# 3021178	1	48.70580	6.22220	8825	0	'Essey-lès-Nancy'	
# 3015741	1	48.19580	6.43720	8714	1	'Golbey'	
# 3012467	1	49.15890	5.87720	8245	1	'Jarny'	
# 2996298	1	48.71030	6.18640	8123	1	'Malzéville'	
# 2974087	1	48.63500	7.74080	8005	1	'Souffelweyersheim'	
# 3016274	1	48.07220	6.87860	7802	1	'Gérardmer'	
# 2973511	1	49.23670	6.17440	7731	1	'Talange'	
# 2973013	1	47.80670	7.10440	7721	1	'Thann'	
# 3007680	1	47.86250	5.33310	7699	1	'Langres'	
# 2984050	1	48.01690	6.59000	7691	1	'Remiremont'	
# 3013350	1	49.40580	6.15310	7689	1	'Hettange-Grande'	
# 2991264	1	49.25280	6.04580	7662	1	'Moyeuvre-Grande'	
# 2967337	1	48.07310	7.29000	7642	1	'Wintzenheim'	
# 3016424	1	48.51500	7.64640	7605	1	'Geispolsheim'	
# 2973008	1	48.25060	6.42000	7553	1	'Thaon-les-Vosges'	
# 3020152	1	47.86560	7.35250	7522	1	'Ensisheim'	
# 2983891	1	49.50970	4.36750	7522	1	'Rethel'	
# 2967325	1	49.03750	7.94610	7519	1	'Wissembourg'	
# 2977880	1	48.63080	6.30220	7466	1	'Saint-Nicolas-de-Port'	
# 6437545	1	49.29780	6.19780	7341	1	'Guénange'	
# 6441479	1	47.59140	7.58310	7240	1	'Huningue'	
# 3034868	1	48.40810	7.44970	7219	1	'Barr'	
# 6437888	1	49.34440	6.13420	7120	1	'Terville'	
# 2973993	1	47.88580	7.22920	7058	1	'Soultz-Haut-Rhin'	
# 3033014	1	49.28470	4.05690	7039	1	'Bétheny'	
# 3020489	1	48.57890	7.68970	6986	1	'Eckbolsheim'	
# 3036226	1	49.47330	5.95780	6976	1	'Audun-le-Tiche'	
# 6437900	1	49.30250	6.15530	6829	1	'Uckange'	
# 2979052	1	48.27140	4.09750	6801	1	'Saint-Julien-les-Villas'	
# 3027126	1	48.73360	6.16440	6708	1	'Champigneulles'	
# 6436775	1	48.61610	6.10360	6653	1	'Neuves-Maisons'	
# 2990682	1	48.35560	5.69610	6642	1	'Neufchâteau'	
# 6425950	1	50.13810	4.82420	6610	1	'Givet'	
# 3033853	1	49.17390	6.93470	6604	1	'Behren-lès-Forbach'	
# 3016944	1	48.76060	6.12890	6566	1	'Frouard'	
# 6614532	1	49.22970	6.00890	6559	1	'Jœuf'	
# 3007780	1	48.65530	6.23140	6538	1	'Laneuveville-devant-Nancy'	
# 3023628	1	49.22280	4.05190	6488	1	'Cormontreuil'	
# 3029746	1	47.72330	7.32280	6405	1	'Brunstatt'	
# 2987706	1	49.21170	6.85750	6322	1	'Petite-Rosselle'	
# 2996106	1	49.21080	6.10390	6319	1	'Marange-Silvange'	
# 6445696	1	48.40580	6.84110	6297	1	'Raon-l’Étape'	
# 2997010	1	47.75970	7.28060	6279	1	'Lutterbach'	
# 6437603	1	49.12580	6.77810	6272	1	'Hombourg-Haut'	
# 3013195	1	49.22310	5.99280	6248	1	'Homécourt'	
# 3038204	1	49.35940	6.04830	6145	1	'Algrange'	
# 6436719	1	48.62170	6.16170	6134	1	'Ludres'	
# 2972653	1	48.07940	7.39440	6101	1	'Horbourg'	
# 6441239	1	48.53860	7.45420	6042	1	'Mutzig'	
# 2983806	1	49.94250	4.63860	6038	1	'Revin'	
# 2990263	1	48.49360	3.50250	5987	1	'Nogent-sur-Seine'	
# 2998078	1	48.75030	6.06190	5976	1	'Liverdun'	
# 3005422	1	48.65810	7.82830	5838	1	'La Wantzenau'	
# 2970128	1	48.66750	7.71310	5817	1	'Vendenheim'	
# 6426046	1	49.81500	4.74500	5760	1	'Nouzonville'	
# 3033488	1	48.37060	7.59220	5756	1	'Benfeld'	
# 3018782	1	48.49060	7.68030	5736	1	'Fegersheim'	
# 3038012	1	47.62310	7.23940	5698	1	'Altkirch'	
# 3030071	1	49.24860	5.93940	5674	1	'Briey'	
# 2967437	1	48.63720	7.44810	5661	1	'Wasselonne'	
# 2993367	1	49.26250	6.16860	5655	1	'Mondelange'	
# 6614421	1	49.18330	6.49360	5591	1	'Boulay-Moselle'	
# 6454239	1	49.30720	3.68060	5560	1	'Fismes'	
# 6437498	1	49.11470	6.86360	5509	1	'Farébersviller'	
# 2975743	1	47.78670	7.37310	5489	1	'Sausheim'	
# 6436658	1	48.65250	6.19420	5473	1	'Heillecourt'	
# 2978056	1	48.95310	4.38310	5473	1	'Saint-Memmie'	
# 3024086	1	48.76420	5.59170	5399	1	'Commercy'	
# 2984136	1	48.93440	7.66610	5399	1	'Reichshoffen'	
# 2989805	1	48.60670	7.68530	5398	1	'Oberhausbergen'	
# 3011964	1	47.68890	7.50360	5376	1	'Kembs'	
# 3019817	1	48.48810	7.71580	5372	1	'Eschau'	
# 2998576	1	49.15810	6.73220	5290	1	'L’Hôpital'	
# 3022214	1	49.44690	5.60060	5269	1	'Longuyon'	
# 6454354	1	49.04110	6.59920	5230	1	'Faulquemont'	
# 2982790	1	48.49670	7.46940	5224	1	'Rosheim'	
# 3020736	1	48.76190	7.95170	5211	1	'Drusenheim'	
# 6426518	1	48.32060	4.10140	5161	1	'Pont-Sainte-Marie'	
# 6445692	1	48.34580	6.63470	5139	1	'Rambervillers'	
# 6435913	1	49.14080	4.36440	5102	1	'Mourmelon-le-Grand'	
# 2993728	1	48.29860	6.13030	5078	1	'Mirecourt'	
# 2980438	1	48.24670	7.18390	5072	1	'Sainte-Marie-aux-Mines'	
# 6436859	1	48.71580	6.26610	5030	1	'Seichamps'	
# 3032518	1	49.05170	7.42530	5025	1	'Bitche'	
# 2985064	1	48.70110	6.25830	5020	1	'Pulnoy'	
# 6437734	1	49.10640	6.10890	5016	1	'Moulins-lès-Metz'	
# 2967320	1	49.29310	4.12080	4990	1	'Witry-lès-Reims'	
# 2975424	1	48.81920	7.72810	4957	1	'Schweighouse-sur-Moder'	
# 3016730	1	48.69220	7.88330	4956	1	'Gambsheim'	
# 2967845	1	48.20170	5.94940	4951	1	'Vittel'	
# 3014103	1	47.72940	7.41890	4947	1	'Habsheim'	
# 2986385	1	48.76810	6.12750	4871	1	'Pompey'	
# 6441365	1	48.82970	7.96310	4858	1	'Soufflenheim'	
# 3034802	1	48.23310	4.70640	4844	1	'Bar-sur-Aube'	
# 3019139	1	48.96360	4.31830	4838	1	'Fagnières'	
# 3013387	1	48.73030	7.90750	4796	1	'Herrlisheim'	
# 2991199	1	48.64360	7.71420	4767	1	'Mundolsheim'	
# 3021394	1	48.83970	6.06970	4760	1	'Dieulouard'	
# 2974640	1	48.71890	3.72280	4756	1	'Sézanne'	
# 2987421	1	48.76780	7.25830	4728	1	'Phalsbourg'	
# 3036711	1	49.07810	6.07420	4714	1	'Ars-sur-Moselle'	
# 3026588	1	48.37170	6.29250	4700	1	'Charmes'	
# 2983705	1	48.19530	7.31830	4697	1	'Ribeauvillé'	
# 6441485	1	48.09470	7.30640	4679	1	'Ingersheim'	
# 6454565	1	48.04140	7.13420	4653	1	'Munster'	
# 6449739	1	48.88330	6.04720	4613	1	'Blénod-lès-Pont-à-Mousson'	
# 2990364	1	49.34220	6.05000	4601	1	'Nilvange'	
# 3032194	1	47.60170	7.49530	4593	1	'Blotzheim'	
# 2975992	1	48.99610	7.02780	4520	1	'Sarralbe'	
# 6441289	1	48.46970	7.72580	4493	1	'Plobsheim'	
# 3013225	1	48.69640	7.78390	4442	1	'Hœrdt'	
# 6449910	1	49.12190	6.15060	4429	1	'Le Ban-Saint-Martin'	
# 2982636	1	47.95780	7.29780	4417	0	'Rouffach'	
# 2982774	1	48.26030	4.07170	4414	1	'Rosières-près-Troyes'	
# 6441298	1	48.64580	7.75220	4406	1	'Reichstett'	
# 3020411	1	48.68000	5.84060	4402	1	'Écrouves'	
# 6436662	1	49.51830	5.78420	4394	1	'Herserange'	
# 2990420	1	48.95000	7.64390	4393	1	'Niederbronn-les-Bains'	
# 2969046	1	47.60670	7.56940	4356	1	'Village-Neuf'	
# 2967603	1	49.39810	4.70110	4339	1	'Vouziers'	
# 2980439	1	49.19170	6.00220	4289	1	'Sainte-Marie-aux-Chênes'	
# 2995673	1	48.62280	7.49310	4267	1	'Marlenheim'	
# 3035498	1	48.44860	6.73810	4225	1	'Baccarat'	
# 2974955	1	49.32080	6.09060	4218	1	'Serémange-Erzange'	
# 3030713	1	48.75190	6.16310	4193	1	'Bouxières-aux-Dames'	
# 3026100	1	48.27190	7.40080	4191	1	'Châtenois'	
# 2967293	1	48.58670	7.66640	4174	1	'Wolfisheim'	
# 6436856	1	48.68890	6.24690	4171	1	'Saulxures-lès-Nancy'	
# 6441214	1	48.16390	7.54390	4161	1	'Marckolsheim'	
# 2980400	1	49.09000	4.89720	4150	1	'Sainte-Menehould'	
# 2971536	1	48.66280	7.60690	4148	1	'Truchtersheim'	
# 6457175	1	48.00580	6.87580	4146	1	'La Bresse'	
# 2988823	1	48.98330	6.02140	4126	1	'Pagny-sur-Moselle'	
# 3031864	1	47.85720	7.26190	4075	1	'Bollwiller'	
# 6454333	1	48.88940	5.54000	4074	1	'Saint-Mihiel'	
# 3012777	1	48.87310	7.47690	4057	1	'Ingwiller'	
# 6437075	1	48.68860	5.32390	4043	1	'Ligny-en-Barrois'	
# 2977929	1	48.04940	6.57970	4023	1	'Saint-Nabord'	
# 3013249	1	48.75940	7.57000	4009	1	'Hochfelden'	
# 6449736	1	48.55580	6.40690	4006	1	'Blainville-sur-l’Eau'	
# 2997717	1	49.11440	6.13530	3993	1	'Longeville-lès-Metz'	
# 6437509	1	49.06940	6.68500	3945	1	'Folschviller'	
# 2973843	1	47.82670	7.25310	3945	1	'Staffelfelden'	
# 3030668	1	49.29190	6.53440	3923	1	'Bouzonville'	
# 2971186	1	48.00830	6.71640	3918	1	'Vagney'	
# 6450646	1	47.63470	7.47580	3912	1	'Bartenheim'	
# 2973720	1	49.13000	4.53190	3890	1	'Suippes'	
# 3022612	1	49.06310	6.58190	3877	1	'Créhange'	
# 3030708	1	48.82530	7.48280	3860	1	'Bouxwiller'	
# 2998995	1	47.92500	6.48330	3857	1	'Le Val-d’Ajol'	
# 8285752	1	48.02360	6.60440	3842	1	'Saint-Étienne-lès-Remiremont'	
# 2984140	1	49.50170	5.75500	3819	1	'Réhon'	
# 2971469	1	48.08640	7.28060	3814	1	'Turckheim'	
# 2998709	1	49.50110	5.73220	3784	1	'Lexy'	
# 6441618	1	47.65560	7.45580	3750	1	'Sierentz'	
# 2991713	1	47.73580	7.27060	3737	1	'Morschwiller-le-Bas'	
# 3014167	1	48.90560	7.66310	3702	1	'Gundershoffen'	
# 3013206	1	48.55860	7.64110	3696	1	'Holtzheim'	
# 2983637	1	47.77920	7.28060	3690	1	'Richwiller'	
# 3035594	1	49.05530	4.00360	3686	1	'Ay'	
# 2990280	1	48.02940	5.34530	3672	1	'Nogent-en-Bassigny'	
# 2997716	1	49.11610	6.63920	3635	1	'Longeville-lès-Saint-Avold'	
# 3012953	1	49.49280	5.87420	3632	1	'Hussigny-Godbrange'	
# 6436896	1	48.63390	6.31360	3608	1	'Varangéville'	
# 2992240	1	48.87080	3.54060	3584	1	'Montmirail'	
# 2968346	1	49.73940	4.74940	3572	1	'Villers-Semeuse'	
# 3019474	1	49.21280	5.63640	3543	1	'Étain'	
# 6441561	1	48.12640	7.16080	3529	1	'Orbey'	
# 6445721	1	47.92670	6.66280	3528	1	'Rupt-sur-Moselle'	
# 2989802	1	48.78390	7.86360	3495	1	'Oberhoffen-sur-Moder'	
# 3006889	1	48.28780	4.01970	3457	1	'La Rivière-de-Corps'	
# 3016192	1	48.38220	7.70250	3447	1	'Gerstheim'	
# 6616960	1	49.26140	3.98580	3442	1	'Saint-Brice-et-Courcelles'	
# 3028590	1	49.16640	6.71580	3433	1	'Carling'	
# 3024479	1	49.14330	6.85640	3429	1	'Cocheren'	
# 2991806	1	48.92360	6.63580	3426	1	'Morhange'	
# 3012671	1	47.90250	7.25390	3412	1	'Issenheim'	
# 2979054	1	49.13390	6.20280	3411	1	'Saint-Julien-lès-Metz'	
# 6456612	1	47.88000	6.76500	3405	1	'Le Thillot'	
# 6441458	1	47.56190	7.52560	3395	1	'Hégenheim'	
# 3024552	1	49.26190	6.09690	3389	1	'Clouange'	
# 3016907	1	49.99360	4.70690	3379	1	'Fumay'	
# 2967386	1	48.71640	7.80390	3377	1	'Weyersheim'	
# 3037502	1	48.18560	6.94560	3363	1	'Anould'	
# 3007970	1	48.65140	7.69780	3351	1	'Lampertheim'	
# 6441222	1	48.86310	7.67970	3350	1	'Mertzwiller'	
# 6454562	1	47.77360	6.99580	3341	1	'Masevaux'	
# 3029620	1	47.92780	7.18640	3331	1	'Buhl'	
# 3032549	1	48.48690	7.48940	3329	1	'Bischoffsheim'	
# 6436655	1	49.48970	5.80640	3318	1	'Haucourt'	
# 6455513	1	48.30250	4.04110	3281	1	'Les Noës-près-Troyes'	
# 6437537	1	49.15640	7.02780	3281	1	'Grosbliederstroff'	
# 2973857	1	49.19170	6.96830	3223	1	'Spicheren'	
# 2975449	1	48.28750	7.41780	3206	1	'Scherwiller'	
# 3026822	1	48.16970	6.44170	3205	1	'Chantraine'	
# 3011440	1	49.33830	6.04030	3195	1	'Knutange'	
# 3023808	1	48.18440	5.89560	3192	1	'Contrexéville'	
# 3030819	1	49.27920	6.19780	3189	1	'Bousse'	
# 3021872	1	48.55690	6.38810	3186	1	'Damelevières'	
# 2973990	1	48.93860	7.88060	3186	1	'Soultz-sous-Forêts'	
# 2967570	1	49.73750	4.85580	3184	1	'Vrigne-aux-Bois'	
# 2975198	1	48.89420	8.10690	3163	1	'Seltz'	
# 6445494	1	47.96310	6.83920	3159	1	'Cornimont'	
# 2972851	1	49.17140	5.35310	3159	1	'Thierville-sur-Meuse'	
# 6445660	1	48.37970	6.91330	3138	1	'Moyenmoutier'	
# 3020275	1	48.09580	6.60940	3137	1	'Éloyes'	
# 2977718	1	48.29970	4.11780	3136	1	'Saint-Parres-aux-Tertres'	
# 6437511	1	49.35580	5.99500	3096	1	'Fontoy'	
# 2967287	1	49.07580	7.00970	3080	1	'Woustviller'	
# 3029725	1	48.20830	6.71860	3078	1	'Bruyères'	
# 6437905	1	49.08500	6.69920	3075	1	'Valmont'	
# 2995134	1	48.79190	6.14250	3074	1	'Custines'	
# 2989087	1	49.44220	6.01830	3074	1	'Ottange'	
# 3033642	1	49.17640	5.38030	3066	1	'Belleville-sur-Meuse'	
# 2985028	1	49.05250	6.93080	3057	1	'Puttelange-aux-Lacs'	
# 6437459	1	49.10920	6.40500	3051	1	'Courcelles-Chaussy'	
# 3012315	1	48.44250	5.13810	3037	1	'Joinville'	
# 2967850	1	49.26560	6.10890	3035	1	'Vitry-sur-Orne'	
# 2980648	1	48.00860	7.38470	3003	1	'Sainte-Croix-en-Plaine'	
# 6441569	1	47.83690	7.30560	3000	1	'Pulversheim'	
# 3034800	1	48.11420	4.37580	2990	1	'Bar-sur-Seine'	
# 3016716	1	49.27140	6.12500	2967	1	'Gandrange'	
# 6426168	1	49.73470	4.83080	2930	1	'Vivier-au-Court'	
# 6435793	1	49.07640	3.63940	2919	1	'Dormans'	
# 6426561	1	48.36360	4.00140	2900	1	'Saint-Lyé'	
# 3014026	1	49.06080	7.03640	2896	1	'Hambach'	
# 6437696	1	49.37030	6.18810	2891	1	'Manom'	
# 3028600	1	49.63250	5.16810	2880	1	'Carignan'	
# 3020614	1	48.52470	7.56560	2880	1	'Duttlenheim'	
# 6441124	1	48.75470	7.81640	2869	1	'Gries'	
# 3021392	1	48.81220	6.71970	2868	1	'Dieuze'	
# 2967434	1	48.49890	4.94750	2858	1	'Wassy'	
# 2982778	1	48.59220	6.33330	2856	1	'Rosières-aux-Salines'	
# 3017400	1	48.18580	7.00140	2852	1	'Fraize'	
# 3027521	1	48.62440	6.08310	2848	1	'Chaligny'	
# 3037186	1	48.53390	4.13890	2839	1	'Arcis-sur-Aube'	
# 3030171	1	48.25610	4.09560	2838	1	'Bréviandes'	
# 3014006	1	49.18080	6.64750	2831	1	'Ham-sous-Varsberg'	
# 2969176	1	47.80190	7.12080	2825	1	'Vieux-Thann'	
# 3015662	1	49.53470	5.68470	2817	1	'Gorcy'	
# 2975957	1	48.94080	7.08860	2811	1	'Sarre-Union'	
# 2983812	1	48.82810	4.98720	2807	1	'Revigny-sur-Ornain'	
# 2967404	1	48.75640	7.77780	2802	1	'Weitbruch'	
# 3030093	1	48.39170	4.52560	2784	1	'Brienne-le-Château'	
# 6437685	1	49.09970	6.74280	2761	1	'Macheren'	
# 6436637	1	48.69310	5.96060	2752	1	'Gondreville'	
# 3013361	1	47.57610	7.52190	2745	1	'Hésingue'	
# 6615839	1	48.59110	3.55750	2727	1	'Villenauxe'	
# 2995622	1	48.69000	7.38110	2723	1	'Marmoutier'	
# 2992203	1	49.21750	6.02220	2722	1	'Montois-la-Montagne'	
# 3012823	1	49.31060	6.18690	2721	1	'Bertrange'	
# 3023477	1	49.51920	5.71110	2716	1	'Cosnes'	
# 3037794	1	48.63580	5.01970	2707	1	'Ancerville'	
# 2991716	1	49.16690	6.87080	2691	1	'Morsbach'	
# 6617445	1	48.01560	7.54780	2689	1	'Volgelsheim'	
# 2989736	1	49.17360	6.91470	2689	1	'Œting'	
# 3012949	1	48.35890	7.57890	2686	1	'Huttenheim'	
# 6441304	1	48.31940	7.70280	2681	1	'Rhinau'	
# 2987431	1	48.84440	7.61080	2680	1	'Pfaffenhoffen'	
# 2982733	1	49.25830	6.06940	2672	1	'Rosselange'	
# 3035254	1	47.80030	7.38030	2662	1	'Baldersheim'	
# 6457020	1	48.47670	7.21610	2646	1	'La Broque'	
# 3028236	1	49.40610	6.24360	2643	1	'Cattenom'	
# 6441145	1	48.28890	7.56530	2638	1	'Hilsenheim'	
# 3017622	1	48.68420	5.78640	2638	1	'Foug'	
# 3021035	1	48.52500	7.48580	2633	1	'Dorlisheim'	
# 2998167	1	48.49140	7.66580	2632	1	'Lipsheim'	
# 6445538	1	48.36390	6.85810	2618	1	'Étival-Clairefontaine'	
# 3021518	1	48.75390	7.46670	2610	1	'Dettwiller'	
# 6445810	1	48.04560	6.40610	2598	1	'Xertigny'	
# 2990676	1	49.31670	6.02330	2591	1	'Neufchef'	
# 6436885	1	49.32440	5.93640	2581	1	'Trieux'	
# 3036313	1	49.21190	5.97690	2566	1	'Auboué'	
# 3016158	1	48.72360	7.75440	2564	1	'Geudertheim'	
# 3013356	1	49.17920	6.99830	2562	1	'Alsting'	
# 2967139	1	47.69530	7.29560	2555	1	'Zillisheim'	
# 3032847	1	49.22330	3.98860	2550	1	'Bezannes'	
# 6450659	1	48.04080	7.54330	2549	1	'Biesheim'	
# 2975776	1	47.94940	6.76920	2540	1	'Saulxures-sur-Moselotte'	
# 2967449	1	49.35060	4.22190	2529	1	'Warmeriville'	
# 6437220	1	49.49000	5.18560	2520	1	'Stenay'	
# 6436800	1	49.30670	5.78640	2518	1	'Piennes'	
# 2975432	1	49.21970	6.92390	2518	1	'Schœneck'	
# 3031158	1	49.29170	5.74250	2511	1	'Bouligny'	
# 6437496	1	49.22420	6.63780	2495	1	'Falck'	
# 2972992	1	49.12830	6.89310	2487	1	'Théding'	
# 2989724	1	48.71190	7.91610	2486	1	'Offendorf'	
# 3031191	1	49.38170	5.95250	2485	1	'Boulange'	
# 3012845	1	47.67250	7.26500	2484	1	'Illfurth'	
# 3011458	1	48.67560	7.85610	2482	1	'Kilstett'	
# 2986077	1	49.15640	6.65560	2480	1	'Porcelette'	
# 3021933	1	48.65390	7.23690	2476	1	'Dabo'	
# 3036227	1	49.37030	5.89580	2467	1	'Audun-le-Roman'	
# 2982126	1	49.27720	6.23310	2462	1	'Rurange-lès-Thionville'	
# 8293785	1	49.31060	5.89970	2453	1	'Tucquegnieux'	
# 3011969	1	48.13920	7.26080	2450	1	'Kaysersberg'	
# 3033219	1	48.67920	7.65810	2448	1	'Berstett'	
# 3032147	1	48.47720	7.44080	2442	1	'Bœrsch'	
# 2975063	1	48.39530	6.98170	2439	1	'Senones'	
# 3011976	1	48.79080	7.83190	2435	1	'Kaltenhouse'	
# 3027519	1	47.80310	5.42780	2432	1	'Chalindrey'	
# 6441085	1	48.53470	7.63720	2422	1	'Entzheim'	
# 3005397	1	48.74810	6.20060	2421	1	'Lay-Saint-Christophe'	
# 3038355	1	48.22330	3.73440	2418	1	'Aix-en-Othe'	
# 3034454	1	49.67720	4.97640	2411	1	'Bazeilles'	
# 6436854	1	49.53280	5.82580	2410	1	'Saulnes'	
# 6437438	1	48.82170	6.50830	2410	1	'Château-Salins'	
# 3022882	1	48.98560	4.51580	2404	1	'Courtisols'	
# 2973991	1	47.96170	7.23810	2402	1	'Soultzmatt'	
# 2971380	1	47.87860	7.30470	2379	1	'Ungersheim'	
# 2982798	1	47.63720	7.53580	2368	1	'Rosenau'	
# 2997711	1	49.53420	5.79860	2363	1	'Longlaville'	
# 2984193	1	48.75140	7.10690	2361	1	'Réding'	
# 2967211	1	49.16750	5.85670	2361	1	'Conflans-en-Jarnisy'	
# 3014096	1	48.09110	6.47830	2358	1	'Hadol'	
# 6436826	1	48.59470	6.16970	2354	1	'Richardménil'	
# 6454259	1	48.90440	4.00330	2337	1	'Vertus'	
# 3018247	1	49.72190	4.93030	2335	1	'Floing'	
# 2970932	1	49.21190	5.93560	2334	1	'Valleroy'	
# 2975833	1	48.23640	6.95970	2326	1	'Saulcy-sur-Meurthe'	
# 3036107	1	49.41780	5.94440	2325	1	'Aumetz'	
# 2974735	1	48.79690	7.98640	2323	1	'Sessenheim'	
# 6615249	1	48.97530	8.17390	2318	1	'Lauterbourg'	
# 2970119	1	48.23830	4.46780	2315	1	'Vendeuvre-sur-Barse'	
# 2980476	1	48.26920	6.97640	2314	1	'Sainte-Marguerite'	
# 3018601	1	47.91530	7.53580	2310	1	'Fessenheim'	
# 2983165	1	49.92530	4.52140	2307	1	'Rocroi'	
# 2982234	1	47.82310	7.35830	2307	1	'Ruelisheim'	
# 6449531	1	49.36330	4.17030	2297	1	'Bazancourt'	
# 2983095	1	49.04530	7.26500	2297	1	'Rohrbach-lès-Bitche'	
# 2994093	1	49.50030	5.78250	2292	1	'Mexy'	
# 2989792	1	48.58560	7.64810	2290	1	'Oberschaeffolsheim'	
# 2979861	1	48.25780	4.03190	2289	1	'Saint-Germain'	
# 2992495	1	49.88560	4.73140	2283	1	'Monthermé'	
# 6445776	1	48.19420	6.37030	2282	1	'Uxegney'	
# 3013058	1	48.12560	7.37810	2282	1	'Houssen'	
# 6614774	1	48.82860	8.03420	2275	1	'Rœschwoog'	
# 6437714	1	49.31500	6.28580	2268	1	'Metzervisse'	
# 2991283	1	49.60610	5.07560	2266	1	'Mouzon'	
# 3020576	1	48.30330	7.50000	2261	1	'Ebersheim'	
# 3021762	1	47.63000	7.11920	2259	1	'Dannemarie'	
# 3020051	1	48.35890	7.46330	2257	1	'Epfig'	
# 3011437	1	49.39330	6.27690	2251	1	'Kœnigsmacker'	
# 2989953	1	49.70000	4.79500	2246	1	'Nouvion-sur-Meuse'	
# 2975444	1	48.80140	7.90610	2242	1	'Schirrhein'	
# 6441601	1	47.87220	7.03080	2241	1	'Saint-Amarin'	
# 3018270	1	48.62530	6.20360	2238	1	'Fléville-devant-Nancy'	
# 3034698	1	49.38580	6.24310	2232	1	'Basse-Ham'	
# 2967728	1	49.44250	6.08030	2229	1	'Volmerange-les-Mines'	
# 3021888	1	48.32390	7.42750	2216	1	'Dambach-la-Ville'	
# 3014663	1	48.50330	7.53170	2203	1	'Griesheim-près-Molsheim'	
# 3023560	1	49.03470	6.05970	2202	1	'Corny-sur-Moselle'	
# 2978785	1	49.21470	4.09470	2191	1	'Taissy'	
# 6426445	1	48.25440	4.26690	2190	1	'Lusigny-sur-Barse'	
# 3020871	1	49.67140	5.04080	2188	1	'Douzy'	
# 2968051	1	48.33690	6.32860	2183	1	'Vincey'	
# 3037706	1	48.06250	7.41690	2172	1	'Andolsheim'	
# 2971777	1	49.40280	5.98140	2172	1	'Tressange'	
# 3013248	1	47.70190	7.27580	2169	1	'Hochstatt'	
# 2975445	1	48.47860	7.21920	2167	1	'Schirmeck'	
# 3018694	1	48.75330	3.99060	2152	1	'Fère-Champenoise'	
# 3026890	1	48.60000	6.53060	2149	1	'Chanteheux'	
# 6445722	1	48.02470	6.66970	2149	1	'Saint-Amé'	
# 3014878	1	48.14560	6.78860	2149	1	'Granges-sur-Vologne'	
# 3038715	1	48.58110	7.62690	2145	1	'Achenheim'	
# 6435916	1	49.27390	3.89080	2140	1	'Muizon'	
# 3011353	1	48.11000	7.19310	2138	1	'Labaroche'	
# 2998425	1	48.31890	5.58110	2134	1	'Liffol-le-Grand'	
# 3037967	1	49.16690	6.04280	2128	1	'Amanvillers'	
# 3013259	1	47.58640	7.25280	2121	1	'Hirsingue'	
# 6441168	1	48.60420	7.59440	2112	1	'Ittenheim'	
# 6613962	1	48.64610	6.17470	2102	1	'Houdemont'	
# 2967331	1	48.50890	7.26860	2100	1	'Wisches'	
# 3033382	1	48.20530	7.36170	2096	1	'Bergheim'	
# 2992260	1	49.51940	5.36580	2094	1	'Montmédy'	
# 6437819	1	49.27860	6.16610	2092	1	'Richemont'	
# 3036184	1	49.05890	6.12110	2080	1	'Augny'	
# 6441237	1	48.26830	7.53420	2075	1	'Muttersholtz'	
# 6441424	1	48.26360	7.58830	2058	1	'Wittisheim'	
# 2990163	1	48.30640	6.38500	2054	1	'Nomexy'	
# 2993191	1	48.75470	7.37970	2045	1	'Monswiller'	
# 2975939	1	48.91780	4.40670	2037	1	'Sarry'	
# 3028503	1	47.61530	7.21190	2035	1	'Carspach'	
# 2982564	1	49.13720	7.00250	2033	1	'Rouhling'	
# 3021100	1	49.69640	4.87440	2029	1	'Donchery'	
# 3031086	1	47.95390	5.74940	2025	1	'Bourbonne-les-Bains'	
# 6441230	1	48.75750	7.64420	2012	1	'Mommenheim'	
# 6437787	1	49.13060	6.12280	2009	1	'Plappeville'	
# 2984060	1	49.01360	6.39330	2003	1	'Rémilly'	
# 2967715	1	49.31140	6.25920	1999	1	'Volstroff'	
# 2967722	1	48.10780	6.56640	1993	1	'Pouxeux'	
# 2984107	1	47.75060	7.23140	1981	1	'Reiningue'	
# 2991606	1	48.93220	8.15420	1978	1	'Mothern'	
# 3032214	1	47.88500	7.53810	1974	1	'Blodelsheim'	
# 2973012	1	47.83030	7.08030	1974	1	'Bitschwiller-lès-Thann'	
# 2992466	1	48.47780	4.77000	1966	1	'Montier-en-Der'	
# 2973818	1	48.76970	7.41330	1965	1	'Steinbourg'	
# 3021164	1	48.67000	5.90780	1962	1	'Dommartin-lès-Toul'	
# 2969736	1	49.00720	6.20330	1951	1	'Verny'	
# 2989084	1	47.78720	7.51030	1950	1	'Ottmarsheim'	
# 2990683	1	48.01810	7.52830	1947	1	'Neuf-Brisach'	
# 6613996	1	47.89720	7.35580	1942	1	'Réguisheim'	
# 2967955	1	50.08390	4.73000	1942	1	'Vireux-Wallerand'	
# 2970546	1	48.60170	5.66500	1936	1	'Vaucouleurs'	
# 2984495	1	47.89170	6.73970	1933	1	'Ramonchamp'	
# 2973698	1	48.04330	7.41360	1930	1	'Sundhoffen'	
# 2994194	1	48.61170	6.13860	1929	1	'Messein'	
# 6450576	1	48.86310	8.08390	1928	1	'Beinheim'	
# 3013872	1	48.90190	7.97890	1919	1	'Hatten'	
# 2977323	1	49.18890	6.03640	1918	1	'Saint-Privat-la-Montagne'	
# 6426104	1	49.49560	4.36560	1915	1	'Sault-lès-Rethel'	
# 3022588	1	48.33220	4.12690	1914	1	'Créney-près-Troyes'	
# 2972830	1	49.47310	5.90830	1914	1	'Thil'	
# 2980658	1	48.26220	7.22530	1909	1	'Sainte-Croix-aux-Mines'	
# 6436902	1	48.70280	6.02110	1900	1	'Velaine-en-Haye'	
# 3029499	1	47.71780	7.16170	1900	1	'Burnhaupt-le-Bas'	
# 2997007	1	48.52000	7.28830	1900	1	'Lutzelhouse'	
# 3021165	1	47.99860	6.64310	1895	1	'Dommartin-lès-Remiremont'	
# 3026131	1	49.12360	6.07940	1894	1	'Châtel-Saint-Germain'	
# 3007160	1	48.15250	7.16940	1885	1	'Lapoutroie'	
# 6456611	1	48.02360	6.68470	1885	1	'Le Syndicat'	
# 3019888	1	48.56390	7.56560	1880	1	'Ernolsheim-Bruche'	
# 2986104	1	48.60500	6.09720	1876	1	'Pont-Saint-Vincent'	
# 3031862	1	48.20190	5.14080	1874	1	'Bologne'	
# 3013626	1	50.00970	4.70580	1866	1	'Haybes'	
# 6436730	1	49.28360	5.89280	1861	1	'Mancieulles'	
# 2969700	1	48.23280	4.14810	1860	1	'Verrières'	
# 6435855	1	49.28640	3.81470	1858	1	'Jonchery-sur-Vesle'	
# 3012854	1	49.32830	6.17920	1851	1	'Illange'	
# 2977953	1	48.31750	6.88670	1851	1	'Saint-Michel-sur-Meurthe'	
# 3001020	1	48.17670	6.39250	1850	1	'Les Forges'	
# 6437776	1	49.07500	6.22390	1849	1	'Peltre'	
# 6612596	1	48.78360	4.91140	1848	1	'Sermaize-les-Bains'	
# 3017034	1	48.70110	4.58920	1846	1	'Frignicourt'	
# 3019532	1	48.26920	3.80610	1840	1	'Estissac'	
# 3013478	1	49.01470	7.08420	1839	1	'Herbitzheim'	
# 3013386	1	48.01890	7.32610	1838	1	'Herrlisheim-près-Colmar'	
# 3019548	1	48.73190	3.55940	1832	1	'Esternay'	
# 2996687	1	48.66780	4.20690	1829	1	'Mailly-le-Camp'	
# 2973697	1	48.25080	7.60310	1818	1	'Sundhouse'	
# 2968894	1	48.34360	7.30390	1818	1	'Villé'	
# 2973798	1	48.55030	7.40330	1813	1	'Still'	
# 2989938	1	49.02170	6.04640	1810	1	'Novéant-sur-Moselle'	
# 2988523	1	48.76920	4.83780	1810	1	'Pargny-sur-Saulx'	
# 3021931	1	48.56080	7.53190	1802	1	'Dachstein'	
# 2967359	1	47.84360	7.07310	1802	1	'Willer-sur-Thur'	
# 3021314	1	49.33190	6.26670	1800	1	'Distroff'	
# 2974547	1	49.19810	4.13220	1795	1	'Sillery'	
# 3025719	1	48.62920	6.12420	1791	1	'Chavigny'	
# 3032981	1	48.65250	4.97390	1787	1	'Bettancourt-la-Ferrée'	
# 2975245	1	49.11330	6.83110	1787	1	'Seingbouse'	
# 6441499	1	48.07640	7.53440	1779	1	'Kunheim'	
# 6450677	1	47.73030	7.14530	1775	1	'Burnhaupt-le-Haut'	
# 2974609	1	49.44250	6.36030	1775	1	'Sierck-les-Bains'	
# 2989806	1	48.55060	7.32970	1769	1	'Oberhaslach'	
# 3037842	1	48.12560	7.28190	1768	1	'Ammerschwihr'	
# 6617143	1	49.14170	6.12140	1766	1	'Lorry-lès-Metz'	
# 2995726	1	48.40250	3.73720	1766	1	'Marigny-le-Châtel'	
# 3029682	1	48.23640	4.11140	1764	1	'Buchères'	
# 3035661	1	48.97190	4.00940	1752	1	'Avize'	
# 2986186	1	49.29670	4.31940	1751	1	'Pontfaverger-Moronvilliers'	
# 3018364	1	48.56920	6.18780	1748	1	'Flavigny-sur-Moselle'	
# 2971401	1	47.82030	7.17890	1747	1	'Uffholtz'	
# 6614940	1	48.93890	7.74580	1746	1	'Wœrth'	
# 3014330	1	49.25000	3.90810	1741	1	'Gueux'	
# 2967389	1	48.05690	7.29940	1739	1	'Wettolsheim'	
# 3037708	1	48.38640	7.41780	1738	1	'Andlau'	
# 2990120	1	48.44830	7.67280	1737	1	'Nordhouse'	
# 2969074	1	49.20390	6.29750	1735	1	'Vigy'	
# 3017124	1	47.87580	6.78720	1733	1	'Fresse-sur-Moselle'	
# 3020324	1	48.04310	7.30580	1723	1	'Eguisheim'	
# 3018251	1	49.69860	4.77330	1722	1	'Flize'	
# 2975419	1	48.75690	7.60170	1721	1	'Schwindratzheim'	
# 2973686	1	48.90890	7.84780	1720	1	'Surbourg'	
# 3031115	1	49.37080	4.14560	1710	1	'Boult-sur-Suippe'	
# 2998474	1	48.27220	7.28250	1704	1	'Lièpvre'	
# 3021437	1	47.71890	7.30080	1702	1	'Didenheim'	
# 2996819	1	49.05220	3.96530	1698	1	'Magenta'	
# 3011425	1	48.47560	7.56670	1697	1	'Krautergersheim'	
# 6436737	1	48.79720	6.10220	1694	1	'Marbache'	
# 2989791	1	48.97060	7.98830	1689	1	'Seebach'	
# 3014701	1	48.53530	7.43060	1681	1	'Gresswiller'	
# 2980405	1	48.34470	4.06140	1679	1	'Sainte-Maure'	
# 6618184	1	49.72970	4.71470	1678	1	'La Francheville'	
# 6617074	1	48.61080	5.08490	1676	1	'Cousances-aux-Forges'	
# 2975435	1	48.65670	7.56780	1673	1	'Schnersheim'	
# 2983957	1	49.83940	4.60220	1668	1	'Renwez'	
# 2991906	1	47.86000	7.05000	1659	1	'Moosch'	
# 3019308	1	48.74830	5.62580	1657	1	'Euville'	
# 2990416	1	48.62420	7.70390	1657	1	'Niederhausbergen'	
# 2994091	1	47.91330	7.35580	1655	1	'Meyenheim'	
# 2967420	1	47.83640	7.18000	1649	1	'Wattwiller'	
# 6445678	1	48.17220	7.01360	1645	1	'Plainfaing'	
# 6441179	1	48.25440	7.39670	1644	1	'Kintzheim'	
# 2967393	1	48.60280	7.44110	1644	1	'Westhoffen'	
# 3007808	1	47.68500	7.39080	1642	1	'Landser'	
# 6445680	1	47.96640	6.46310	1641	1	'Plombières-les-Bains'	
# 3021432	1	49.10860	6.94030	1641	1	'Diebling'	
# 2989100	1	48.16000	7.37060	1633	1	'Ostheim'	
# 3038546	1	49.78140	4.76580	1629	1	'Aiglemont'	
# 3037209	1	48.11830	6.52750	1629	1	'Arches'	
# 2992885	1	48.99420	7.31000	1629	1	'Montbronn'	
# 3024899	1	48.58080	6.94750	1627	1	'Cirey-sur-Vezouze'	
# 2983094	1	48.75560	7.90530	1627	1	'Rohrwiller'	
# 3020671	1	48.52860	7.59360	1608	1	'Duppigheim'	
# 2967345	1	48.92030	7.37610	1606	1	'Wingen-sur-Moder'	
# 3018748	1	47.89610	6.98640	1604	1	'Fellering'	
# 3021420	1	48.94170	7.18670	1601	1	'Diemeringen'	
# 6441133	1	48.55920	7.61390	1601	1	'Hangenbieten'	
# 6450645	1	47.82470	7.51560	1594	1	'Bantzenheim'	
# 3034595	1	47.81970	7.38170	1592	1	'Battenheim'	
# 6455170	1	48.47470	6.31530	1583	1	'Bayon'	
# 3010694	1	49.17250	5.88110	1582	1	'Labry'	
# 6436128	1	48.03420	4.91470	1580	1	'Châteauvillain'	
# 2992787	1	49.77500	4.74310	1580	1	'Montcy-Notre-Dame'	
# 3022215	1	49.43440	5.91640	1574	1	'Crusnes'	
# 2982705	1	48.45470	7.20860	1570	1	'Rothau'	
# 2999181	1	48.08310	6.74390	1566	1	'Le Tholy'	
# 6436770	1	49.23420	5.96390	1565	1	'Moutiers'	
# 2989814	1	48.94110	7.60690	1563	1	'Oberbronn'	
# 6437253	1	48.98110	5.70360	1562	1	'Vigneulles-lès-Hattonchâtel'	
# 2975036	1	47.75500	7.05110	1558	1	'Sentheim'	
# 2967357	1	49.02690	7.03500	1555	1	'Willerwald'	
# 3027113	1	49.26720	3.97140	1550	1	'Champigny'	
# 3003496	1	49.00420	7.79060	1549	1	'Lembach'	
# 3035449	1	48.50000	6.89310	1548	1	'Badonviller'	
# 2996726	1	48.89970	6.03810	1546	1	'Maidières'	
# 2989082	1	48.45780	7.42560	1543	1	'Ottrott'	
# 2967392	1	48.39690	7.58920	1543	1	'Westhouse'	
# 6455322	1	48.20720	5.83470	1541	1	'Bulgnéville'	
# 2967500	1	47.55080	7.31670	1538	1	'Waldighofen'	
# 3036637	1	48.65580	6.26560	1537	1	'Art-sur-Meurthe'	
# 2973530	1	48.24970	6.90220	1535	1	'Taintrux'	
# 2994282	1	48.51060	3.88940	1522	1	'Méry-sur-Seine'	
# 2967263	1	48.08060	6.92580	1522	1	'Xonrupt-Longemer'	
# 3023709	1	48.17220	6.87940	1519	1	'Corcieux'	
# 3011467	1	48.97140	7.04390	1518	1	'Keskastel'	
# 6436919	1	49.47080	5.82140	1515	1	'Villers-la-Montagne'	
# 2967490	1	48.65390	7.15000	1515	1	'Walscheid'	
# 2968185	1	48.66690	4.90000	1513	1	'Villiers-en-Lieu'	
# 3015756	1	48.97720	7.37970	1510	1	'Goetzenbruck'	
# 2991201	1	47.86830	7.45080	1510	1	'Munchhouse'	
# 6437785	1	49.22360	6.10140	1508	1	'Pierrevillers'	
# 3021293	1	49.06530	3.96670	1505	1	'Dizy'	
# 2994727	1	48.44890	7.54310	1500	1	'Meistratzheim'	
# 3013275	1	48.46920	7.63890	1498	1	'Hindisheim'	
# 3005950	1	47.94080	7.15860	1497	1	'Lautenbach'	
# 2994310	1	49.24890	6.66690	1493	1	'Merten'	
# 2996540	1	48.51170	3.79060	1492	1	'Maizières-la-Grande-Paroisse'	
# 3035031	1	48.33780	4.03190	1491	1	'Barberey-Saint-Sulpice'	
# 6435883	1	49.05470	3.93060	1490	1	'Mardeuil'	
# 6436852	1	48.79030	6.04420	1489	1	'Saizerais'	
# 3023631	1	49.37140	3.89580	1485	1	'Cormicy'	
# 3021283	1	48.22330	6.45750	1485	1	'Dogneville'	
# 3016973	1	48.29920	5.14610	1485	1	'Froncles'	
# 3035561	1	49.24330	6.20720	1484	1	'Ay-sur-Moselle'	
# 2987094	1	48.36310	4.33280	1478	1	'Piney'	
# 3019812	1	47.71280	7.39860	1473	1	'Eschentzwiller'	
# 2967956	1	50.08330	4.72420	1473	1	'Vireux-Molhain'	
# 3027162	1	48.74280	6.34920	1469	1	'Champenoux'	
# 2971340	1	48.52690	7.32500	1469	1	'Urmatt'	
# 2975808	1	49.15890	6.10560	1468	1	'Saulny'	
# 3024636	1	49.10610	5.07080	1466	1	'Clermont-en-Argonne'	
# 6437777	1	49.05440	7.30420	1465	1	'Petit-Réderching'	
# 6455489	1	49.88390	4.84190	1464	1	'Les Hautes-Rivières'	
# 2995157	1	48.39500	7.62280	1459	1	'Matzenheim'	
# 3021532	1	47.97560	7.48830	1457	1	'Dessenheim'	
# 3012167	1	49.06140	6.07810	1456	1	'Jouy-aux-Arches'	
# 3024264	1	48.52750	5.89720	1454	1	'Colombey-les-Belles'	
# 3036553	1	47.77530	7.13250	1453	1	'Aspach-le-Haut'	
# 3013257	1	47.59860	7.22360	1452	1	'Hirtzbach'	
# 3033316	1	48.45330	7.46440	1446	1	'Bernardswiller'	
# 2983067	1	47.94970	5.28670	1445	1	'Rolampont'	
# 3020740	1	48.86780	7.19110	1444	1	'Drulingen'	
# 3018358	1	47.69580	7.31530	1443	1	'Flaxlanden'	
# 3003495	1	49.00420	7.37940	1443	1	'Lemberg'	
# 3021398	1	49.07080	5.42220	1441	1	'Dieue-sur-Meuse'	
# 3021402	1	47.69140	7.40140	1439	1	'Dietwiller'	
# 6435985	1	48.55440	3.78440	1437	1	'Saint-Just-Sauvage'	
# 3021691	1	48.83030	7.65530	1436	1	'Dauendorf'	
# 3024068	1	48.93890	4.35060	1433	1	'Compertrix'	
# 3027850	1	49.26360	4.10330	1431	1	'Cernay-lès-Reims'	
# 3030714	1	48.77190	6.26030	1426	1	'Bouxières-aux-Chênes'	
# 2969477	1	48.48690	6.08780	1423	1	'Vézelise'	
# 6441566	1	47.98440	7.28940	1421	1	'Pfaffenheim'	
# 3013205	1	48.11250	7.42060	1420	1	'Holtzwihr'	
# 3002277	1	48.79170	5.54420	1418	1	'Lérouville'	
# 2978432	1	49.01250	3.86780	1414	1	'Saint-Martin-d’Ablois'	
# 3038738	1	48.63690	7.09670	1413	1	'Abreschviller'	
# 6449709	1	48.58720	6.09440	1411	1	'Bainville-sur-Madon'	
# 3014415	1	48.18860	7.39690	1411	1	'Guémar'	
# 2975442	1	48.98890	8.04360	1411	1	'Schleithal'	
# 3019924	1	48.56970	7.52690	1408	1	'Ergersheim'	
# 3021866	1	49.07110	3.87750	1407	1	'Damery'	
# 2984076	1	49.09170	7.09220	1404	1	'Rémelfing'	
# 3013410	1	49.33530	3.90860	1402	1	'Hermonville'	
# 2990417	1	48.54280	7.34190	1402	1	'Niederhaslach'	
# 3021713	1	48.19890	6.35220	1398	1	'Darnieulles'	
# 2971582	1	48.72030	5.27830	1395	1	'Tronville-en-Barrois'	
# 6445508	1	48.20170	6.51330	1389	1	'Deyvillers'	
# 2982436	1	49.45690	6.17360	1387	1	'Roussy-le-Village'	
# 3012365	1	48.12360	7.47670	1385	1	'Jebsheim'	
# 6445731	1	47.85780	6.82390	1385	1	'Saint-Maurice-sur-Moselle'	
# 2975023	1	47.53640	7.17440	1384	1	'Seppois-le-Bas'	
# 2972186	1	49.04860	4.11970	1384	1	'Tours-sur-Marne'	
# 2990408	1	48.77220	7.73830	1382	1	'Niederschaeffolsheim'	
# 3025734	1	48.23720	6.43690	1381	1	'Chavelot'	
# 3031616	1	48.33170	7.68080	1381	1	'Boofzheim'	
# 2971007	1	48.42140	7.52140	1381	1	'Valff'	
# 6450651	1	48.14360	7.32530	1376	1	'Bennwihr'	
# 2983882	1	49.13610	6.30530	1371	1	'Retonfey'	
# 3037754	1	49.05690	6.05810	1370	1	'Ancy-sur-Moselle'	
# 2988301	1	48.38170	3.97720	1369	1	'Payns'	
# 2983514	1	49.84030	4.53920	1368	1	'Rimogne'	
# 2990667	1	49.07690	7.06780	1366	1	'Neufgrange'	
# 2982313	1	49.10640	6.08190	1361	1	'Rozérieulles'	
# 6451800	1	47.88560	6.85360	1360	1	'Bussang'	
# 6454353	1	49.09330	6.89420	1357	1	'Farschviller'	
# 2974580	1	49.69750	4.42030	1357	1	'Signy-l’Abbaye'	
# 2973788	1	48.05390	7.10420	1356	1	'Stosswihr'	
# 3018944	1	48.79310	6.19810	1355	1	'Faulx'	
# 3011418	1	49.34640	6.24060	1355	1	'Kuntzig'	
# 2973819	1	47.82060	7.15220	1355	1	'Steinbach'	
# 3012983	1	49.10690	6.98140	1351	1	'Hundling'	
# 2971344	1	48.10140	6.40140	1348	1	'Uriménil'	
# 6449599	1	48.08560	5.29610	1347	1	'Biesles'	
# 3014527	1	49.06780	7.21860	1346	1	'Gros-Réderching'	
# 2985283	1	49.75470	4.69000	1345	1	'Prix-lès-Mézières'	
# 3037075	1	49.19580	6.20280	1341	1	'Argancy'	
# 3013199	1	47.75890	7.50560	1340	1	'Hombourg'	
# 6441081	1	48.68110	7.69420	1339	1	'Eckwersheim'	
# 3026216	1	49.52940	4.24580	1338	1	'Château-Porcien'	
# 2989817	1	48.36030	7.68920	1338	1	'Obenheim'	
# 3013578	1	47.72640	7.22640	1337	1	'Heimsbrunn'	
# 3016264	1	48.49530	6.51000	1336	1	'Gerbéviller'	
# 3015976	1	49.17110	5.91420	1336	1	'Giraumont'	
# 2989085	1	48.72500	7.37830	1333	1	'Otterswiller'	
# 3017249	1	48.17110	7.19390	1331	1	'Fréland'	
# 2976231	1	48.38280	7.61330	1330	1	'Sand'	
# 3038008	1	48.52220	7.52830	1328	1	'Altorf'	
# 3036554	1	47.76170	7.15060	1319	1	'Aspach-le-Bas'	
# 3016894	1	48.61170	7.56110	1313	1	'Furdenheim'	
# 6437508	1	49.14720	6.89440	1312	1	'Folkling'	
# 3018824	1	47.78190	5.60080	1311	1	'Fayl-Billot'	
# 2987426	1	48.64360	7.67080	1310	1	'Pfulgriesheim'	
# 2969092	1	48.77390	5.60860	1310	1	'Vignot'	
# 2989687	1	48.81140	7.70080	1309	1	'Ohlungen'	
# 3020710	1	49.10530	5.38500	1308	1	'Dugny-sur-Meuse'	
# 3032470	1	48.50580	7.60920	1307	1	'Blaesheim'	
# 3014327	1	47.75310	7.09220	1294	1	'Guewenheim'	
# 3025318	1	48.52860	5.13140	1292	1	'Chevillon'	
# 2969364	1	48.78220	6.53140	1292	1	'Vic-sur-Seille'	
# 2997833	1	49.34610	3.97970	1291	1	'Loivre'	
# 2973045	1	49.05720	6.66360	1289	1	'Teting-sur-Nied'	
# 3013204	1	49.01080	6.96500	1287	1	'Holving'	
# 3030191	1	48.57970	7.60170	1283	1	'Breuschwickersheim'	
# 3013255	1	47.91170	7.44530	1283	1	'Hirtzfelden'	
# 6436745	1	49.38360	5.75190	1281	1	'Mercy-le-Bas'	
# 3033015	1	49.29310	4.36720	1281	1	'Bétheniville'	
# 2982119	1	49.48080	5.95360	1279	1	'Russange'	
# 3034608	1	49.17310	5.96750	1277	1	'Batilly'	
# 6426175	1	49.76970	4.68060	1273	1	'Warcq'	
# 2990410	1	48.44750	7.51610	1271	1	'Niedernai'	
# 6441542	1	48.10220	7.47360	1267	1	'Muntzenheim'	
# 2975961	1	49.08890	7.10860	1267	1	'Sarreinsming'	
# 2971628	1	48.66940	7.11690	1266	1	'Troisfontaines'	
# 2989747	1	47.90920	6.97530	1262	1	'Oderen'	
# 2975441	1	47.68280	7.40830	1260	1	'Schlierbach'	
# 6441619	1	48.13440	7.30080	1260	1	'Sigolsheim'	
# 3011431	1	48.33720	7.54140	1258	1	'Kogenheim'	
# 3021347	1	48.63060	7.66970	1256	1	'Dingsheim'	
# 2967370	1	48.05330	7.20560	1253	1	'Wihr-au-Val'	
# 3037644	1	49.38780	6.04280	1252	1	'Angevillers'	
# 3016191	1	48.41080	7.46780	1252	1	'Gertwiller'	
# 6441526	1	47.91080	7.29250	1251	1	'Merxheim'	
# 6424371	1	48.34390	6.34470	1249	1	'Portieux'	
# 2983158	1	49.46890	6.23610	1249	1	'Rodemack'	
# 2982122	1	48.49530	7.25860	1244	1	'Russ'	
# 6437488	1	49.41280	6.10440	1239	1	'Entrange'	
# 3030848	1	49.14830	6.94920	1235	1	'Bousbach'	
# 3020221	1	49.01360	7.33860	1234	1	'Enchenberg'	
# 2984412	1	48.05670	6.52110	1234	1	'Raon-aux-Bois'	
# 2967117	1	49.46250	6.13310	1233	1	'Zoufftgen'	
# 3025519	1	48.13830	6.60420	1232	1	'Cheniménil'	
# 2983673	1	47.99140	4.36690	1228	1	'Les Riceys'	
# 3012055	1	49.39750	4.38250	1226	1	'Juniville'	
# 2989804	1	47.96640	7.39530	1223	1	'Oberhergheim'	
# 2983010	1	48.64530	7.40670	1223	1	'Romanswiller'	
# 2975454	1	48.59360	7.49390	1223	1	'Scharrachbergheim'	
# 2990425	1	48.71280	7.10810	1220	1	'Niderviller'	
# 2974579	1	49.90390	4.27970	1218	1	'Signy-le-Petit'	
# 3014088	1	47.52470	7.47750	1215	1	'Hagenthal-le-Bas'	
# 2971418	1	48.84940	7.62860	1211	1	'Uberach'	
# 3014738	1	48.49250	7.32280	1209	1	'Grendelbruch'	
# 6615251	1	47.49470	7.48330	1208	1	'Leymen'	
# 2989737	1	48.99920	7.12860	1208	1	'Oermingen'	
# 3011974	1	49.43920	6.10940	1207	1	'Kanfen'	
# 3011539	1	48.38030	7.56780	1207	1	'Kertzfeld'	
# 6451767	1	48.24420	7.06500	1205	1	'Ban-de-Laveline'	
# 6437413	1	49.43440	6.18970	1204	1	'Boust'	
# 6694599	1	48.72440	7.08440	1202	1	'Buhl-Lorraine'	
# 2989972	1	49.11920	6.97060	1202	1	'Nousseviller-Saint-Nabor'	
# 3021904	1	48.77440	7.99140	1199	1	'Dalhunden'	
# 3033232	1	47.84970	7.21920	1196	1	'Berrwiller'	
# 3032598	1	49.03750	7.25220	1193	1	'Bining'	
# 6436780	1	48.93420	6.02860	1192	1	'Norroy-lès-Pont-à-Mousson'	
# 2987213	1	49.01890	3.93720	1190	1	'Pierry'	
# 3011920	1	49.16640	6.96500	1189	1	'Kerbach'	
# 3012773	1	48.49530	7.57220	1188	1	'Innenheim'	
# 3023086	1	49.06610	6.30780	1182	1	'Courcelles-sur-Nied'	
# 3007106	1	49.07780	6.31170	1181	0	'Laquenexy'	
# 3038021	1	49.02970	7.96710	1180	1	'Altenstadt'	
# 2967378	1	48.06250	7.48000	1179	1	'Widensolen'	
# 3035255	1	48.23780	7.53830	1178	1	'Baldenheim'	
# 6451764	1	48.00250	6.26360	1176	1	'Bains-les-Bains'	
# 3021190	1	48.64250	5.82580	1173	1	'Domgermain'	
# 3019330	1	49.17830	6.96220	1172	1	'Etzling'	
# 3014173	1	48.90500	7.63030	1172	1	'Gumbrechtshoffen'	
# 3021097	1	49.14390	5.93420	1171	1	'Doncourt-lès-Conflans'	
# 2991101	1	48.22860	7.52000	1168	1	'Mussig'	
# 3019858	1	48.04080	3.91110	1167	1	'Ervy-le-Châtel'	
# 3017682	1	48.08920	7.45080	1165	1	'Fortschwihr'	
# 6613661	1	48.27470	6.39560	1165	1	'Igney'	
# 6435885	1	49.08250	3.74470	1161	1	'Mareuil-le-Port'	
# 2986094	1	48.51890	3.59470	1161	1	'Pont-sur-Seine'	
# 3015639	1	49.05390	5.99890	1158	1	'Gorze'	
# 2990164	1	48.88970	6.22500	1156	1	'Nomeny'	
# 3032468	1	49.62110	5.19110	1155	1	'Blagny'	
# 3018555	1	49.19560	6.12000	1155	1	'Fèves'	
# 2985067	1	48.54190	6.14140	1155	1	'Pulligny'	
# 3012227	1	49.28560	5.77720	1154	1	'Joudreville'	
# 6449703	1	49.28780	5.96390	1150	1	'Avril'	
# 6436587	1	48.65500	6.48720	1149	1	'Einville-au-Jard'	
# 2997552	1	48.66920	6.99670	1149	1	'Lorquin'	
# 2994790	1	49.04250	6.27000	1148	1	'Mécleuves'	
# 2985742	1	49.67920	5.08360	1148	1	'Pouru-Saint-Rémy'	
# 6449920	1	49.13190	6.83920	1146	1	'Béning-lès-Saint-Avold'	
# 6435886	1	49.04810	4.03110	1145	1	'Mareuil-sur-Ay'	
# 2997719	1	48.74250	5.21060	1145	1	'Longeville-en-Barrois'	
# 2990415	1	47.98470	7.39920	1138	1	'Niederhergheim'	
# 3021626	1	48.88720	6.39220	1138	1	'Delme'	
# 2973773	1	49.32610	6.24000	1138	1	'Stuckange'	
# 3038205	1	48.00580	7.55920	1132	1	'Algolsheim'	
# 3023051	1	49.32330	4.00250	1132	1	'Courcy'	
# 3012036	1	49.06970	6.25330	1130	1	'Jury'	
# 6453590	1	49.73530	4.78390	1129	1	'Lumes'	
# 3021149	1	48.22170	6.22220	1128	1	'Dompaire'	
# 3036444	1	49.47750	4.57750	1127	1	'Attigny'	
# 2967344	1	48.72220	7.63580	1125	1	'Wingersheim'	
# 3036556	1	47.64280	7.23390	1124	1	'Aspach'	
# 2979882	1	47.83190	5.32720	1123	1	'Saint-Géosmes'	
# 3013221	1	48.92970	7.94220	1122	1	'Hoffen'	
# 3012374	1	48.33530	6.68780	1116	1	'Jeanménil'	
# 2991949	1	48.55500	6.44280	1116	1	'Mont-sur-Meurthe'	
# 6437878	1	48.96640	6.29530	1114	1	'Solgne'	
# 2973994	1	48.06250	7.10250	1113	1	'Soultzeren'	
# 3024655	1	48.20890	4.19030	1112	1	'Clérey'	
# 2984578	1	47.88830	7.28140	1111	1	'Raedersheim'	
# 6441244	1	48.82310	7.40110	1108	1	'Neuwiller-lès-Saverne'	
# 6425912	1	49.68940	4.80720	1101	1	'Dom-le-Mesnil'	
# 2997836	1	48.75830	4.54500	1099	1	'Loisy-sur-Marne'	
# 2983628	1	48.99330	7.95310	1098	1	'Riedseltz'	
# 3036582	1	49.46890	4.11830	1097	1	'Asfeld'	
# 6437569	1	49.22470	6.60860	1096	1	'Hargarten-aux-Mines'	
# 2973787	1	48.37970	7.49140	1096	1	'Stotzheim'	
# 6454295	1	48.75060	6.22420	1095	1	'Eulmont'	
# 2967356	1	48.67110	7.51030	1095	1	'Willgottheim'	
# 3033155	1	48.42920	6.79390	1094	1	'Bertrichamps'	
# 2974010	1	48.19610	3.99940	1093	1	'Bouilly'	
# 6616951	1	49.11420	4.30780	1092	1	'Louvercy'	
# 3033380	1	47.91670	7.24610	1092	1	'Bergholtz'	
# 6436765	1	49.44440	5.80830	1088	1	'Morfontaine'	
# 2978954	1	49.76360	4.77080	1088	1	'Saint-Laurent'	
# 2974208	1	48.71170	5.63330	1086	1	'Sorcy-Saint-Martin'	
# 3011968	1	49.30830	6.34000	1083	1	'Kédange-sur-Canner'	
# 3003351	1	48.94670	4.02190	1082	1	'Le Mesnil-sur-Oger'	
# 6451753	1	48.12470	6.53470	1081	1	'Archettes'	
# 2983451	1	48.16640	7.29690	1081	1	'Riquewihr'	
# 3032545	1	48.09610	7.43690	1079	1	'Bischwihr'	
# 3021716	1	48.08500	6.04580	1078	1	'Darney'	
# 3020624	1	48.89640	7.76830	1078	1	'Durrenbach'	
# 3015701	1	48.51360	5.50720	1078	1	'Gondrecourt-le-Château'	
# 2972229	1	49.79670	4.63690	1072	1	'Tournes'	
# 3032429	1	48.58970	6.84220	1070	1	'Blâmont'	
# 2982165	1	47.85190	7.52190	1069	1	'Rumersheim-le-Haut'	
# 2992967	1	48.90080	6.02080	1068	1	'Montauville'	
# 2973164	1	49.12530	6.93860	1068	1	'Tenteling'	
# 3026965	1	48.67030	4.98690	1066	1	'Chancenay'	
# 6616928	1	49.38470	4.06860	1065	1	'Auménancourt-le-Grand'	
# 3015758	1	48.95170	7.76890	1064	1	'Gœrsdorf'	
# 2991236	1	47.54500	7.40310	1064	1	'Muespach-le-Haut'	
# 6449740	1	48.59940	5.83330	1062	1	'Blénod-lès-Toul'	
# 3035178	1	49.10280	6.59330	1062	1	'Bambiderstroff'	
# 6449887	1	49.45890	6.37470	1061	1	'Apach'	
# 3026804	1	48.05860	4.13830	1060	1	'Chaource'	
# 3023884	1	48.72500	3.92110	1060	1	'Connantre'	
# 2967349	1	48.91220	7.42310	1059	1	'Wimmenau'	
# 2984069	1	49.03560	6.93940	1058	1	'Rémering-lès-Puttelange'	
# 3029808	1	47.69970	7.35970	1057	1	'Bruebach'	
# 3021403	1	49.17780	6.67810	1057	1	'Diesen'	
# 2972829	1	49.87280	4.80720	1053	1	'Thilay'	
# 2971858	1	49.24640	6.22440	1053	1	'Trémery'	
# 3011417	1	48.74000	7.80690	1052	1	'Kurtzenhouse'	
# 6614307	1	48.41470	3.44080	1050	1	'Trainel'	
# 2989686	1	48.18360	7.50720	1050	1	'Ohnenheim'	
# 3029478	1	47.55830	7.50750	1049	1	'Buschwiller'	
# 2994157	1	48.01220	7.07030	1049	1	'Metzeral'	
# 2969590	1	49.15860	4.14530	1049	1	'Verzenay'	
# 3003464	1	47.90720	6.78280	1048	1	'Le Ménil'	
# 3012954	1	47.88060	6.98500	1048	1	'Husseren-Wesserling'	
# 2984143	1	48.56080	6.46890	1048	1	'Rehainviller'	
# 3015903	1	49.72060	4.98810	1047	1	'Givonne'	
# 2990089	1	49.18220	6.10330	1047	1	'Norroy-le-Veneur'	
# 6445777	1	48.08560	6.34500	1046	1	'Uzemain'	
# 6437880	1	48.95860	7.33530	1046	1	'Soucht'	
# 2967294	1	48.02810	7.50170	1045	1	'Wolfgantzen'	
# 3021004	1	48.80470	7.40280	1043	1	'Dossenheim-sur-Zinsel'	
# 3025069	1	48.10780	5.17080	1043	1	'Chamarandes'	
# 3005423	1	48.84970	7.61080	1042	1	'La Walck'	
# 6437755	1	49.13440	6.27360	1042	1	'Noisseville'	
# 2982518	1	48.81920	8.00640	1042	1	'Rountzenheim'	
# 3021486	1	49.88080	4.70560	1041	1	'Deville'	
# 3017256	1	49.28170	6.49110	1041	1	'Freistroff'	
# 3016992	1	50.12330	4.85920	1041	1	'Fromelennes'	
# 3032602	1	48.28330	7.60920	1040	1	'Bindernheim'	
# 2968220	1	48.73080	5.97780	1040	1	'Villey-Saint-Étienne'	
# 2989202	1	47.93470	7.23220	1039	1	'Orschwihr'	
# 3021973	1	49.48360	5.74190	1038	1	'Cutry'	
# 3013575	1	47.96940	7.54170	1038	1	'Heiteren'	
# 2995151	1	49.86780	4.42860	1037	1	'Maubert-Fontaine'	
# 3016172	1	49.82170	4.82890	1036	1	'Gespunsart'	
# 2981835	1	48.81060	4.60920	1031	1	'Saint-Amand-sur-Fion'	
# 3035735	1	49.06920	4.04580	1030	1	'Avenay-Val-d’Or'	
# 2985208	1	49.19690	4.18390	1030	1	'Prunay'	
# 2984201	1	48.98940	4.31250	1029	1	'Recy'	
# 2967137	1	47.71970	7.38810	1028	1	'Zimmersheim'	
# 2977717	1	48.17140	4.21560	1023	1	'Saint-Parres-lès-Vaudes'	
# 2989793	1	47.99000	7.55640	1021	1	'Obersaasheim'	
# 2991095	1	47.97690	4.49690	1019	1	'Mussy-sur-Seine'	
# 3032238	1	49.11560	7.18060	1018	1	'Bliesbruck'	
# 3025020	1	49.02530	4.01390	1018	1	'Chouilly'	
# 2988824	1	48.68750	5.71750	1015	1	'Pagny-sur-Meuse'	
# 2982939	1	49.20280	6.04220	1014	1	'Roncourt'	
# 2990662	1	49.81030	4.79530	1013	1	'Neufmanil'	
# 2982729	1	48.33920	7.61580	1013	1	'Rossfeld'	
# 2968293	1	48.12110	4.79000	1013	1	'Ville-sous-la-Ferté'	
# 6446911	1	48.10390	3.91920	1012	1	'Auxon'	
# 3035585	1	48.21140	6.57190	1012	1	'Aydoilles'	
# 2983534	1	49.16530	4.04560	1008	1	'Rilly-la-Montagne'	
# 3026553	1	48.40830	4.17420	1007	1	'Charmont-sous-Barbuise'	
# 2982887	1	48.84390	8.05420	1007	1	'Roppenheim'	
# 2975453	1	48.46640	7.67610	1006	1	'Hipsheim'	
# 3012297	1	48.13580	5.08640	1005	1	'Jonchery'	
# 2975582	1	48.40720	3.95170	1004	1	'Savières'	
# 3033847	1	49.25000	4.21780	1003	1	'Beine-Nauroy'	
# 2975179	1	49.19310	6.13470	1002	1	'Semécourt'	
# 6452410	1	49.04330	7.18280	1001	1	'Achen'	
# 2975392	1	49.1136	6.11420	2675	1	'Scy-Chazelles'	
# 2993673	1	48.6142	7.69280	2035	1	'Mittelhausbergen'	
# 3026130	1	48.3142	6.39310	1699	1	'Châtel-sur-Moselle'	
# 3021342	1	48.5422	7.42640	1485	1	'Dinsheim-sur-Bruche'	
# 3014662	1	48.635	7.66690	1163	1	'Griesheim-sur-Souffel'	
# 2993611	1	49.2064	5.94360	1072	1	'Moineville'			
# ;


end;
