# ======================================================
# Model: Hierarchical health care design : 3 levels (brown field)
# Joao Flavio F. Almeida <joao.flavio@dep.ufmg.br >
# Fabricio Oliveira <fabricio.oliveira@aalto.fi >
# Data   : 19/02/2022
# Versao: 1.0:
# Region: 5: Bretagne (BR)
# =========================================================
data;

# param Distmax:=
# 1 80  # 80
# 2 120 # + 120
# 3 250; # + 200

# Minimal population on destination municipality (j) 
param POPmin:=
1	0
# 2	8000
# 3	20000
# 2	2000
# 3	4000
2	1469	# Q1
3	2190	# Q2 
;

param DurUpper:=
1 0.51 
# 2 1.05 
# 3 1.5;
2 0.51 
3 1.1; 

# Municipios selecionados que já possuem infraestrutura de nível 3
set S3:=
3014221	#	'Guingamp' : Guingamp Hospital
3030300	#	'Brest' : Hôpital des armées
6498011	#	'Rennes' : Rennes University Hospital
;

# CODIGO	REGIAO (code)	LAT	LONG	POPULACAO 2030	INFR	MUNICIPIO	
 param: I :	RE	lat	lng	POP	INFR	Mun 	:=
6498011	5	48.1147	-1.67940	727357	0	'Rennes'	
3030300	5	48.39	-4.49000	300300	0	'Brest'	
2973813	5	47.9967	-4.09640	62985	0	'Quimper'	
6464789	5	47.75	-3.36000	57149	0	'Lorient'	
2970777	5	47.6559	-2.76030	53352	0	'Vannes'	
2978640	5	48.6481	-2.00750	46097	0	'Saint-Malo'	
8286872	5	48.5136	-2.76530	44372	0	'Saint-Brieuc'	
3007794	5	47.7647	-3.34220	22728	0	'Lanester'	
3017609	5	48.3525	-1.19860	20418	0	'Fougères'	
3007609	5	48.7325	-3.45530	20040	0	'Lannion'	
3024035	5	47.8753	-3.91890	19502	0	'Concarneau'	
3029713	5	48.0247	-1.74580	18516	0	'Bruz'	
2967879	5	48.1233	-1.20940	18267	0	'Vitré'	
2986732	5	47.7358	-3.43110	17790	0	'Ploemeur'	
3027767	5	48.1208	-1.60360	17312	0	'Cesson-Sévigné'	
3007874	5	48.4508	-4.24940	15914	0	'Landerneau'	
6449866	5	47.8042	-3.27890	15858	0	'Hennebont'	
6454341	5	48.0686	-2.96280	14889	0	'Pontivy'	
3014213	5	48.4336	-4.40080	14842	0	'Guipavas'	
2991772	5	48.5775	-3.82780	14729	0	'Morlaix'	
3021356	5	48.4556	-2.05030	14281	0	'Dinan'	
6453802	5	48.5344	-2.77080	14158	0	'Plérin'	
2983743	5	48.0922	-4.33030	14015	0	'Douarnenez'	
2986215	5	47.6678	-2.98250	13945	0	'Auray'	
6432839	5	48.0903	-1.69560	13533	1	'Saint-Jacques-de-la-Lande'	
2986674	5	48.3725	-4.37060	13330	1	'Plougastel-Daoulas'	
8291241	5	48.38	-4.60060	12979	1	'Plouzané'	
3008225	5	48.4686	-2.51780	12579	1	'Lamballe'	
2984699	5	47.8728	-3.54970	12188	0	'Quimperlé'	
6448519	5	48.1825	-1.64390	11968	1	'Betton'	
2988853	5	48.1478	-1.77390	11825	1	'Pacé'	
6437369	5	47.6867	-2.73440	11787	0	'Saint-Avé'	
3014303	5	47.7906	-3.48860	11659	0	'Guidel'	
3002373	5	48.4086	-4.39690	11625	1	'Le Relecq-Kerhuon'	
2986678	5	48.4894	-2.79580	11489	0	'Ploufragan'	
3026842	5	48.0886	-1.61640	10458	0	'Chantepie'	
3021351	5	48.6325	-2.06170	10148	0	'Dinard'	
3026275	5	48.0481	-1.50310	10125	1	'Châteaugiron'	
2986729	5	47.9317	-2.39750	9787	0	'Ploërmel'	
2979619	5	48.1511	-1.68610	9765	0	'Saint-Grégoire'	
3017624	5	47.8933	-4.01220	9668	1	'Fouesnant'	
6453799	5	48.1778	-2.75330	9600	0	'Loudéac'	
6614831	5	47.6514	-2.08470	9151	0	'Redon'	
3007842	5	48.5092	-4.06830	9142	0	'Landivisiau'	
2975113	5	47.6197	-2.73720	8946	0	'Séné'	
3002351	5	48.1019	-1.79560	8914	1	'Le Rheu'	
2984760	5	47.7886	-3.41530	8725	1	'Quéven'	
3014305	5	47.9675	-1.79500	8646	1	'Guichen'	
2972715	5	48.1597	-1.57970	8519	1	'Thorigné-Fouillard'	
2975916	5	47.5272	-2.76970	8487	0	'Sarzeau'	
2986991	5	48.5019	-4.42610	8465	1	'Plabennec'	
2971931	5	48.4906	-2.73810	8447	0	'Trégueux'	
3012495	5	47.9606	-1.49920	8329	0	'Janzé'	
3006876	5	47.7064	-3.38420	8327	0	'Larmor-Plage'	
3019920	5	47.9961	-4.02250	8313	1	'Ergué-Gabéric'	
2986158	5	47.8672	-4.22310	8310	1	'Pont-l’Abbé'	
2977189	5	48.4339	-4.62140	8122	0	'Saint-Renan'	
2969741	5	48.0447	-1.60030	8049	0	'Vern-sur-Seiche'	
6448545	5	48.0394	-1.70390	8023	1	'Chartres-de-Bretagne'	
3007663	5	47.8333	-3.15780	8010	1	'Languidic'	
3014280	5	48.4256	-4.55810	7987	0	'Guilers'	
3007666	5	48.495	-2.71750	7776	1	'Langueux'	
2998423	5	48.2136	-1.50810	7768	1	'Liffré'	
2984781	5	47.6614	-2.45310	7723	1	'Questembert'	
2986593	5	47.7758	-3.01030	7635	1	'Pluvigner'	
2982745	5	47.9606	-3.83470	7633	1	'Rosporden'	
3022242	5	48.2453	-4.48890	7415	0	'Crozon'	
2991868	5	48.0747	-1.84580	7356	1	'Mordelles'	
3035327	5	47.8422	-1.68190	7331	0	'Bain-de-Bretagne'	
2994245	5	48.5719	-4.32220	7306	0	'Lesneven'	
3026306	5	48.1111	-1.40330	7240	1	'Châteaubourg'	
2986066	5	48.5703	-2.81710	7228	1	'Pordic'	
2988796	5	48.7778	-3.04640	7178	0	'Paimpol'	
3028603	5	48.2758	-3.57440	7164	0	'Carhaix-Plouguer'	
2987863	5	48.8133	-3.44330	7065	1	'Perros-Guirec'	
2971926	5	47.8558	-3.85190	7039	1	'Trégunc'	
3014221	5	48.5625	-3.15110	7022	0	'Guingamp'	
6437403	5	47.6292	-2.65580	6946	1	'Theix'	
2986757	5	48.5797	-2.05830	6910	1	'Pleurtuit'	
3028217	5	47.8089	-3.34250	6891	1	'Caudan'	
3025304	5	48.1342	-1.53670	6814	1	'Acigné'	
2994697	5	48.2172	-1.69610	6803	1	'Melesse'	
2993647	5	47.8142	-3.62810	6765	1	'Moëlan-sur-Mer'	
2986818	5	48.4458	-2.74610	6753	1	'Plédran'	
2992581	5	48.1381	-1.95580	6691	0	'Montfort-sur-Meu'	
3030440	5	47.7206	-2.99560	6631	1	'Brech'	
6431005	5	48.6058	-4.50420	6623	1	'Plouguerneau'	
3011506	5	47.7633	-3.23890	6622	1	'Kervignac'	
2977390	5	48.6853	-3.98640	6603	1	'Saint-Pol-de-Léon'	
2986730	5	47.6561	-2.86670	6601	1	'Ploeren'	
2986692	5	48.5403	-4.65750	6292	1	'Ploudalmézeau'	
3030456	5	48.0478	-1.86670	6262	1	'Bréal-sous-Montfort'	
3034582	5	47.8756	-3.01890	6247	1	'Baud'	
3020271	5	47.7314	-2.59060	6173	1	'Elven'	
6448074	5	48.4536	-4.46440	6166	1	'Gouesnou'	
2986708	5	47.9031	-4.28390	6147	0	'Plonéour-Lanvern'	
3014393	5	47.9039	-2.12060	6141	1	'Guer'	
3009301	5	48.1117	-1.52440	6070	1	'Noyal-sur-Vilaine'	
2986793	5	47.6989	-2.80610	5999	1	'Plescop'	
2969465	5	48.1186	-1.75610	5987	1	'Vezin-le-Coquet'	
2992998	5	48.1992	-2.04810	5946	1	'Montauban-de-Bretagne'	
3024137	5	48.4086	-1.75170	5945	0	'Combourg'	
2986601	5	47.6756	-2.95750	5796	1	'Pluneret'	
2986696	5	47.9147	-3.33530	5726	1	'Plouay'	
2983730	5	47.7108	-3.31060	5722	1	'Riantec'	
3021264	5	48.5497	-1.75080	5714	1	'Dol-de-Bretagne'	
2984671	5	47.9325	-3.69690	5663	1	'Bannalec'	
3007610	5	48.5697	-4.51940	5651	1	'Lannilis'	
3030102	5	48.1017	-4.00170	5633	1	'Briec'	
6455182	5	47.7586	-2.84440	5459	1	'Grand-Champ'	
3016152	5	48.2194	-1.78940	5411	1	'Gévezé'	
2986649	5	48.5453	-3.13250	5397	1	'Ploumagoar'	
3036791	5	47.6256	-2.82330	5377	1	'Arradon'	
2986656	5	47.6975	-3.25110	5367	1	'Plouhinec'	
2972379	5	48.0272	-3.70220	5345	1	'Scaër'	
3026262	5	48.1967	-4.09000	5189	0	'Châteaulin'	
3028868	5	48.6767	-1.85190	5147	0	'Cancale'	
2988088	5	47.8122	-4.33780	5142	1	'Penmarch'	
2997965	5	48.3747	-4.64360	5089	1	'Locmaria-Plouzané'	
2986653	5	48.5675	-3.70140	5084	1	'Plouigneau'	
3008665	5	47.9778	-1.71830	5069	1	'Laillé'	
2991077	5	47.5531	-2.48170	5041	0	'Muzillac'	
2967234	5	48.485	-2.67750	5000	0	'Yffiniac'	
2989382	5	47.9989	-1.66830	4993	1	'Orgères'	
3008140	5	48.2183	-1.75560	4932	1	'La Mézière'	
3033884	5	48.6281	-3.30080	4808	0	'Bégard'	
3010369	5	48.1772	-1.73280	4735	1	'La Chapelle-des-Fougeretz'	
6437322	5	47.5339	-2.28250	4645	0	'Nivillac'	
2984741	5	47.4833	-3.12060	4640	1	'Quiberon'	
6431048	5	48.5761	-3.84360	4626	0	'Saint-Martin-des-Champs'	
2978067	5	48.1892	-2.19080	4622	0	'Saint-Méen-le-Grand'	
2998607	5	48.1258	-1.81580	4533	1	'L’Hermitage'	
6432714	5	48.1303	-2.03360	4528	1	'Iffendic'	
2986660	5	48.6756	-2.92940	4522	1	'Plouha'	
2973637	5	47.5783	-2.62970	4502	1	'Surzur'	
2986633	5	48.535	-3.78970	4489	1	'Plourin-lès-Morlaix'	
3010911	5	48.1839	-1.43810	4486	1	'La Bouëxière'	
3037016	5	48.0572	-1.15390	4447	1	'Argentré-du-Plessis'	
6616618	5	48.0128	-1.70470	4437	0	'Pont-Péan'	
2997961	5	47.8867	-2.83580	4437	1	'Locminé'	
3024573	5	47.7958	-3.58580	4432	1	'Clohars-Carnoët'	
2983885	5	47.9133	-1.38190	4402	1	'Retiers'	
2986944	5	48.4081	-2.81830	4394	1	'Plaintel'	
6448518	5	48.1794	-1.94420	4363	1	'Bédée'	
3035459	5	47.6186	-2.92030	4362	1	'Baden'	
3015434	5	48.0061	-1.84750	4324	1	'Goven'	
6448525	5	47.9944	-1.61470	4277	1	'Bourgbarré'	
6455179	5	47.5847	-3.07780	4250	1	'Carnac'	
3008857	5	47.9414	-1.22970	4233	0	'La Guerche-de-Bretagne'	
2978062	5	48.6375	-1.90310	4211	1	'Saint-Méloir-des-Ondes'	
3007496	5	48.4553	-2.02830	4191	1	'Lanvallay'	
6448552	5	48.0542	-1.78440	4187	1	'Chavagne'	
2986713	5	47.9356	-4.15310	4187	1	'Plomelin'	
6431001	5	48.3428	-4.71140	4179	1	'Plougonvelin'	
6614190	5	47.8439	-3.69440	4172	1	'Riec-sur-Bélon'	
3013283	5	48.5136	-2.66890	4160	1	'Hillion'	
2986616	5	47.9808	-4.17890	4157	1	'Pluguffan'	
2986608	5	47.7419	-2.91720	4145	1	'Plumergat'	
3024112	5	47.8869	-4.16000	4138	1	'Combrit'	
2986800	5	48.5908	-2.54810	4078	1	'Pléneuf-Val-André'	
2997943	5	47.8336	-4.16920	4050	1	'Loctudy'	
6612499	5	48.5147	-1.90000	4040	1	'Miniac-Morvan'	
2997959	5	47.7253	-3.34080	4021	1	'Locmiquélic'	
2986807	5	48.0017	-2.09920	3986	1	'Plélan-le-Grand'	
3009239	5	47.765	-2.13190	3979	1	'La Gacilly'	
3014294	5	47.9206	-1.86170	3944	1	'Guignen'	
2982977	5	48.2158	-1.89190	3942	1	'Romillé'	
6447654	5	48.6317	-2.46420	3916	1	'Erquy'	
3007858	5	47.7647	-3.12170	3908	1	'Landévant'	
2981565	5	48.2594	-1.39860	3901	1	'Saint-Aubin-du-Cormier'	
2986761	5	48.7731	-3.51780	3881	1	'Pleumeur-Bodou'	
6452400	5	47.6369	-2.16280	3866	1	'Allaire'	
2981591	5	48.2622	-1.60610	3859	1	'Saint-Aubin-d’Aubigné'	
2977855	5	47.7036	-2.65170	3838	1	'Saint-Nolff'	
2997616	5	48.3747	-4.30530	3835	1	'Loperhet'	
3014208	5	47.8247	-1.84280	3830	1	'Guipry'	
3012910	5	48.6019	-2.82530	3826	1	'Binic'	
2984759	5	48.4636	-2.08720	3824	1	'Quévert'	
2984783	5	48.4211	-2.65830	3809	1	'Quessoy'	
6430986	5	47.8403	-4.28470	3800	1	'Plomeur'	
3015522	5	48.1394	-3.60750	3794	1	'Gourin'	
2986102	5	47.8342	-3.40310	3790	1	'Pont-Scorff'	
2986629	5	48.5294	-4.45280	3785	1	'Plouvien'	
2986698	5	48.4333	-4.73250	3784	1	'Plouarzel'	
2987056	5	47.8092	-1.94780	3779	1	'Pipriac'	
2991866	5	47.9192	-2.82110	3764	1	'Moréac'	
3019930	5	47.6422	-3.15670	3749	1	'Erdeven'	
2974745	5	48.1214	-1.46060	3740	1	'Servon-sur-Vilaine'	
3033534	5	47.6758	-3.17000	3735	1	'Belz'	
3024691	5	48.6633	-4.10360	3731	1	'Cléder'	
2993884	5	48.4675	-4.56560	3719	1	'Milizac'	
2986691	5	48.5369	-4.31310	3719	1	'Ploudaniel'	
6616358	5	48.2544	-4.09000	3716	1	'Pont-de-Buis-lès-Quimerch'	
2973702	5	47.6756	-2.57170	3714	1	'Sulniac'	
2972544	5	48.3289	-1.83470	3704	1	'Tinténiac'	
3036247	5	48.0242	-4.54170	3692	1	'Audierne'	
2986803	5	48.1778	-2.59360	3671	0	'Plémet'	
6448054	5	48.1861	-3.81280	3665	1	'Châteauneuf-du-Faou'	
2986747	5	48.2261	-3.96940	3656	1	'Pleyben'	
2986610	5	47.9578	-2.97330	3646	1	'Pluméliau'	
2986693	5	48.7044	-3.44890	3638	1	'Ploubezre'	
3030283	5	48.1453	-1.89860	3620	1	'Breteil'	
2989918	5	48.0667	-2.88190	3619	0	'Noyal-Pontivy'	
2972009	5	48.7694	-3.56810	3618	1	'Trébeurden'	
6616609	5	48.0619	-1.52310	3605	1	'Domloup'	
2986772	5	48.6569	-3.63110	3605	1	'Plestin-les-Grèves'	
3033470	5	47.8767	-4.11280	3584	0	'Bénodet'	
3007885	5	48.5869	-4.57170	3572	1	'Landéda'	
3031027	5	48.4994	-4.50500	3560	1	'Bourg-Blanc'	
2986683	5	48.5278	-2.00330	3539	1	'Plouër-sur-Rance'	
6615132	5	47.8233	-4.22970	3521	1	'Plobannalec'	
3032125	5	48.4294	-4.51360	3516	0	'Bohars'	
2980184	5	47.9369	-4.02030	3516	1	'Saint-Évarzec'	
2995058	5	47.8911	-1.99170	3507	1	'Maure-de-Bretagne'	
3035316	5	47.7036	-2.07140	3491	1	'Bains-sur-Oust'	
2986672	5	48.5208	-3.71310	3477	0	'Plougonven'	
6430997	5	48.6575	-4.17420	3471	1	'Plouescat'	
6431037	5	48.7267	-3.98580	3447	0	'Roscoff'	
2992537	5	48.1567	-1.71610	3440	0	'Montgermont'	
2986762	5	48.1844	-1.91890	3418	1	'Pleumeleuc'	
3009352	5	47.9092	-3.97920	3401	1	'La Forêt-Fouesnant'	
2994692	5	47.9058	-3.83610	3396	1	'Melgven'	
3023545	5	47.9781	-1.58640	3369	1	'Corps-Nuds'	
3022726	5	47.6172	-3.00140	3366	1	'Crach'	
2997331	5	48.4817	-1.12420	3346	1	'Louvigné-du-Désert'	
6616117	5	48.3464	-2.75780	3328	1	'Plœuc-sur-Lié'	
2981237	5	48.6294	-2.25780	3311	1	'Saint-Cast-le-Guildo'	
3020283	5	47.995	-3.89000	3307	1	'Elliant'	
3024682	5	47.8542	-3.38390	3305	1	'Cléguer'	
6449840	5	47.8167	-2.13420	3288	1	'Carentoir'	
2992674	5	47.7425	-2.68190	3287	1	'Monterblanc'	
3031019	5	47.9292	-1.74250	3282	1	'Bourg-des-Comptes'	
3018692	5	47.4822	-2.34360	3269	1	'Férel'	
2986695	5	48.5803	-2.14030	3249	1	'Ploubalay'	
2986804	5	48.5564	-2.94670	3246	1	'Plélo'	
3004444	5	48.3675	-1.21780	3241	1	'Lécousse'	
2994351	5	47.7367	-3.23360	3218	1	'Merlevenez'	
6456822	5	48.5622	-4.33440	3211	1	'Le Folgoët'	
2994201	5	47.8247	-1.80860	3204	1	'Messac'	
2976537	5	47.9675	-3.93470	3202	0	'Saint-Yvi'	
2980350	5	48.0189	-1.65170	3195	1	'Saint-Erblon'	
3011630	5	47.9588	-3.77780	3193	1	'Kernével'	
2994676	5	47.9039	-3.57810	3183	0	'Mellac'	
8290526	5	48.6264	-2.83530	3180	1	'Étables sur Mer'	
3028667	5	48.6678	-3.91360	3173	1	'Carantec'	
2989952	5	48.0406	-1.54580	3173	1	'Nouvoitou'	
2986746	5	48.5047	-3.87530	3161	1	'Pleyber-Christ'	
6430984	5	48.0778	-4.19440	3154	1	'Plogonnec'	
2986681	5	48.7483	-2.98500	3153	1	'Plouézec'	
2995009	5	48.0822	-2.28580	3113	1	'Mauron'	
6429004	5	48.4419	-2.03940	3110	1	'Léhon'	
2986756	5	47.9061	-4.04330	3087	1	'Pleuven'	
2981285	5	48.4106	-1.36690	3068	1	'Saint-Brice-en-Coglès'	
2997514	5	48.7939	-3.41060	3063	1	'Louannec'	
2982711	5	48.2364	-3.31690	3059	0	'Rostrenen'	
2977299	5	48.6519	-2.83110	3059	1	'Saint-Quay-Portrieux'	
3029002	5	47.8478	-3.00080	3048	1	'Camors'	
2974949	5	47.8231	-2.50580	3046	1	'Sérent'	
2986694	5	48.8006	-3.03360	3029	1	'Ploubazlanec'	
2986894	5	48.5231	-2.23420	2996	0	'Plancoët'	
2977497	5	48.4472	-1.91330	2960	1	'Saint-Pierre-de-Plesguen'	
2986620	5	47.9867	-4.42530	2955	1	'Plozévet'	
6616116	5	48.5108	-1.95190	2938	1	'Pleudihen-sur-Rance'	
2986733	5	47.6506	-3.07220	2938	1	'Ploemel'	
6612334	5	48.1925	-2.41440	2921	1	'Merdrignac'	
2973303	5	48.6036	-3.90030	2914	1	'Taulé'	
2984198	5	47.86	-3.46140	2907	1	'Rédené'	
3029925	5	48.3172	-2.26080	2894	1	'Broons'	
2986700	5	48.5367	-2.99890	2886	1	'Plouagat'	
6430993	5	48.4853	-4.24560	2878	1	'Plouédern'	
6449842	5	48.1242	-3.07060	2867	1	'Cléguérec'	
2986628	5	48.5794	-4.03810	2866	1	'Plouvorn'	
3022491	5	47.9372	-1.66170	2858	1	'Crevin'	
2983590	5	47.5978	-2.10750	2855	1	'Rieux'	
2984649	5	48.4036	-2.90940	2851	0	'Quintin'	
6432785	5	47.8944	-1.74860	2828	1	'Pléchâtel'	
2971889	5	48.4331	-2.11750	2824	1	'Trélivan'	
2986286	5	47.8556	-3.74720	2811	1	'Pont-Aven'	
2979370	5	47.845	-2.72220	2808	1	'Saint-Jean-Brévelay'	
3004304	5	48.0331	-3.49140	2790	1	'Le Faouët'	
2981008	5	48.675	-1.91170	2788	1	'Saint-Coulomb'	
3032685	5	47.8792	-2.77440	2782	1	'Bignan'	
3015602	5	47.9111	-4.11500	2778	1	'Gouesnach'	
2986676	5	48.6956	-3.78940	2757	1	'Plougasnou'	
2986796	5	48.5267	-1.84720	2756	1	'Plerguer'	
2988856	5	48.5875	-3.13610	2754	0	'Pabu'	
2980762	5	47.7036	-2.95390	2738	1	'Sainte-Anne-d’Auray'	
2986609	5	47.8617	-2.88810	2733	1	'Plumelin'	
3004513	5	48.3603	-4.77080	2731	1	'Le Conquet'	
2976791	5	48.5211	-3.94670	2715	1	'Saint-Thégonnec'	
2988268	5	47.5819	-2.35610	2708	1	'Péaule'	
2990471	5	47.8194	-3.79250	2673	1	'Névez'	
2986611	5	47.8378	-2.64080	2673	1	'Plumelec'	
6616344	5	47.7953	-4.28390	2670	1	'Guilvinec'	
2979160	5	48.5986	-1.97310	2669	1	'Saint-Jouan-des-Guérets'	
6449854	5	47.8033	-3.44420	2666	1	'Gestel'	
2987046	5	48.0094	-1.43060	2666	1	'Piré-sur-Seiche'	
2985963	5	47.7067	-3.35330	2636	0	'Port-Louis'	
2995398	5	47.8278	-1.31830	2593	1	'Martigné-Ferchaud'	
2971073	5	48.1772	-1.30470	2584	1	'Val-d’Izé'	
3019367	5	48.0603	-1.19360	2569	1	'Étrelles'	
2975046	5	48.3336	-1.53610	2560	1	'Sens-de-Bretagne'	
3009266	5	48.5956	-1.84330	2554	1	'La Fresnais'	
2982795	5	47.3464	-3.15530	2552	0	'Le Palais'	
2980806	5	48.3742	-1.87610	2548	1	'Saint-Domineuc'	
3015422	5	48.5558	-3.18500	2539	1	'Grâces'	
2989920	5	47.5917	-2.45690	2520	1	'Noyal-Muzillac'	
2986685	5	48.6283	-3.99250	2520	1	'Plouénan'	
2988054	5	48.8114	-3.29470	2517	1	'Penvénan'	
6437373	5	47.5447	-2.15440	2515	1	'Saint-Dolay'	
3029068	5	48.2756	-4.59750	2504	1	'Camaret-sur-Mer'	
2973579	5	48.4756	-2.01780	2504	1	'Taden'	
6616126	5	48.8169	-3.51360	2501	1	'Trégastel'	
3012248	5	47.9558	-2.54830	2498	0	'Josselin'	
3014304	5	48.55	-3.96190	2493	1	'Guiclan'	
2973492	5	48.1089	-1.92610	2492	1	'Talensac'	
3005202	5	47.6403	-2.95080	2489	1	'Bono'	
6612976	5	48.2889	-2.15470	2486	1	'Caulnes'	
2986647	5	48.68	-3.52390	2470	1	'Ploumilliau'	
2986709	5	48.0169	-4.21060	2464	1	'Plonéis'	
2996440	5	47.8097	-2.38360	2460	0	'Malestroit'	
3014370	5	48.2008	-2.98470	2444	1	'Guerlédan'	
2986669	5	47.6525	-2.91690	2444	1	'Plougoumelen'	
2983046	5	48.3422	-1.27720	2438	1	'Romagné'	
3015125	5	47.7231	-1.73310	2436	0	'Grand-Fougeray'	
3035309	5	48.0106	-1.29060	2430	1	'Bais'	
6429047	5	48.3642	-2.40060	2425	1	'Plénée-Jugon'	
2971978	5	47.8039	-4.26330	2405	1	'Treffiagat'	
2971929	5	48.785	-3.23250	2401	0	'Tréguier'	
2976117	5	48.7031	-4.02920	2401	1	'Santec'	
2978668	5	48.6344	-2.10890	2396	1	'Saint-Lunaire'	
2992065	5	48.3072	-1.66920	2389	1	'Montreuil-sur-Ille'	
2995329	5	47.5408	-2.32390	2351	1	'Marzan'	
3006929	5	48.6064	-2.03500	2349	1	'La Richardais'	
3029697	5	47.9636	-3.17310	2346	1	'Bubry'	
3007902	5	47.7483	-3.07610	2345	1	'Landaul'	
3024926	5	48.1056	-1.87220	2344	1	'Cintré'	
3021240	5	48.0703	-1.39140	2344	1	'Domagné'	
2981304	5	48.3894	-2.87000	2338	1	'Saint-Brandan'	
2997511	5	48.5656	-3.33890	2331	1	'Louargat'	
2971976	5	47.6814	-2.61310	2321	1	'Treffléan'	
2977616	5	48.5878	-1.92390	2315	1	'Saint-Père-Marc-en-Poulet'	
2971856	5	47.8983	-3.53250	2315	1	'Tréméven'	
2986771	5	48.8417	-3.13970	2313	1	'Pleubian'	
3007636	5	48.6472	-3.71530	2307	0	'Lanmeur'	
3030402	5	48.0608	-2.68720	2297	0	'Bréhan'	
3025379	5	48.2119	-1.62970	2295	1	'Chevaigné'	
3014421	5	47.9381	-2.56470	2282	1	'Guégon'	
2981923	5	48.5592	-3.10470	2281	1	'Saint-Agathon'	
2986640	5	48.6169	-4.21190	2280	1	'Plounévez-Lochrist'	
2974423	5	48.405	-4.07750	2271	1	'Sizun'	
6429084	5	48.7439	-3.07280	2269	1	'Plourivo'	
3012738	5	48.2497	-1.95080	2262	1	'Irodouër'	
2980446	5	47.6939	-2.00080	2257	1	'Sainte-Marie'	
3013514	5	48.3847	-2.68360	2246	1	'Hénon'	
6437308	5	47.7169	-2.76420	2246	1	'Meucon'	
3007645	5	48.1031	-3.97690	2244	1	'Edern'	
2998574	5	48.3275	-4.24220	2239	1	'Hôpital-Camfrout'	
3021328	5	48.3972	-4.26970	2228	1	'Dirinon'	
2986875	5	48.5328	-2.57780	2226	1	'Planguenoual'	
3035263	5	48.1689	-1.19170	2225	1	'Balazé'	
3029126	5	48.4042	-3.42780	2215	1	'Callac'	
2996505	5	47.6778	-2.29470	2200	1	'Malansac'	
6447629	5	48.4731	-3.18830	2196	1	'Bourbriac'	
3010226	5	48.1244	-1.86560	2195	1	'La Chapelle-Thouarault'	
2973297	5	47.9586	-2.43860	2192	1	'Taupont'	
3023511	5	48.4819	-2.17000	2191	1	'Corseul'	
2986710	5	48.1811	-4.23170	2191	1	'Plomodiern'	
2986618	5	48.5308	-2.26810	2190	1	'Pluduno'	
2986657	5	47.5981	-3.11280	2187	1	'Plouharnel'	
3034538	5	47.9853	-1.93170	2179	1	'Baulon'	
3024210	5	47.8192	-2.81030	2176	0	'Colpo'	
3012778	5	47.9764	-3.28280	2176	1	'Inguiniel'	
2985807	5	47.955	-4.36060	2165	1	'Pouldreuzic'	
2986661	5	48.5244	-4.60110	2160	1	'Plouguin'	
2986699	5	48.6119	-3.47250	2158	1	'Plouaret'	
2974424	5	47.7758	-2.07830	2144	1	'Sixt-sur-Aff'	
2981294	5	48.6203	-2.13390	2132	1	'Saint-Briac-sur-Mer'	
6452404	5	47.5481	-2.89140	2131	1	'Arzon'	
3007972	5	48.4483	-4.76190	2128	1	'Lampaul-Plouarzel'	
2997897	5	48.3206	-4.29860	2126	1	'Logonna-Daoulas'	
2971825	5	48.5239	-2.84940	2108	1	'Trémuson'	
6448097	5	48.6444	-4.36720	2106	1	'Kerlouan'	
2986707	5	48.2522	-3.82470	2106	1	'Plonévez-du-Faou'	
3000090	5	48.0431	-2.98970	2102	1	'Le Sourn'	
2976757	5	48.0292	-1.93170	2099	1	'Saint-Thurial'	
2981639	5	48.0117	-1.59060	2094	1	'Saint-Armel'	
3014196	5	48.05	-3.64530	2086	1	'Guiscriff'	
2973197	5	48.2314	-4.35640	2085	1	'Telgruc-sur-Mer'	
6431012	5	48.5147	-4.21250	2084	1	'Plounéventer'	
3030444	5	48.1089	-1.48250	2083	1	'Brécé'	
3012399	5	48.3192	-1.21580	2073	1	'Javené'	
2986418	5	48.4625	-2.62640	2073	1	'Pommeret'	
2977780	5	48.5658	-4.60280	2072	1	'Saint-Pabu'	
3021349	5	48.2189	-4.16560	2069	1	'Dinéault'	
3024572	5	47.8978	-4.06810	2068	1	'Clohars-Fouesnant'	
2986646	5	48.4036	-4.72280	2059	1	'Ploumoguer'	
2977414	5	47.5208	-3.13420	2056	1	'Saint-Pierre-Quiberon'	
2979784	5	48.4058	-1.26330	2053	1	'Saint-Germain-en-Coglès'	
3007973	5	48.4931	-4.04140	2043	1	'Lampaul-Guimiliau'	
2980849	5	48.0947	-1.37170	2043	0	'Saint-Didier'	
3007487	5	48.2858	-4.46220	2033	1	'Lanvéoc'	
2991161	5	48.2003	-2.98610	2031	1	'Mûr-de-Bretagne'	
3013971	5	48.3281	-4.16110	2029	1	'Hanvec'	
3021235	5	47.9961	-1.24170	2021	1	'Domalain'	
6454339	5	47.4828	-2.47440	2014	1	'Pénestin'	
3019423	5	47.6578	-3.20080	2013	1	'Étel'	
6430978	5	48.4378	-4.23530	2010	1	'Pencran'	
3014192	5	48.6336	-4.41140	1999	1	'Guissény'	
2986658	5	48.6306	-2.87170	1990	1	'Plourhan'	
3015635	5	48.2461	-1.46470	1987	1	'Gosné'	
2986725	5	47.9836	-4.27140	1978	1	'Plogastel-Saint-Germain'	
2984147	5	47.9767	-2.74610	1978	1	'Réguiny'	
2986814	5	48.5336	-1.56420	1977	1	'Pleine-Fougères'	
2986652	5	48.5778	-3.18390	1975	1	'Plouisy'	
3033238	5	47.6319	-2.52560	1973	1	'Berric'	
2986830	5	47.7789	-2.69250	1950	1	'Plaudren'	
2969105	5	48.2489	-1.78220	1950	1	'Vignoc'	
2992074	5	48.2469	-1.72670	1943	1	'Montreuil-le-Gast'	
3033851	5	47.9708	-2.17110	1931	1	'Beignon'	
6455892	5	48.6053	-1.89420	1919	1	'La Gouesnière'	
2986766	5	48.3964	-1.90360	1914	1	'Pleugueneuc'	
3009390	5	48.4275	-4.31500	1913	1	'La Forest-Landerneau'	
2997332	5	48.0486	-1.33060	1908	1	'Louvigné-de-Bais'	
2986806	5	48.4342	-2.22000	1905	1	'Plélan-le-Petit'	
3023777	5	48.0611	-3.82970	1893	1	'Coray'	
6429075	5	48.2814	-2.70440	1886	1	'Plouguenast'	
3037899	5	47.5539	-2.55640	1881	1	'Ambon'	
3028954	5	47.9578	-2.29470	1881	1	'Campénéac'	
2994743	5	48.4122	-1.81330	1881	1	'Meillac'	
2976759	5	48.4789	-4.33580	1875	1	'Saint-Thonan'	
2976756	5	48.0172	-2.95030	1865	1	'Saint-Thuriau'	
3019940	5	48.2556	-1.51780	1863	1	'Ercé-près-Liffré'	
3004321	5	48.5339	-4.37220	1855	1	'Le Drennec'	
2988215	5	47.7133	-2.21920	1853	1	'Peillac'	
2980231	5	48.4036	-1.32500	1853	0	'Saint-Étienne-en-Coglès'	
2986654	5	48.6081	-4.29780	1852	1	'Plouider'	
3007818	5	48.0894	-4.06060	1846	1	'Landrévarzec'	
2988229	5	48.5969	-3.27000	1846	1	'Pédernec'	
2976969	5	47.9058	-1.78780	1842	1	'Saint-Senoux'	
2996427	5	48.0806	-3.05140	1842	1	'Malguénac'	
3034413	5	48.4261	-1.57420	1832	1	'Bazouges-la-Pérouse'	
2994773	5	48.2672	-2.06720	1826	1	'Médréac'	
3232380	5	47.7569	-2.76610	1822	1	'Locqueltas'	
6489587	5	48.4092	-2.32220	1806	1	'Jugon-les-Lacs'	
3014403	5	48.0417	-4.20530	1805	1	'Guengat'	
2991030	5	47.9894	-2.83190	1803	1	'Naizin'	
2986770	5	47.7589	-2.37580	1803	1	'Pleucadeuc'	
3021747	5	48.3608	-4.25970	1802	1	'Daoulas'	
3006780	5	48.4722	-4.20330	1797	1	'La Roche-Maurice'	
3014402	5	47.9069	-2.98060	1795	1	'Guénin'	
2986046	5	48.5086	-4.76560	1795	1	'Porspoder'	
2986410	5	48.6192	-3.08830	1783	1	'Pommerit-le-Vicomte'	
2973858	5	48.1925	-3.71670	1783	1	'Spézet'	
3007481	5	48.63	-2.98500	1782	1	'Lanvollon'	
2994011	5	48.2956	-1.43280	1778	1	'Mézières-sur-Couesnon'	
3021861	5	47.5197	-2.57780	1771	1	'Damgan'	
2991343	5	47.8556	-2.83530	1768	1	'Moustoir-Ac'	
3024456	5	48.4919	-2.60060	1768	1	'Coëtmieux'	
2988445	5	48.1919	-1.82810	1766	1	'Parthenay-de-Bretagne'	
2986706	5	48.1256	-4.22190	1762	1	'Plonévez-Porzay'	
6431003	5	48.6669	-4.04440	1761	1	'Plougoulm'	
2986624	5	48.595	-4.11250	1761	1	'Plouzévédé'	
6429109	5	48.7294	-3.38390	1757	1	'Rospez'	
2988794	5	48.0181	-2.17110	1755	1	'Paimpont'	
3007570	5	48.0019	-2.58190	1754	1	'Lanouée'	
2986662	5	48.7972	-3.24080	1747	1	'Plouguiel'	
2986786	5	48.2758	-2.61940	1742	1	'Plessala'	
2979405	5	47.6853	-2.21530	1740	1	'Saint-Jacut-les-Pins'	
3007687	5	48.1056	-3.49330	1739	1	'Langonnet'	
3015614	5	48.6031	-3.01720	1737	1	'Goudelin'	
6455410	5	48.2942	-4.17750	1735	0	'Le Faou'	
3037969	5	48.0064	-1.47610	1733	1	'Amanlis'	
3019271	5	48.3825	-1.98080	1731	1	'Évran'	
3006349	5	47.9789	-1.87000	1729	1	'Lassy'	
2999203	5	47.9194	-1.42970	1717	1	'Le Theil-de-Bretagne'	
3026237	5	48.5611	-1.92970	1715	1	'Châteauneuf-d’Ille-et-Vilaine'	
2984794	5	47.9597	-3.53690	1713	1	'Querrien'	
2986697	5	48.3011	-2.00720	1712	1	'Plouasne'	
2998061	5	48.2189	-1.34330	1709	1	'Livré-sur-Changeon'	
2997966	5	47.7575	-2.78750	1707	1	'Locmaria-Grand-Champ'	
6454041	5	48.0989	-1.12440	1706	1	'Erbrée'	
6614095	5	48.525	-1.77390	1705	0	'Baguer-Morvan'	
3035389	5	48.5525	-1.69920	1698	1	'Baguer-Pican'	
3014212	5	48.2983	-1.72140	1696	1	'Guipel'	
6428999	5	48.5989	-2.89810	1690	1	'Lantic'	
3032033	5	48.1669	-2.06390	1686	1	'Boisgervilly'	
3026070	5	48.225	-1.17860	1682	1	'Châtillon-en-Vendelais'	
6453811	5	48.2133	-2.79560	1680	1	'Trévé'	
6429076	5	48.2403	-3.25610	1676	0	'Plouguernével'	
3030403	5	48.4028	-2.57420	1671	1	'Bréhand'	
2995175	5	48.5958	-2.29170	1671	1	'Matignon'	
3036610	5	47.5167	-2.37610	1666	1	'Arzal'	
2991577	5	48.2317	-1.60970	1661	1	'Mouazé'	
6432848	5	48.3644	-1.40940	1661	1	'Saint-Marc-le-Blanc'	
6456223	5	47.6047	-2.59470	1655	1	'La Trinité-Surzur'	
3022611	5	48.5456	-2.21310	1635	1	'Créhen'	
3021348	5	48.3575	-1.71610	1633	1	'Dingé'	
2983106	5	48.0686	-2.75280	1633	1	'Rohan'	
6429151	5	48.3131	-3.16440	1632	1	'Saint-Nicolas-du-Pélem'	
3032160	5	48.5306	-4.11690	1628	1	'Bodilis'	
2997300	5	47.99	-2.38330	1622	1	'Loyat'	
6429034	5	48.4453	-2.85360	1618	1	'Plaine-Haute'	
3016847	5	48.1322	-2.22140	1618	1	'Gaël'	
2977085	5	48.4914	-2.03080	1614	1	'Saint-Samson-sur-Rance'	
3006137	5	47.5853	-3.02970	1612	1	'La Trinité-sur-Mer'	
2986774	5	48.4239	-2.44690	1610	1	'Plestan'	
3029257	5	47.6308	-2.28810	1609	1	'Caden'	
2986650	5	48.7181	-3.50440	1607	1	'Ploulec’h'	
6455839	5	47.8944	-3.64140	1601	1	'Le Trévoux'	
2986679	5	48.64	-3.82220	1600	1	'Plouezoc’h'	
2993562	5	47.7303	-2.43500	1590	1	'Molac'	
2986815	5	48.6281	-2.36610	1584	1	'Fréhel'	
2986802	5	48.3364	-2.68330	1581	1	'Plémy'	
2984853	5	48.3447	-1.82670	1574	1	'Québriac'	
2986267	5	48.0419	-4.48920	1570	1	'Pont-Croix'	
12179296	5	48.2372	-1.56500	1567	1	'Chasné-sur-Illet'	
2997964	5	47.5692	-2.94530	1560	1	'Locmariaquer'	
2986210	5	47.7497	-3.18780	1560	1	'Nostang'	
3031743	5	48.4669	-1.76580	1553	1	'Bonnemain'	
2994608	5	48.1394	-2.46080	1553	1	'Ménéac'	
3028118	5	48.6719	-3.34470	1548	1	'Cavan'	
3028425	5	48.1572	-4.13890	1545	1	'Cast'	
3019638	5	48.025	-4.56280	1541	1	'Esquibien'	
6449847	5	48.0347	-2.76690	1540	1	'Crédin'	
6613974	5	48.4539	-4.33530	1540	1	'Saint-Divy'	
3033303	5	47.995	-3.39250	1537	1	'Berné'	
3036215	5	47.9197	-2.27810	1535	1	'Augan'	
3007919	5	48.6078	-2.15000	1534	1	'Lancieux'	
2986600	5	48.6258	-2.40420	1532	1	'Plurien'	
6437343	5	47.6961	-2.36500	1530	1	'Pluherlin'	
2976581	5	47.6997	-2.14640	1528	1	'Saint-Vincent-sur-Oust'	
2994653	5	47.9803	-3.11170	1523	1	'Melrand'	
2977019	5	48.3425	-1.31360	1521	1	'Saint-Sauveur-des-Landes'	
2979681	5	47.5	-2.83810	1517	1	'Saint-Gildas-de-Rhuys'	
2985788	5	48.0808	-4.41330	1516	1	'Poullan-sur-Mer'	
2997947	5	48.6908	-3.64830	1510	1	'Locquirec'	
2981243	5	48.3983	-2.73140	1508	1	'Saint-Carreuc'	
3019941	5	47.8303	-1.55920	1501	1	'Ercé-en-Lamée'	
3016828	5	48.2969	-1.51920	1497	1	'Gahard'	
2979595	5	48.4711	-1.95890	1497	1	'Saint-Hélen'	
3010384	5	47.9292	-1.94080	1495	1	'La Chapelle-Bouëxic'	
2979926	5	48.5083	-1.24330	1494	1	'Saint-Georges-de-Reintembault'	
2971876	5	48.4222	-1.47580	1493	1	'Tremblay'	
2977593	5	47.5867	-3.00000	1492	1	'Saint-Philibert'	
2985787	5	48.34	-3.64250	1490	1	'Poullaouen'	
3005425	5	47.6897	-2.54280	1488	1	'La Vraie-Croix'	
2979230	5	47.6364	-2.12580	1485	1	'Saint-Jean-la-Poterie'	
2996832	5	48.2833	-3.42440	1484	1	'Maël-Carhaix'	
3007803	5	48.5325	-4.72690	1481	1	'Landunvez'	
2998663	5	48.7853	-3.10720	1478	1	'Lézardrieux'	
2980483	5	48.4722	-4.37360	1474	1	'Kersaint-Plabennec'	
3007490	5	48.4739	-4.63860	1469	1	'Lanrivoaré'	
3024459	5	47.8831	-1.44080	1466	1	'Coësmes'	
3003332	5	48.5767	-2.01250	1466	1	'Le Minihic-sur-Rance'	
2994952	5	47.9828	-2.03360	1464	1	'Maxent'	
2986639	5	48.5564	-3.44470	1461	1	'Plounévez-Moëdec'	
3010316	5	48.3475	-1.10190	1459	1	'La Chapelle-Janson'	
2986819	5	48.4492	-2.38780	1457	1	'Plédéliac'	
2980805	5	48.4697	-2.88530	1456	1	'Saint-Donan'	
3007806	5	48.0006	-4.33640	1454	1	'Landudec'	
3030565	5	47.7936	-3.19470	1446	1	'Brandérion'	
3012732	5	48.3711	-4.21310	1442	1	'Irvillac'	
2998890	5	48.0694	-1.93310	1439	1	'Le Verger'	
3011624	5	48.5711	-4.42000	1437	1	'Kernilis'	
6429194	5	48.815	-3.35860	1435	0	'Trévou-Tréguignec'	
3010425	5	47.8653	-2.42310	1428	1	'La Chapelle'	
6437356	5	47.905	-3.13420	1423	1	'Quistinic'	
3020004	5	48.51	-1.69610	1422	1	'Epiniac'	
6612645	5	47.9944	-3.43140	1421	1	'Meslan'	
3004224	5	48.4286	-2.91500	1420	1	'Le Fœil'	
3007883	5	48.4283	-2.54080	1419	1	'Landéhen'	
6431004	5	48.5533	-4.08470	1413	1	'Plougourvest'	
3013026	5	48.3644	-3.74470	1409	1	'Huelgoat'	
3033885	5	47.5964	-2.24000	1401	1	'Béganne'	
2990606	5	48.1278	-2.98220	1395	1	'Neulliac'	
2982207	5	47.8181	-2.28220	1393	1	'Ruffiac'	
3013263	5	48.6056	-1.80170	1390	1	'Hirel'	
3009639	5	47.7625	-1.68830	1386	1	'La Dominelais'	
6455901	5	48.0347	-1.03720	1385	1	'Le Pertre'	
2976846	5	48.2181	-1.57940	1378	1	'Saint-Sulpice-la-Forêt'	
3036609	5	47.9011	-3.44030	1377	1	'Arzano'	
3015800	5	48.2228	-3.39640	1370	1	'Glomel'	
2979600	5	47.7808	-2.51360	1367	1	'Saint-Guyomard'	
3034374	5	48.3381	-1.15690	1366	1	'Beaucé'	
3014274	5	47.9106	-2.46610	1350	1	'Guillac'	
2982298	5	48.5433	-1.81580	1349	1	'Roz-Landrieux'	
2978037	5	48.1786	-1.11610	1347	1	'Saint-M’Hervé'	
2971860	5	47.9053	-4.21190	1341	1	'Tréméoc'	
3007552	5	48.5161	-3.03080	1339	1	'Lanrodec'	
2988518	5	48.4281	-1.19170	1338	1	'Parigné'	
3013536	5	48.5606	-2.37690	1329	1	'Hénanbihen'	
2992669	5	48.0658	-1.97860	1329	1	'Monterfil'	
2998298	5	47.6367	-2.35390	1324	1	'Limerzel'	
6429041	5	48.6944	-3.00830	1321	1	'Pléhédel'	
2986817	5	48.6347	-2.94000	1320	1	'Pléguien'	
3014369	5	48.5175	-3.58860	1314	1	'Guerlesquin'	
2986614	5	48.3578	-2.12470	1311	1	'Plumaudan'	
3014365	5	48.0306	-3.09170	1310	1	'Guern'	
3013504	5	48.6322	-3.92780	1309	1	'Henvic'	
3007652	5	48.5797	-4.21080	1309	1	'Lanhouarneau'	
3014255	5	48.0425	-2.40560	1308	1	'Guilliers'	
2978070	5	48.2728	-1.65970	1306	1	'Saint-Médard-sur-Ille'	
2977814	5	48.3283	-1.42580	1305	1	'Saint-Ouen-des-Alleux'	
2986589	5	48.1158	-1.24970	1303	1	'Pocé-les-Bois'	
6453813	5	48.6069	-3.44810	1300	1	'Le Vieux-Marché'	
2979188	5	48.1169	-1.36080	1300	1	'Saint-Jean-sur-Vilaine'	
3030562	5	47.7739	-2.94530	1299	1	'Brandivy'	
3008192	5	48.4986	-2.83830	1299	1	'La Méaugon'	
2977300	5	48.7925	-3.44780	1296	1	'Saint-Quay-Perros'	
2971986	5	47.7925	-2.59330	1293	1	'Trédion'	
2978211	5	47.7461	-2.25420	1292	1	'Saint-Martin-sur-Oust'	
3037418	5	48.4606	-1.48470	1289	1	'Antrain'	
2986767	5	47.9894	-2.68580	1289	1	'Pleugriffet'	
3004067	5	48.3272	-2.48860	1288	1	'Le Gouray'	
2997146	5	48.2833	-1.11860	1287	1	'Luitré'	
3010382	5	48.2717	-1.85470	1283	1	'La Chapelle-Chaussée'	
2971979	5	48.04	-2.00560	1279	1	'Treffendel'	
2986645	5	48.4392	-3.89110	1263	1	'Plounéour-Ménez'	
2993796	5	48.7753	-3.22810	1260	1	'Minihy-Tréguier'	
2989122	5	48.0558	-1.44940	1259	1	'Ossé'	
2981473	5	48.1375	-2.70280	1247	1	'Saint-Barnabé'	
2971796	5	47.8825	-1.54580	1246	1	'Tresbœuf'	
2971893	5	48.8083	-3.37170	1244	1	'Trélévern'	
2969063	5	48.4378	-2.15860	1244	1	'Vildé-Guingalan'	
2986634	5	48.5094	-4.68690	1241	1	'Plourin'	
2986726	5	48.7164	-3.20280	1240	1	'Ploëzal'	
2986724	5	48.0367	-4.66580	1229	1	'Plogoff'	
3029155	5	47.8758	-3.32190	1227	1	'Calan'	
2969171	5	48.3417	-1.48940	1226	1	'Vieux-Vy-sur-Couesnon'	
3005522	5	48.5478	-1.95330	1222	1	'La Ville-ès-Nonais'	
2999137	5	47.5256	-2.64560	1220	1	'Le Tour-du-Parc'	
2986731	5	48.0878	-3.28830	1213	1	'Ploërdut'	
2979602	5	48.5756	-1.88360	1209	1	'Saint-Guinoux'	
2986411	5	48.7319	-3.24220	1208	1	'Pommerit-Jaudy'	
2985810	5	48.0433	-4.32750	1208	1	'Pouldergat'	
2972457	5	48.0617	-1.26580	1205	1	'Torcé'	
2986760	5	48.8022	-3.15720	1202	1	'Pleumeur-Gautier'	
6431013	5	48.2989	-3.58970	1201	1	'Plounévézel'	
2974629	5	48.665	-4.06390	1200	1	'Sibiril'	
3010854	5	48.5128	-1.66060	1199	1	'La Boussac'	
2986470	5	47.8875	-1.68640	1199	1	'Poligné'	
3034493	5	47.8575	-3.60470	1198	1	'Baye'	
2979195	5	48.2906	-1.36720	1197	1	'Saint-Jean-sur-Couesnon'	
3007889	5	48.4131	-1.15250	1194	1	'Landéan'	
2984852	5	48.2494	-2.14250	1190	1	'Quédillac'	
2972462	5	48.6692	-3.39530	1188	1	'Tonquédec'	
3029734	5	48.3908	-2.12720	1186	1	'Brusvily'	
3013535	5	48.5417	-2.43470	1185	1	'Hénansal'	
2986644	5	48.6506	-4.31810	1181	1	'Plounéour-Trez'	
2988656	5	47.8814	-1.65830	1180	1	'Pancé'	
3020926	5	48.1931	-1.37000	1177	1	'Dourdain'	
2999071	5	48.4861	-1.83640	1167	1	'Le Tronchet'	
3008683	5	48.3708	-1.15030	1166	1	'Laignelet'	
2979640	5	48.8403	-3.22860	1166	1	'Plougrescant'	
2981466	5	47.9258	-3.04530	1162	1	'Saint-Barthélemy'	
6437289	5	47.6147	-2.54470	1156	1	'Lauzach'	
2997942	5	47.9361	-3.47830	1156	1	'Locunolé'	
3030863	5	48.4872	-2.25970	1155	1	'Bourseul'	
3007489	5	47.9983	-3.54170	1154	1	'Lanvénégen'	
2993691	5	47.8358	-2.35080	1152	1	'Missiriac'	
3024692	5	48.2353	-3.66860	1151	1	'Cléden-Poher'	
2986630	5	48.5069	-2.91530	1150	1	'Plouvara'	
2971839	5	48.1992	-2.28890	1148	1	'Trémorel'	
3028554	5	47.8642	-2.31920	1147	1	'Caro'	
2967183	5	48.3483	-2.17580	1147	1	'Yvignac-la-Tour'	
3007668	5	48.5106	-2.12720	1146	1	'Languenan'	
3007696	5	48.7506	-3.28080	1144	1	'Langoat'	
6616118	5	48.6739	-3.19190	1137	1	'Plouëc-du-Trieux'	
2981267	5	48.5867	-1.65670	1136	1	'Saint-Broladre'	
3037743	5	48.49	-2.56780	1134	1	'Andel'	
2977839	5	48.1769	-2.17280	1129	1	'Saint-Onen-la-Chapelle'	
2979879	5	48.1083	-2.88810	1126	1	'Saint-Gérand'	
2985579	5	48.6769	-3.29750	1118	1	'Prat'	
2981247	5	48.1908	-2.84920	1117	1	'Saint-Caradec'	
6431031	5	48.1161	-4.12000	1116	1	'Quéménéven'	
3032178	5	48.4133	-2.10310	1112	1	'Bobital'	
3006796	5	48.7464	-3.26000	1111	1	'La Roche-Derrien'	
2977610	5	47.6692	-2.10810	1110	1	'Saint-Perreux'	
2976982	5	48.2411	-4.06720	1110	1	'Saint-Ségal'	
6616616	5	47.8958	-1.61060	1107	1	'Le Sel-de-Bretagne'	
3024506	5	48.5075	-4.54390	1107	1	'Coat-Méal'	
2992176	5	48.4428	-1.30890	1105	1	'Montours'	
2979638	5	48.1239	-2.81970	1104	1	'Saint-Gonnery'	
2990841	5	48.0136	-2.32920	1098	1	'Néant-sur-Yvel'	
3025428	5	48.605	-1.71080	1097	1	'Cherrueix'	
3015596	5	48.1697	-3.97280	1097	1	'Gouézec'	
3007739	5	48.3531	-2.91420	1097	1	'Lanfains'	
2974691	5	48.3331	-2.33890	1097	1	'Sévignac'	
2986635	5	48.1458	-3.38810	1091	1	'Plouray'	
2984432	5	47.9242	-1.24060	1086	1	'Rannée'	
2986638	5	48.29	-3.23170	1081	1	'Plounévez-Quintin'	
2978634	5	47.8772	-1.78860	1079	1	'Saint-Malo-de-Phily'	
2986613	5	48.255	-2.23890	1078	1	'Plumaugat'	
6432698	5	47.9575	-1.42440	1077	1	'Essé'	
2992756	5	48.5697	-1.76580	1076	1	'Mont-Dol'	
2984830	5	48.7014	-3.10560	1075	1	'Quemper-Guézennec'	
3011180	5	48.4431	-1.10500	1074	1	'La Bazouge-du-Désert'	
3005593	5	48.4886	-1.98220	1072	1	'La Vicomté-sur-Rance'	
3031609	5	48.4831	-2.96110	1070	1	'Boqueho'	
6429049	5	48.5147	-2.88500	1068	1	'Plerneuf'	
2973224	5	47.8072	-1.53860	1067	1	'Teillay'	
2971988	5	48.7869	-3.20030	1067	1	'Trédarzec'	
2986687	5	48.6211	-3.67530	1064	1	'Plouégat-Guérand'	
2984588	5	47.9628	-2.71250	1061	1	'Radenac'	
6614173	5	48.0683	-3.20330	1057	0	'Guémené-sur-Scorff'	
3032642	5	48.2878	-1.24640	1055	1	'Billé'	
2971949	5	48.5569	-3.27470	1055	1	'Tréglamus'	
3011675	5	48.7717	-3.37080	1053	1	'Kermaria-Sulard'	
3011543	5	48.6011	-3.75720	1051	1	'Garlan'	
3006632	5	47.7117	-2.51640	1050	1	'Larré'	
3014214	5	48.6022	-1.77420	1046	1	'Le Vivier-sur-Mer'	
2971264	5	48.2794	-2.84140	1046	1	'Uzel'	
2995549	5	48.1431	-1.33970	1041	1	'Marpiré'	
2977611	5	48.2878	-1.98670	1040	1	'Saint-Pern'	
6431057	5	47.9592	-3.62360	1037	1	'Saint-Thurien'	
3001546	5	48.4167	-1.97060	1032	1	'Les Champs-Géraux'	
2979542	5	48.3514	-1.35810	1032	1	'Saint-Hilaire-des-Landes'	
2980331	5	48.5581	-3.87470	1030	1	'Sainte-Sève'	
6452189	5	48.5447	-3.39440	1029	1	'Belle-Isle-en-Terre'	
2984026	5	47.7197	-1.97640	1028	1	'Renac'	
2980756	5	47.7306	-1.82560	1028	1	'Sainte-Anne-sur-Vilaine'	
3030522	5	48.3006	-3.95560	1026	1	'Brasparts'	
3029006	5	47.4819	-2.39500	1024	1	'Camoël'	
2981245	5	48.4158	-2.06560	1024	1	'Saint-Carné'	
2994341	5	47.8978	-1.96720	1023	1	'Mernel'	
2991796	5	48.5217	-2.60890	1022	1	'Morieux'	
2986605	5	48.1031	-2.58420	1019	1	'Plumieux'	
3024101	5	48.4139	-3.95470	1017	1	'Commana'	
2986121	5	48.6983	-3.15940	1017	1	'Pontrieux'	
3007588	5	47.8025	-1.74140	1012	1	'La Noë-Blanche'	
6431067	5	48.0244	-3.82580	1012	1	'Tourch'	
2992070	5	48.1508	-1.23670	1011	1	'Montreuil-sous-Pérouse'	
6432724	5	48.2444	-1.85360	1010	1	'Langan'	
3014236	5	48.4878	-3.99890	1007	1	'Guimiliau'	
6509361	5	47.315	-3.18860	1004	1	'Bangor'	
3026160	5	48.5422	-2.97110	1002	1	'Châtelaudren'	
;

# INFRA somente hospitais universitarios e grandes
# # CODIGO	REGIAO (code)	LAT	LONG	POPULACAO 2030	INFR	MUNICIPIO	
#  param: I :	RE	lat	lng	POP	INFR	Mun 	:=
# 6498011	5	48.1147	-1.67940	727357	0	'Rennes'	
# 3030300	5	48.39	-4.49000	300300	0	'Brest'	
# 2973813	5	47.9967	-4.09640	62985	0	'Quimper'	
# 6464789	5	47.75	-3.36000	57149	0	'Lorient'	
# 2970777	5	47.6559	-2.76030	53352	0	'Vannes'	
# 2978640	5	48.6481	-2.00750	46097	1	'Saint-Malo'	
# 8286872	5	48.5136	-2.76530	44372	0	'Saint-Brieuc'	
# 3007794	5	47.7647	-3.34220	22728	1	'Lanester'	
# 3017609	5	48.3525	-1.19860	20418	0	'Fougères'	
# 3007609	5	48.7325	-3.45530	20040	0	'Lannion'	
# 3024035	5	47.8753	-3.91890	19502	1	'Concarneau'	
# 3029713	5	48.0247	-1.74580	18516	1	'Bruz'	
# 2967879	5	48.1233	-1.20940	18267	1	'Vitré'	
# 2986732	5	47.7358	-3.43110	17790	1	'Ploemeur'	
# 3027767	5	48.1208	-1.60360	17312	1	'Cesson-Sévigné'	
# 3007874	5	48.4508	-4.24940	15914	1	'Landerneau'	
# 6449866	5	47.8042	-3.27890	15858	1	'Hennebont'	
# 6454341	5	48.0686	-2.96280	14889	0	'Pontivy'	
# 3014213	5	48.4336	-4.40080	14842	1	'Guipavas'	
# 2991772	5	48.5775	-3.82780	14729	0	'Morlaix'	
# 3021356	5	48.4556	-2.05030	14281	0	'Dinan'	
# 6453802	5	48.5344	-2.77080	14158	1	'Plérin'	
# 2983743	5	48.0922	-4.33030	14015	1	'Douarnenez'	
# 2986215	5	47.6678	-2.98250	13945	1	'Auray'	
# 6432839	5	48.0903	-1.69560	13533	1	'Saint-Jacques-de-la-Lande'	
# 2986674	5	48.3725	-4.37060	13330	1	'Plougastel-Daoulas'	
# 8291241	5	48.38	-4.60060	12979	1	'Plouzané'	
# 3008225	5	48.4686	-2.51780	12579	1	'Lamballe'	
# 2984699	5	47.8728	-3.54970	12188	1	'Quimperlé'	
# 6448519	5	48.1825	-1.64390	11968	1	'Betton'	
# 2988853	5	48.1478	-1.77390	11825	1	'Pacé'	
# 6437369	5	47.6867	-2.73440	11787	0	'Saint-Avé'	
# 3014303	5	47.7906	-3.48860	11659	1	'Guidel'	
# 3002373	5	48.4086	-4.39690	11625	1	'Le Relecq-Kerhuon'	
# 2986678	5	48.4894	-2.79580	11489	1	'Ploufragan'	
# 3026842	5	48.0886	-1.61640	10458	1	'Chantepie'	
# 3021351	5	48.6325	-2.06170	10148	1	'Dinard'	
# 3026275	5	48.0481	-1.50310	10125	1	'Châteaugiron'	
# 2986729	5	47.9317	-2.39750	9787	1	'Ploërmel'	
# 2979619	5	48.1511	-1.68610	9765	0	'Saint-Grégoire'	
# 3017624	5	47.8933	-4.01220	9668	1	'Fouesnant'	
# 6453799	5	48.1778	-2.75330	9600	1	'Loudéac'	
# 6614831	5	47.6514	-2.08470	9151	1	'Redon'	
# 3007842	5	48.5092	-4.06830	9142	1	'Landivisiau'	
# 2975113	5	47.6197	-2.73720	8946	1	'Séné'	
# 3002351	5	48.1019	-1.79560	8914	1	'Le Rheu'	
# 2984760	5	47.7886	-3.41530	8725	1	'Quéven'	
# 3014305	5	47.9675	-1.79500	8646	1	'Guichen'	
# 2972715	5	48.1597	-1.57970	8519	1	'Thorigné-Fouillard'	
# 2975916	5	47.5272	-2.76970	8487	1	'Sarzeau'	
# 2986991	5	48.5019	-4.42610	8465	1	'Plabennec'	
# 2971931	5	48.4906	-2.73810	8447	1	'Trégueux'	
# 3012495	5	47.9606	-1.49920	8329	1	'Janzé'	
# 3006876	5	47.7064	-3.38420	8327	1	'Larmor-Plage'	
# 3019920	5	47.9961	-4.02250	8313	1	'Ergué-Gabéric'	
# 2986158	5	47.8672	-4.22310	8310	1	'Pont-l’Abbé'	
# 2977189	5	48.4339	-4.62140	8122	1	'Saint-Renan'	
# 2969741	5	48.0447	-1.60030	8049	1	'Vern-sur-Seiche'	
# 6448545	5	48.0394	-1.70390	8023	1	'Chartres-de-Bretagne'	
# 3007663	5	47.8333	-3.15780	8010	1	'Languidic'	
# 3014280	5	48.4256	-4.55810	7987	1	'Guilers'	
# 3007666	5	48.495	-2.71750	7776	1	'Langueux'	
# 2998423	5	48.2136	-1.50810	7768	1	'Liffré'	
# 2984781	5	47.6614	-2.45310	7723	1	'Questembert'	
# 2986593	5	47.7758	-3.01030	7635	1	'Pluvigner'	
# 2982745	5	47.9606	-3.83470	7633	1	'Rosporden'	
# 3022242	5	48.2453	-4.48890	7415	1	'Crozon'	
# 2991868	5	48.0747	-1.84580	7356	1	'Mordelles'	
# 3035327	5	47.8422	-1.68190	7331	1	'Bain-de-Bretagne'	
# 2994245	5	48.5719	-4.32220	7306	1	'Lesneven'	
# 3026306	5	48.1111	-1.40330	7240	1	'Châteaubourg'	
# 2986066	5	48.5703	-2.81710	7228	1	'Pordic'	
# 2988796	5	48.7778	-3.04640	7178	1	'Paimpol'	
# 3028603	5	48.2758	-3.57440	7164	1	'Carhaix-Plouguer'	
# 2987863	5	48.8133	-3.44330	7065	1	'Perros-Guirec'	
# 2971926	5	47.8558	-3.85190	7039	1	'Trégunc'	
# 3014221	5	48.5625	-3.15110	7022	0	'Guingamp'	
# 6437403	5	47.6292	-2.65580	6946	1	'Theix'	
# 2986757	5	48.5797	-2.05830	6910	1	'Pleurtuit'	
# 3028217	5	47.8089	-3.34250	6891	1	'Caudan'	
# 3025304	5	48.1342	-1.53670	6814	1	'Acigné'	
# 2994697	5	48.2172	-1.69610	6803	1	'Melesse'	
# 2993647	5	47.8142	-3.62810	6765	1	'Moëlan-sur-Mer'	
# 2986818	5	48.4458	-2.74610	6753	1	'Plédran'	
# 2992581	5	48.1381	-1.95580	6691	1	'Montfort-sur-Meu'	
# 3030440	5	47.7206	-2.99560	6631	1	'Brech'	
# 6431005	5	48.6058	-4.50420	6623	1	'Plouguerneau'	
# 3011506	5	47.7633	-3.23890	6622	1	'Kervignac'	
# 2977390	5	48.6853	-3.98640	6603	1	'Saint-Pol-de-Léon'	
# 2986730	5	47.6561	-2.86670	6601	1	'Ploeren'	
# 2986692	5	48.5403	-4.65750	6292	1	'Ploudalmézeau'	
# 3030456	5	48.0478	-1.86670	6262	1	'Bréal-sous-Montfort'	
# 3034582	5	47.8756	-3.01890	6247	1	'Baud'	
# 3020271	5	47.7314	-2.59060	6173	1	'Elven'	
# 6448074	5	48.4536	-4.46440	6166	1	'Gouesnou'	
# 2986708	5	47.9031	-4.28390	6147	1	'Plonéour-Lanvern'	
# 3014393	5	47.9039	-2.12060	6141	1	'Guer'	
# 3009301	5	48.1117	-1.52440	6070	1	'Noyal-sur-Vilaine'	
# 2986793	5	47.6989	-2.80610	5999	1	'Plescop'	
# 2969465	5	48.1186	-1.75610	5987	1	'Vezin-le-Coquet'	
# 2992998	5	48.1992	-2.04810	5946	1	'Montauban-de-Bretagne'	
# 3024137	5	48.4086	-1.75170	5945	1	'Combourg'	
# 2986601	5	47.6756	-2.95750	5796	1	'Pluneret'	
# 2986696	5	47.9147	-3.33530	5726	1	'Plouay'	
# 2983730	5	47.7108	-3.31060	5722	1	'Riantec'	
# 3021264	5	48.5497	-1.75080	5714	1	'Dol-de-Bretagne'	
# 2984671	5	47.9325	-3.69690	5663	1	'Bannalec'	
# 3007610	5	48.5697	-4.51940	5651	1	'Lannilis'	
# 3030102	5	48.1017	-4.00170	5633	1	'Briec'	
# 6455182	5	47.7586	-2.84440	5459	1	'Grand-Champ'	
# 3016152	5	48.2194	-1.78940	5411	1	'Gévezé'	
# 2986649	5	48.5453	-3.13250	5397	1	'Ploumagoar'	
# 3036791	5	47.6256	-2.82330	5377	1	'Arradon'	
# 2986656	5	47.6975	-3.25110	5367	1	'Plouhinec'	
# 2972379	5	48.0272	-3.70220	5345	1	'Scaër'	
# 3026262	5	48.1967	-4.09000	5189	1	'Châteaulin'	
# 3028868	5	48.6767	-1.85190	5147	1	'Cancale'	
# 2988088	5	47.8122	-4.33780	5142	1	'Penmarch'	
# 2997965	5	48.3747	-4.64360	5089	1	'Locmaria-Plouzané'	
# 2986653	5	48.5675	-3.70140	5084	1	'Plouigneau'	
# 3008665	5	47.9778	-1.71830	5069	1	'Laillé'	
# 2991077	5	47.5531	-2.48170	5041	1	'Muzillac'	
# 2967234	5	48.485	-2.67750	5000	1	'Yffiniac'	
# 2989382	5	47.9989	-1.66830	4993	1	'Orgères'	
# 3008140	5	48.2183	-1.75560	4932	1	'La Mézière'	
# 3033884	5	48.6281	-3.30080	4808	1	'Bégard'	
# 3010369	5	48.1772	-1.73280	4735	1	'La Chapelle-des-Fougeretz'	
# 6437322	5	47.5339	-2.28250	4645	1	'Nivillac'	
# 2984741	5	47.4833	-3.12060	4640	1	'Quiberon'	
# 6431048	5	48.5761	-3.84360	4626	1	'Saint-Martin-des-Champs'	
# 2978067	5	48.1892	-2.19080	4622	1	'Saint-Méen-le-Grand'	
# 2998607	5	48.1258	-1.81580	4533	1	'L’Hermitage'	
# 6432714	5	48.1303	-2.03360	4528	1	'Iffendic'	
# 2986660	5	48.6756	-2.92940	4522	1	'Plouha'	
# 2973637	5	47.5783	-2.62970	4502	1	'Surzur'	
# 2986633	5	48.535	-3.78970	4489	1	'Plourin-lès-Morlaix'	
# 3010911	5	48.1839	-1.43810	4486	1	'La Bouëxière'	
# 3037016	5	48.0572	-1.15390	4447	1	'Argentré-du-Plessis'	
# 6616618	5	48.0128	-1.70470	4437	1	'Pont-Péan'	
# 2997961	5	47.8867	-2.83580	4437	1	'Locminé'	
# 3024573	5	47.7958	-3.58580	4432	1	'Clohars-Carnoët'	
# 2983885	5	47.9133	-1.38190	4402	1	'Retiers'	
# 2986944	5	48.4081	-2.81830	4394	1	'Plaintel'	
# 6448518	5	48.1794	-1.94420	4363	1	'Bédée'	
# 3035459	5	47.6186	-2.92030	4362	1	'Baden'	
# 3015434	5	48.0061	-1.84750	4324	1	'Goven'	
# 6448525	5	47.9944	-1.61470	4277	1	'Bourgbarré'	
# 6455179	5	47.5847	-3.07780	4250	1	'Carnac'	
# 3008857	5	47.9414	-1.22970	4233	1	'La Guerche-de-Bretagne'	
# 2978062	5	48.6375	-1.90310	4211	1	'Saint-Méloir-des-Ondes'	
# 3007496	5	48.4553	-2.02830	4191	1	'Lanvallay'	
# 6448552	5	48.0542	-1.78440	4187	1	'Chavagne'	
# 2986713	5	47.9356	-4.15310	4187	1	'Plomelin'	
# 6431001	5	48.3428	-4.71140	4179	1	'Plougonvelin'	
# 6614190	5	47.8439	-3.69440	4172	1	'Riec-sur-Bélon'	
# 3013283	5	48.5136	-2.66890	4160	1	'Hillion'	
# 2986616	5	47.9808	-4.17890	4157	1	'Pluguffan'	
# 2986608	5	47.7419	-2.91720	4145	1	'Plumergat'	
# 3024112	5	47.8869	-4.16000	4138	1	'Combrit'	
# 2986800	5	48.5908	-2.54810	4078	1	'Pléneuf-Val-André'	
# 2997943	5	47.8336	-4.16920	4050	1	'Loctudy'	
# 6612499	5	48.5147	-1.90000	4040	1	'Miniac-Morvan'	
# 2997959	5	47.7253	-3.34080	4021	1	'Locmiquélic'	
# 2986807	5	48.0017	-2.09920	3986	1	'Plélan-le-Grand'	
# 3009239	5	47.765	-2.13190	3979	1	'La Gacilly'	
# 3014294	5	47.9206	-1.86170	3944	1	'Guignen'	
# 2982977	5	48.2158	-1.89190	3942	1	'Romillé'	
# 6447654	5	48.6317	-2.46420	3916	1	'Erquy'	
# 3007858	5	47.7647	-3.12170	3908	1	'Landévant'	
# 2981565	5	48.2594	-1.39860	3901	1	'Saint-Aubin-du-Cormier'	
# 2986761	5	48.7731	-3.51780	3881	1	'Pleumeur-Bodou'	
# 6452400	5	47.6369	-2.16280	3866	1	'Allaire'	
# 2981591	5	48.2622	-1.60610	3859	1	'Saint-Aubin-d’Aubigné'	
# 2977855	5	47.7036	-2.65170	3838	1	'Saint-Nolff'	
# 2997616	5	48.3747	-4.30530	3835	1	'Loperhet'	
# 3014208	5	47.8247	-1.84280	3830	1	'Guipry'	
# 3012910	5	48.6019	-2.82530	3826	1	'Binic'	
# 2984759	5	48.4636	-2.08720	3824	1	'Quévert'	
# 2984783	5	48.4211	-2.65830	3809	1	'Quessoy'	
# 6430986	5	47.8403	-4.28470	3800	1	'Plomeur'	
# 3015522	5	48.1394	-3.60750	3794	1	'Gourin'	
# 2986102	5	47.8342	-3.40310	3790	1	'Pont-Scorff'	
# 2986629	5	48.5294	-4.45280	3785	1	'Plouvien'	
# 2986698	5	48.4333	-4.73250	3784	1	'Plouarzel'	
# 2987056	5	47.8092	-1.94780	3779	1	'Pipriac'	
# 2991866	5	47.9192	-2.82110	3764	1	'Moréac'	
# 3019930	5	47.6422	-3.15670	3749	1	'Erdeven'	
# 2974745	5	48.1214	-1.46060	3740	1	'Servon-sur-Vilaine'	
# 3033534	5	47.6758	-3.17000	3735	1	'Belz'	
# 3024691	5	48.6633	-4.10360	3731	1	'Cléder'	
# 2993884	5	48.4675	-4.56560	3719	1	'Milizac'	
# 2986691	5	48.5369	-4.31310	3719	1	'Ploudaniel'	
# 6616358	5	48.2544	-4.09000	3716	1	'Pont-de-Buis-lès-Quimerch'	
# 2973702	5	47.6756	-2.57170	3714	1	'Sulniac'	
# 2972544	5	48.3289	-1.83470	3704	1	'Tinténiac'	
# 3036247	5	48.0242	-4.54170	3692	1	'Audierne'	
# 2986803	5	48.1778	-2.59360	3671	1	'Plémet'	
# 6448054	5	48.1861	-3.81280	3665	1	'Châteauneuf-du-Faou'	
# 2986747	5	48.2261	-3.96940	3656	1	'Pleyben'	
# 2986610	5	47.9578	-2.97330	3646	1	'Pluméliau'	
# 2986693	5	48.7044	-3.44890	3638	1	'Ploubezre'	
# 3030283	5	48.1453	-1.89860	3620	1	'Breteil'	
# 2989918	5	48.0667	-2.88190	3619	1	'Noyal-Pontivy'	
# 2972009	5	48.7694	-3.56810	3618	1	'Trébeurden'	
# 6616609	5	48.0619	-1.52310	3605	1	'Domloup'	
# 2986772	5	48.6569	-3.63110	3605	1	'Plestin-les-Grèves'	
# 3033470	5	47.8767	-4.11280	3584	1	'Bénodet'	
# 3007885	5	48.5869	-4.57170	3572	1	'Landéda'	
# 3031027	5	48.4994	-4.50500	3560	1	'Bourg-Blanc'	
# 2986683	5	48.5278	-2.00330	3539	1	'Plouër-sur-Rance'	
# 6615132	5	47.8233	-4.22970	3521	1	'Plobannalec'	
# 3032125	5	48.4294	-4.51360	3516	1	'Bohars'	
# 2980184	5	47.9369	-4.02030	3516	1	'Saint-Évarzec'	
# 2995058	5	47.8911	-1.99170	3507	1	'Maure-de-Bretagne'	
# 3035316	5	47.7036	-2.07140	3491	1	'Bains-sur-Oust'	
# 2986672	5	48.5208	-3.71310	3477	1	'Plougonven'	
# 6430997	5	48.6575	-4.17420	3471	1	'Plouescat'	
# 6431037	5	48.7267	-3.98580	3447	1	'Roscoff'	
# 2992537	5	48.1567	-1.71610	3440	1	'Montgermont'	
# 2986762	5	48.1844	-1.91890	3418	1	'Pleumeleuc'	
# 3009352	5	47.9092	-3.97920	3401	1	'La Forêt-Fouesnant'	
# 2994692	5	47.9058	-3.83610	3396	1	'Melgven'	
# 3023545	5	47.9781	-1.58640	3369	1	'Corps-Nuds'	
# 3022726	5	47.6172	-3.00140	3366	1	'Crach'	
# 2997331	5	48.4817	-1.12420	3346	1	'Louvigné-du-Désert'	
# 6616117	5	48.3464	-2.75780	3328	1	'Plœuc-sur-Lié'	
# 2981237	5	48.6294	-2.25780	3311	1	'Saint-Cast-le-Guildo'	
# 3020283	5	47.995	-3.89000	3307	1	'Elliant'	
# 3024682	5	47.8542	-3.38390	3305	1	'Cléguer'	
# 6449840	5	47.8167	-2.13420	3288	1	'Carentoir'	
# 2992674	5	47.7425	-2.68190	3287	1	'Monterblanc'	
# 3031019	5	47.9292	-1.74250	3282	1	'Bourg-des-Comptes'	
# 3018692	5	47.4822	-2.34360	3269	1	'Férel'	
# 2986695	5	48.5803	-2.14030	3249	1	'Ploubalay'	
# 2986804	5	48.5564	-2.94670	3246	1	'Plélo'	
# 3004444	5	48.3675	-1.21780	3241	1	'Lécousse'	
# 2994351	5	47.7367	-3.23360	3218	1	'Merlevenez'	
# 6456822	5	48.5622	-4.33440	3211	1	'Le Folgoët'	
# 2994201	5	47.8247	-1.80860	3204	1	'Messac'	
# 2976537	5	47.9675	-3.93470	3202	1	'Saint-Yvi'	
# 2980350	5	48.0189	-1.65170	3195	1	'Saint-Erblon'	
# 3011630	5	47.9588	-3.77780	3193	1	'Kernével'	
# 2994676	5	47.9039	-3.57810	3183	1	'Mellac'	
# 8290526	5	48.6264	-2.83530	3180	1	'Étables sur Mer'	
# 3028667	5	48.6678	-3.91360	3173	1	'Carantec'	
# 2989952	5	48.0406	-1.54580	3173	1	'Nouvoitou'	
# 2986746	5	48.5047	-3.87530	3161	1	'Pleyber-Christ'	
# 6430984	5	48.0778	-4.19440	3154	1	'Plogonnec'	
# 2986681	5	48.7483	-2.98500	3153	1	'Plouézec'	
# 2995009	5	48.0822	-2.28580	3113	1	'Mauron'	
# 6429004	5	48.4419	-2.03940	3110	1	'Léhon'	
# 2986756	5	47.9061	-4.04330	3087	1	'Pleuven'	
# 2981285	5	48.4106	-1.36690	3068	1	'Saint-Brice-en-Coglès'	
# 2997514	5	48.7939	-3.41060	3063	1	'Louannec'	
# 2982711	5	48.2364	-3.31690	3059	1	'Rostrenen'	
# 2977299	5	48.6519	-2.83110	3059	1	'Saint-Quay-Portrieux'	
# 3029002	5	47.8478	-3.00080	3048	1	'Camors'	
# 2974949	5	47.8231	-2.50580	3046	1	'Sérent'	
# 2986694	5	48.8006	-3.03360	3029	1	'Ploubazlanec'	
# 2986894	5	48.5231	-2.23420	2996	1	'Plancoët'	
# 2977497	5	48.4472	-1.91330	2960	1	'Saint-Pierre-de-Plesguen'	
# 2986620	5	47.9867	-4.42530	2955	1	'Plozévet'	
# 6616116	5	48.5108	-1.95190	2938	1	'Pleudihen-sur-Rance'	
# 2986733	5	47.6506	-3.07220	2938	1	'Ploemel'	
# 6612334	5	48.1925	-2.41440	2921	1	'Merdrignac'	
# 2973303	5	48.6036	-3.90030	2914	1	'Taulé'	
# 2984198	5	47.86	-3.46140	2907	1	'Rédené'	
# 3029925	5	48.3172	-2.26080	2894	1	'Broons'	
# 2986700	5	48.5367	-2.99890	2886	1	'Plouagat'	
# 6430993	5	48.4853	-4.24560	2878	1	'Plouédern'	
# 6449842	5	48.1242	-3.07060	2867	1	'Cléguérec'	
# 2986628	5	48.5794	-4.03810	2866	1	'Plouvorn'	
# 3022491	5	47.9372	-1.66170	2858	1	'Crevin'	
# 2983590	5	47.5978	-2.10750	2855	1	'Rieux'	
# 2984649	5	48.4036	-2.90940	2851	1	'Quintin'	
# 6432785	5	47.8944	-1.74860	2828	1	'Pléchâtel'	
# 2971889	5	48.4331	-2.11750	2824	1	'Trélivan'	
# 2986286	5	47.8556	-3.74720	2811	1	'Pont-Aven'	
# 2979370	5	47.845	-2.72220	2808	1	'Saint-Jean-Brévelay'	
# 3004304	5	48.0331	-3.49140	2790	1	'Le Faouët'	
# 2981008	5	48.675	-1.91170	2788	1	'Saint-Coulomb'	
# 3032685	5	47.8792	-2.77440	2782	1	'Bignan'	
# 3015602	5	47.9111	-4.11500	2778	1	'Gouesnach'	
# 2986676	5	48.6956	-3.78940	2757	1	'Plougasnou'	
# 2986796	5	48.5267	-1.84720	2756	1	'Plerguer'	
# 2988856	5	48.5875	-3.13610	2754	1	'Pabu'	
# 2980762	5	47.7036	-2.95390	2738	1	'Sainte-Anne-d’Auray'	
# 2986609	5	47.8617	-2.88810	2733	1	'Plumelin'	
# 3004513	5	48.3603	-4.77080	2731	1	'Le Conquet'	
# 2976791	5	48.5211	-3.94670	2715	1	'Saint-Thégonnec'	
# 2988268	5	47.5819	-2.35610	2708	1	'Péaule'	
# 2990471	5	47.8194	-3.79250	2673	1	'Névez'	
# 2986611	5	47.8378	-2.64080	2673	1	'Plumelec'	
# 6616344	5	47.7953	-4.28390	2670	1	'Guilvinec'	
# 2979160	5	48.5986	-1.97310	2669	1	'Saint-Jouan-des-Guérets'	
# 6449854	5	47.8033	-3.44420	2666	1	'Gestel'	
# 2987046	5	48.0094	-1.43060	2666	1	'Piré-sur-Seiche'	
# 2985963	5	47.7067	-3.35330	2636	1	'Port-Louis'	
# 2995398	5	47.8278	-1.31830	2593	1	'Martigné-Ferchaud'	
# 2971073	5	48.1772	-1.30470	2584	1	'Val-d’Izé'	
# 3019367	5	48.0603	-1.19360	2569	1	'Étrelles'	
# 2975046	5	48.3336	-1.53610	2560	1	'Sens-de-Bretagne'	
# 3009266	5	48.5956	-1.84330	2554	1	'La Fresnais'	
# 2982795	5	47.3464	-3.15530	2552	1	'Le Palais'	
# 2980806	5	48.3742	-1.87610	2548	1	'Saint-Domineuc'	
# 3015422	5	48.5558	-3.18500	2539	1	'Grâces'	
# 2989920	5	47.5917	-2.45690	2520	1	'Noyal-Muzillac'	
# 2986685	5	48.6283	-3.99250	2520	1	'Plouénan'	
# 2988054	5	48.8114	-3.29470	2517	1	'Penvénan'	
# 6437373	5	47.5447	-2.15440	2515	1	'Saint-Dolay'	
# 3029068	5	48.2756	-4.59750	2504	1	'Camaret-sur-Mer'	
# 2973579	5	48.4756	-2.01780	2504	1	'Taden'	
# 6616126	5	48.8169	-3.51360	2501	1	'Trégastel'	
# 3012248	5	47.9558	-2.54830	2498	1	'Josselin'	
# 3014304	5	48.55	-3.96190	2493	1	'Guiclan'	
# 2973492	5	48.1089	-1.92610	2492	1	'Talensac'	
# 3005202	5	47.6403	-2.95080	2489	1	'Bono'	
# 6612976	5	48.2889	-2.15470	2486	1	'Caulnes'	
# 2986647	5	48.68	-3.52390	2470	1	'Ploumilliau'	
# 2986709	5	48.0169	-4.21060	2464	1	'Plonéis'	
# 2996440	5	47.8097	-2.38360	2460	1	'Malestroit'	
# 3014370	5	48.2008	-2.98470	2444	1	'Guerlédan'	
# 2986669	5	47.6525	-2.91690	2444	1	'Plougoumelen'	
# 2983046	5	48.3422	-1.27720	2438	1	'Romagné'	
# 3015125	5	47.7231	-1.73310	2436	1	'Grand-Fougeray'	
# 3035309	5	48.0106	-1.29060	2430	1	'Bais'	
# 6429047	5	48.3642	-2.40060	2425	1	'Plénée-Jugon'	
# 2971978	5	47.8039	-4.26330	2405	1	'Treffiagat'	
# 2971929	5	48.785	-3.23250	2401	1	'Tréguier'	
# 2976117	5	48.7031	-4.02920	2401	1	'Santec'	
# 2978668	5	48.6344	-2.10890	2396	1	'Saint-Lunaire'	
# 2992065	5	48.3072	-1.66920	2389	1	'Montreuil-sur-Ille'	
# 2995329	5	47.5408	-2.32390	2351	1	'Marzan'	
# 3006929	5	48.6064	-2.03500	2349	1	'La Richardais'	
# 3029697	5	47.9636	-3.17310	2346	1	'Bubry'	
# 3007902	5	47.7483	-3.07610	2345	1	'Landaul'	
# 3024926	5	48.1056	-1.87220	2344	1	'Cintré'	
# 3021240	5	48.0703	-1.39140	2344	1	'Domagné'	
# 2981304	5	48.3894	-2.87000	2338	1	'Saint-Brandan'	
# 2997511	5	48.5656	-3.33890	2331	1	'Louargat'	
# 2971976	5	47.6814	-2.61310	2321	1	'Treffléan'	
# 2977616	5	48.5878	-1.92390	2315	1	'Saint-Père-Marc-en-Poulet'	
# 2971856	5	47.8983	-3.53250	2315	1	'Tréméven'	
# 2986771	5	48.8417	-3.13970	2313	1	'Pleubian'	
# 3007636	5	48.6472	-3.71530	2307	1	'Lanmeur'	
# 3030402	5	48.0608	-2.68720	2297	1	'Bréhan'	
# 3025379	5	48.2119	-1.62970	2295	1	'Chevaigné'	
# 3014421	5	47.9381	-2.56470	2282	1	'Guégon'	
# 2981923	5	48.5592	-3.10470	2281	1	'Saint-Agathon'	
# 2986640	5	48.6169	-4.21190	2280	1	'Plounévez-Lochrist'	
# 2974423	5	48.405	-4.07750	2271	1	'Sizun'	
# 6429084	5	48.7439	-3.07280	2269	1	'Plourivo'	
# 3012738	5	48.2497	-1.95080	2262	1	'Irodouër'	
# 2980446	5	47.6939	-2.00080	2257	1	'Sainte-Marie'	
# 3013514	5	48.3847	-2.68360	2246	1	'Hénon'	
# 6437308	5	47.7169	-2.76420	2246	1	'Meucon'	
# 3007645	5	48.1031	-3.97690	2244	1	'Edern'	
# 2998574	5	48.3275	-4.24220	2239	1	'Hôpital-Camfrout'	
# 3021328	5	48.3972	-4.26970	2228	1	'Dirinon'	
# 2986875	5	48.5328	-2.57780	2226	1	'Planguenoual'	
# 3035263	5	48.1689	-1.19170	2225	1	'Balazé'	
# 3029126	5	48.4042	-3.42780	2215	1	'Callac'	
# 2996505	5	47.6778	-2.29470	2200	1	'Malansac'	
# 6447629	5	48.4731	-3.18830	2196	1	'Bourbriac'	
# 3010226	5	48.1244	-1.86560	2195	1	'La Chapelle-Thouarault'	
# 2973297	5	47.9586	-2.43860	2192	1	'Taupont'	
# 3023511	5	48.4819	-2.17000	2191	1	'Corseul'	
# 2986710	5	48.1811	-4.23170	2191	1	'Plomodiern'	
# 2986618	5	48.5308	-2.26810	2190	1	'Pluduno'	
# 2986657	5	47.5981	-3.11280	2187	1	'Plouharnel'	
# 3034538	5	47.9853	-1.93170	2179	1	'Baulon'	
# 3024210	5	47.8192	-2.81030	2176	1	'Colpo'	
# 3012778	5	47.9764	-3.28280	2176	1	'Inguiniel'	
# 2985807	5	47.955	-4.36060	2165	1	'Pouldreuzic'	
# 2986661	5	48.5244	-4.60110	2160	1	'Plouguin'	
# 2986699	5	48.6119	-3.47250	2158	1	'Plouaret'	
# 2974424	5	47.7758	-2.07830	2144	1	'Sixt-sur-Aff'	
# 2981294	5	48.6203	-2.13390	2132	1	'Saint-Briac-sur-Mer'	
# 6452404	5	47.5481	-2.89140	2131	1	'Arzon'	
# 3007972	5	48.4483	-4.76190	2128	1	'Lampaul-Plouarzel'	
# 2997897	5	48.3206	-4.29860	2126	1	'Logonna-Daoulas'	
# 2971825	5	48.5239	-2.84940	2108	1	'Trémuson'	
# 6448097	5	48.6444	-4.36720	2106	1	'Kerlouan'	
# 2986707	5	48.2522	-3.82470	2106	1	'Plonévez-du-Faou'	
# 3000090	5	48.0431	-2.98970	2102	1	'Le Sourn'	
# 2976757	5	48.0292	-1.93170	2099	1	'Saint-Thurial'	
# 2981639	5	48.0117	-1.59060	2094	1	'Saint-Armel'	
# 3014196	5	48.05	-3.64530	2086	1	'Guiscriff'	
# 2973197	5	48.2314	-4.35640	2085	1	'Telgruc-sur-Mer'	
# 6431012	5	48.5147	-4.21250	2084	1	'Plounéventer'	
# 3030444	5	48.1089	-1.48250	2083	1	'Brécé'	
# 3012399	5	48.3192	-1.21580	2073	1	'Javené'	
# 2986418	5	48.4625	-2.62640	2073	1	'Pommeret'	
# 2977780	5	48.5658	-4.60280	2072	1	'Saint-Pabu'	
# 3021349	5	48.2189	-4.16560	2069	1	'Dinéault'	
# 3024572	5	47.8978	-4.06810	2068	1	'Clohars-Fouesnant'	
# 2986646	5	48.4036	-4.72280	2059	1	'Ploumoguer'	
# 2977414	5	47.5208	-3.13420	2056	1	'Saint-Pierre-Quiberon'	
# 2979784	5	48.4058	-1.26330	2053	1	'Saint-Germain-en-Coglès'	
# 3007973	5	48.4931	-4.04140	2043	1	'Lampaul-Guimiliau'	
# 2980849	5	48.0947	-1.37170	2043	1	'Saint-Didier'	
# 3007487	5	48.2858	-4.46220	2033	1	'Lanvéoc'	
# 2991161	5	48.2003	-2.98610	2031	1	'Mûr-de-Bretagne'	
# 3013971	5	48.3281	-4.16110	2029	1	'Hanvec'	
# 3021235	5	47.9961	-1.24170	2021	1	'Domalain'	
# 6454339	5	47.4828	-2.47440	2014	1	'Pénestin'	
# 3019423	5	47.6578	-3.20080	2013	1	'Étel'	
# 6430978	5	48.4378	-4.23530	2010	1	'Pencran'	
# 3014192	5	48.6336	-4.41140	1999	1	'Guissény'	
# 2986658	5	48.6306	-2.87170	1990	1	'Plourhan'	
# 3015635	5	48.2461	-1.46470	1987	1	'Gosné'	
# 2986725	5	47.9836	-4.27140	1978	1	'Plogastel-Saint-Germain'	
# 2984147	5	47.9767	-2.74610	1978	1	'Réguiny'	
# 2986814	5	48.5336	-1.56420	1977	1	'Pleine-Fougères'	
# 2986652	5	48.5778	-3.18390	1975	1	'Plouisy'	
# 3033238	5	47.6319	-2.52560	1973	1	'Berric'	
# 2986830	5	47.7789	-2.69250	1950	1	'Plaudren'	
# 2969105	5	48.2489	-1.78220	1950	1	'Vignoc'	
# 2992074	5	48.2469	-1.72670	1943	1	'Montreuil-le-Gast'	
# 3033851	5	47.9708	-2.17110	1931	1	'Beignon'	
# 6455892	5	48.6053	-1.89420	1919	1	'La Gouesnière'	
# 2986766	5	48.3964	-1.90360	1914	1	'Pleugueneuc'	
# 3009390	5	48.4275	-4.31500	1913	1	'La Forest-Landerneau'	
# 2997332	5	48.0486	-1.33060	1908	1	'Louvigné-de-Bais'	
# 2986806	5	48.4342	-2.22000	1905	1	'Plélan-le-Petit'	
# 3023777	5	48.0611	-3.82970	1893	1	'Coray'	
# 6429075	5	48.2814	-2.70440	1886	1	'Plouguenast'	
# 3037899	5	47.5539	-2.55640	1881	1	'Ambon'	
# 3028954	5	47.9578	-2.29470	1881	1	'Campénéac'	
# 2994743	5	48.4122	-1.81330	1881	1	'Meillac'	
# 2976759	5	48.4789	-4.33580	1875	1	'Saint-Thonan'	
# 2976756	5	48.0172	-2.95030	1865	1	'Saint-Thuriau'	
# 3019940	5	48.2556	-1.51780	1863	1	'Ercé-près-Liffré'	
# 3004321	5	48.5339	-4.37220	1855	1	'Le Drennec'	
# 2988215	5	47.7133	-2.21920	1853	1	'Peillac'	
# 2980231	5	48.4036	-1.32500	1853	1	'Saint-Étienne-en-Coglès'	
# 2986654	5	48.6081	-4.29780	1852	1	'Plouider'	
# 3007818	5	48.0894	-4.06060	1846	1	'Landrévarzec'	
# 2988229	5	48.5969	-3.27000	1846	1	'Pédernec'	
# 2976969	5	47.9058	-1.78780	1842	1	'Saint-Senoux'	
# 2996427	5	48.0806	-3.05140	1842	1	'Malguénac'	
# 3034413	5	48.4261	-1.57420	1832	1	'Bazouges-la-Pérouse'	
# 2994773	5	48.2672	-2.06720	1826	1	'Médréac'	
# 3232380	5	47.7569	-2.76610	1822	1	'Locqueltas'	
# 6489587	5	48.4092	-2.32220	1806	1	'Jugon-les-Lacs'	
# 3014403	5	48.0417	-4.20530	1805	1	'Guengat'	
# 2991030	5	47.9894	-2.83190	1803	1	'Naizin'	
# 2986770	5	47.7589	-2.37580	1803	1	'Pleucadeuc'	
# 3021747	5	48.3608	-4.25970	1802	1	'Daoulas'	
# 3006780	5	48.4722	-4.20330	1797	1	'La Roche-Maurice'	
# 3014402	5	47.9069	-2.98060	1795	1	'Guénin'	
# 2986046	5	48.5086	-4.76560	1795	1	'Porspoder'	
# 2986410	5	48.6192	-3.08830	1783	1	'Pommerit-le-Vicomte'	
# 2973858	5	48.1925	-3.71670	1783	1	'Spézet'	
# 3007481	5	48.63	-2.98500	1782	1	'Lanvollon'	
# 2994011	5	48.2956	-1.43280	1778	1	'Mézières-sur-Couesnon'	
# 3021861	5	47.5197	-2.57780	1771	1	'Damgan'	
# 2991343	5	47.8556	-2.83530	1768	1	'Moustoir-Ac'	
# 3024456	5	48.4919	-2.60060	1768	1	'Coëtmieux'	
# 2988445	5	48.1919	-1.82810	1766	1	'Parthenay-de-Bretagne'	
# 2986706	5	48.1256	-4.22190	1762	1	'Plonévez-Porzay'	
# 6431003	5	48.6669	-4.04440	1761	1	'Plougoulm'	
# 2986624	5	48.595	-4.11250	1761	1	'Plouzévédé'	
# 6429109	5	48.7294	-3.38390	1757	1	'Rospez'	
# 2988794	5	48.0181	-2.17110	1755	1	'Paimpont'	
# 3007570	5	48.0019	-2.58190	1754	1	'Lanouée'	
# 2986662	5	48.7972	-3.24080	1747	1	'Plouguiel'	
# 2986786	5	48.2758	-2.61940	1742	1	'Plessala'	
# 2979405	5	47.6853	-2.21530	1740	1	'Saint-Jacut-les-Pins'	
# 3007687	5	48.1056	-3.49330	1739	1	'Langonnet'	
# 3015614	5	48.6031	-3.01720	1737	1	'Goudelin'	
# 6455410	5	48.2942	-4.17750	1735	1	'Le Faou'	
# 3037969	5	48.0064	-1.47610	1733	1	'Amanlis'	
# 3019271	5	48.3825	-1.98080	1731	1	'Évran'	
# 3006349	5	47.9789	-1.87000	1729	1	'Lassy'	
# 2999203	5	47.9194	-1.42970	1717	1	'Le Theil-de-Bretagne'	
# 3026237	5	48.5611	-1.92970	1715	1	'Châteauneuf-d’Ille-et-Vilaine'	
# 2984794	5	47.9597	-3.53690	1713	1	'Querrien'	
# 2986697	5	48.3011	-2.00720	1712	1	'Plouasne'	
# 2998061	5	48.2189	-1.34330	1709	1	'Livré-sur-Changeon'	
# 2997966	5	47.7575	-2.78750	1707	1	'Locmaria-Grand-Champ'	
# 6454041	5	48.0989	-1.12440	1706	1	'Erbrée'	
# 6614095	5	48.525	-1.77390	1705	1	'Baguer-Morvan'	
# 3035389	5	48.5525	-1.69920	1698	1	'Baguer-Pican'	
# 3014212	5	48.2983	-1.72140	1696	1	'Guipel'	
# 6428999	5	48.5989	-2.89810	1690	1	'Lantic'	
# 3032033	5	48.1669	-2.06390	1686	1	'Boisgervilly'	
# 3026070	5	48.225	-1.17860	1682	1	'Châtillon-en-Vendelais'	
# 6453811	5	48.2133	-2.79560	1680	1	'Trévé'	
# 6429076	5	48.2403	-3.25610	1676	1	'Plouguernével'	
# 3030403	5	48.4028	-2.57420	1671	1	'Bréhand'	
# 2995175	5	48.5958	-2.29170	1671	1	'Matignon'	
# 3036610	5	47.5167	-2.37610	1666	1	'Arzal'	
# 2991577	5	48.2317	-1.60970	1661	1	'Mouazé'	
# 6432848	5	48.3644	-1.40940	1661	1	'Saint-Marc-le-Blanc'	
# 6456223	5	47.6047	-2.59470	1655	1	'La Trinité-Surzur'	
# 3022611	5	48.5456	-2.21310	1635	1	'Créhen'	
# 3021348	5	48.3575	-1.71610	1633	1	'Dingé'	
# 2983106	5	48.0686	-2.75280	1633	1	'Rohan'	
# 6429151	5	48.3131	-3.16440	1632	1	'Saint-Nicolas-du-Pélem'	
# 3032160	5	48.5306	-4.11690	1628	1	'Bodilis'	
# 2997300	5	47.99	-2.38330	1622	1	'Loyat'	
# 6429034	5	48.4453	-2.85360	1618	1	'Plaine-Haute'	
# 3016847	5	48.1322	-2.22140	1618	1	'Gaël'	
# 2977085	5	48.4914	-2.03080	1614	1	'Saint-Samson-sur-Rance'	
# 3006137	5	47.5853	-3.02970	1612	1	'La Trinité-sur-Mer'	
# 2986774	5	48.4239	-2.44690	1610	1	'Plestan'	
# 3029257	5	47.6308	-2.28810	1609	1	'Caden'	
# 2986650	5	48.7181	-3.50440	1607	1	'Ploulec’h'	
# 6455839	5	47.8944	-3.64140	1601	1	'Le Trévoux'	
# 2986679	5	48.64	-3.82220	1600	1	'Plouezoc’h'	
# 2993562	5	47.7303	-2.43500	1590	1	'Molac'	
# 2986815	5	48.6281	-2.36610	1584	1	'Fréhel'	
# 2986802	5	48.3364	-2.68330	1581	1	'Plémy'	
# 2984853	5	48.3447	-1.82670	1574	1	'Québriac'	
# 2986267	5	48.0419	-4.48920	1570	1	'Pont-Croix'	
# 12179296	5	48.2372	-1.56500	1567	1	'Chasné-sur-Illet'	
# 2997964	5	47.5692	-2.94530	1560	1	'Locmariaquer'	
# 2986210	5	47.7497	-3.18780	1560	1	'Nostang'	
# 3031743	5	48.4669	-1.76580	1553	1	'Bonnemain'	
# 2994608	5	48.1394	-2.46080	1553	1	'Ménéac'	
# 3028118	5	48.6719	-3.34470	1548	1	'Cavan'	
# 3028425	5	48.1572	-4.13890	1545	1	'Cast'	
# 3019638	5	48.025	-4.56280	1541	1	'Esquibien'	
# 6449847	5	48.0347	-2.76690	1540	1	'Crédin'	
# 6613974	5	48.4539	-4.33530	1540	1	'Saint-Divy'	
# 3033303	5	47.995	-3.39250	1537	1	'Berné'	
# 3036215	5	47.9197	-2.27810	1535	1	'Augan'	
# 3007919	5	48.6078	-2.15000	1534	1	'Lancieux'	
# 2986600	5	48.6258	-2.40420	1532	1	'Plurien'	
# 6437343	5	47.6961	-2.36500	1530	1	'Pluherlin'	
# 2976581	5	47.6997	-2.14640	1528	1	'Saint-Vincent-sur-Oust'	
# 2994653	5	47.9803	-3.11170	1523	1	'Melrand'	
# 2977019	5	48.3425	-1.31360	1521	1	'Saint-Sauveur-des-Landes'	
# 2979681	5	47.5	-2.83810	1517	1	'Saint-Gildas-de-Rhuys'	
# 2985788	5	48.0808	-4.41330	1516	1	'Poullan-sur-Mer'	
# 2997947	5	48.6908	-3.64830	1510	1	'Locquirec'	
# 2981243	5	48.3983	-2.73140	1508	1	'Saint-Carreuc'	
# 3019941	5	47.8303	-1.55920	1501	1	'Ercé-en-Lamée'	
# 3016828	5	48.2969	-1.51920	1497	1	'Gahard'	
# 2979595	5	48.4711	-1.95890	1497	1	'Saint-Hélen'	
# 3010384	5	47.9292	-1.94080	1495	1	'La Chapelle-Bouëxic'	
# 2979926	5	48.5083	-1.24330	1494	1	'Saint-Georges-de-Reintembault'	
# 2971876	5	48.4222	-1.47580	1493	1	'Tremblay'	
# 2977593	5	47.5867	-3.00000	1492	1	'Saint-Philibert'	
# 2985787	5	48.34	-3.64250	1490	1	'Poullaouen'	
# 3005425	5	47.6897	-2.54280	1488	1	'La Vraie-Croix'	
# 2979230	5	47.6364	-2.12580	1485	1	'Saint-Jean-la-Poterie'	
# 2996832	5	48.2833	-3.42440	1484	1	'Maël-Carhaix'	
# 3007803	5	48.5325	-4.72690	1481	1	'Landunvez'	
# 2998663	5	48.7853	-3.10720	1478	1	'Lézardrieux'	
# 2980483	5	48.4722	-4.37360	1474	1	'Kersaint-Plabennec'	
# 3007490	5	48.4739	-4.63860	1469	1	'Lanrivoaré'	
# 3024459	5	47.8831	-1.44080	1466	1	'Coësmes'	
# 3003332	5	48.5767	-2.01250	1466	1	'Le Minihic-sur-Rance'	
# 2994952	5	47.9828	-2.03360	1464	1	'Maxent'	
# 2986639	5	48.5564	-3.44470	1461	1	'Plounévez-Moëdec'	
# 3010316	5	48.3475	-1.10190	1459	1	'La Chapelle-Janson'	
# 2986819	5	48.4492	-2.38780	1457	1	'Plédéliac'	
# 2980805	5	48.4697	-2.88530	1456	1	'Saint-Donan'	
# 3007806	5	48.0006	-4.33640	1454	1	'Landudec'	
# 3030565	5	47.7936	-3.19470	1446	1	'Brandérion'	
# 3012732	5	48.3711	-4.21310	1442	1	'Irvillac'	
# 2998890	5	48.0694	-1.93310	1439	1	'Le Verger'	
# 3011624	5	48.5711	-4.42000	1437	1	'Kernilis'	
# 6429194	5	48.815	-3.35860	1435	1	'Trévou-Tréguignec'	
# 3010425	5	47.8653	-2.42310	1428	1	'La Chapelle'	
# 6437356	5	47.905	-3.13420	1423	1	'Quistinic'	
# 3020004	5	48.51	-1.69610	1422	1	'Epiniac'	
# 6612645	5	47.9944	-3.43140	1421	1	'Meslan'	
# 3004224	5	48.4286	-2.91500	1420	1	'Le Fœil'	
# 3007883	5	48.4283	-2.54080	1419	1	'Landéhen'	
# 6431004	5	48.5533	-4.08470	1413	1	'Plougourvest'	
# 3013026	5	48.3644	-3.74470	1409	1	'Huelgoat'	
# 3033885	5	47.5964	-2.24000	1401	1	'Béganne'	
# 2990606	5	48.1278	-2.98220	1395	1	'Neulliac'	
# 2982207	5	47.8181	-2.28220	1393	1	'Ruffiac'	
# 3013263	5	48.6056	-1.80170	1390	1	'Hirel'	
# 3009639	5	47.7625	-1.68830	1386	1	'La Dominelais'	
# 6455901	5	48.0347	-1.03720	1385	1	'Le Pertre'	
# 2976846	5	48.2181	-1.57940	1378	1	'Saint-Sulpice-la-Forêt'	
# 3036609	5	47.9011	-3.44030	1377	1	'Arzano'	
# 3015800	5	48.2228	-3.39640	1370	1	'Glomel'	
# 2979600	5	47.7808	-2.51360	1367	1	'Saint-Guyomard'	
# 3034374	5	48.3381	-1.15690	1366	1	'Beaucé'	
# 3014274	5	47.9106	-2.46610	1350	1	'Guillac'	
# 2982298	5	48.5433	-1.81580	1349	1	'Roz-Landrieux'	
# 2978037	5	48.1786	-1.11610	1347	1	'Saint-M’Hervé'	
# 2971860	5	47.9053	-4.21190	1341	1	'Tréméoc'	
# 3007552	5	48.5161	-3.03080	1339	1	'Lanrodec'	
# 2988518	5	48.4281	-1.19170	1338	1	'Parigné'	
# 3013536	5	48.5606	-2.37690	1329	1	'Hénanbihen'	
# 2992669	5	48.0658	-1.97860	1329	1	'Monterfil'	
# 2998298	5	47.6367	-2.35390	1324	1	'Limerzel'	
# 6429041	5	48.6944	-3.00830	1321	1	'Pléhédel'	
# 2986817	5	48.6347	-2.94000	1320	1	'Pléguien'	
# 3014369	5	48.5175	-3.58860	1314	1	'Guerlesquin'	
# 2986614	5	48.3578	-2.12470	1311	1	'Plumaudan'	
# 3014365	5	48.0306	-3.09170	1310	1	'Guern'	
# 3013504	5	48.6322	-3.92780	1309	1	'Henvic'	
# 3007652	5	48.5797	-4.21080	1309	1	'Lanhouarneau'	
# 3014255	5	48.0425	-2.40560	1308	1	'Guilliers'	
# 2978070	5	48.2728	-1.65970	1306	1	'Saint-Médard-sur-Ille'	
# 2977814	5	48.3283	-1.42580	1305	1	'Saint-Ouen-des-Alleux'	
# 2986589	5	48.1158	-1.24970	1303	1	'Pocé-les-Bois'	
# 6453813	5	48.6069	-3.44810	1300	1	'Le Vieux-Marché'	
# 2979188	5	48.1169	-1.36080	1300	1	'Saint-Jean-sur-Vilaine'	
# 3030562	5	47.7739	-2.94530	1299	1	'Brandivy'	
# 3008192	5	48.4986	-2.83830	1299	1	'La Méaugon'	
# 2977300	5	48.7925	-3.44780	1296	1	'Saint-Quay-Perros'	
# 2971986	5	47.7925	-2.59330	1293	1	'Trédion'	
# 2978211	5	47.7461	-2.25420	1292	1	'Saint-Martin-sur-Oust'	
# 3037418	5	48.4606	-1.48470	1289	1	'Antrain'	
# 2986767	5	47.9894	-2.68580	1289	1	'Pleugriffet'	
# 3004067	5	48.3272	-2.48860	1288	1	'Le Gouray'	
# 2997146	5	48.2833	-1.11860	1287	1	'Luitré'	
# 3010382	5	48.2717	-1.85470	1283	1	'La Chapelle-Chaussée'	
# 2971979	5	48.04	-2.00560	1279	1	'Treffendel'	
# 2986645	5	48.4392	-3.89110	1263	1	'Plounéour-Ménez'	
# 2993796	5	48.7753	-3.22810	1260	1	'Minihy-Tréguier'	
# 2989122	5	48.0558	-1.44940	1259	1	'Ossé'	
# 2981473	5	48.1375	-2.70280	1247	1	'Saint-Barnabé'	
# 2971796	5	47.8825	-1.54580	1246	1	'Tresbœuf'	
# 2971893	5	48.8083	-3.37170	1244	1	'Trélévern'	
# 2969063	5	48.4378	-2.15860	1244	1	'Vildé-Guingalan'	
# 2986634	5	48.5094	-4.68690	1241	1	'Plourin'	
# 2986726	5	48.7164	-3.20280	1240	1	'Ploëzal'	
# 2986724	5	48.0367	-4.66580	1229	1	'Plogoff'	
# 3029155	5	47.8758	-3.32190	1227	1	'Calan'	
# 2969171	5	48.3417	-1.48940	1226	1	'Vieux-Vy-sur-Couesnon'	
# 3005522	5	48.5478	-1.95330	1222	1	'La Ville-ès-Nonais'	
# 2999137	5	47.5256	-2.64560	1220	1	'Le Tour-du-Parc'	
# 2986731	5	48.0878	-3.28830	1213	1	'Ploërdut'	
# 2979602	5	48.5756	-1.88360	1209	1	'Saint-Guinoux'	
# 2986411	5	48.7319	-3.24220	1208	1	'Pommerit-Jaudy'	
# 2985810	5	48.0433	-4.32750	1208	1	'Pouldergat'	
# 2972457	5	48.0617	-1.26580	1205	1	'Torcé'	
# 2986760	5	48.8022	-3.15720	1202	1	'Pleumeur-Gautier'	
# 6431013	5	48.2989	-3.58970	1201	1	'Plounévézel'	
# 2974629	5	48.665	-4.06390	1200	1	'Sibiril'	
# 3010854	5	48.5128	-1.66060	1199	1	'La Boussac'	
# 2986470	5	47.8875	-1.68640	1199	1	'Poligné'	
# 3034493	5	47.8575	-3.60470	1198	1	'Baye'	
# 2979195	5	48.2906	-1.36720	1197	1	'Saint-Jean-sur-Couesnon'	
# 3007889	5	48.4131	-1.15250	1194	1	'Landéan'	
# 2984852	5	48.2494	-2.14250	1190	1	'Quédillac'	
# 2972462	5	48.6692	-3.39530	1188	1	'Tonquédec'	
# 3029734	5	48.3908	-2.12720	1186	1	'Brusvily'	
# 3013535	5	48.5417	-2.43470	1185	1	'Hénansal'	
# 2986644	5	48.6506	-4.31810	1181	1	'Plounéour-Trez'	
# 2988656	5	47.8814	-1.65830	1180	1	'Pancé'	
# 3020926	5	48.1931	-1.37000	1177	1	'Dourdain'	
# 2999071	5	48.4861	-1.83640	1167	1	'Le Tronchet'	
# 3008683	5	48.3708	-1.15030	1166	1	'Laignelet'	
# 2979640	5	48.8403	-3.22860	1166	1	'Plougrescant'	
# 2981466	5	47.9258	-3.04530	1162	1	'Saint-Barthélemy'	
# 6437289	5	47.6147	-2.54470	1156	1	'Lauzach'	
# 2997942	5	47.9361	-3.47830	1156	1	'Locunolé'	
# 3030863	5	48.4872	-2.25970	1155	1	'Bourseul'	
# 3007489	5	47.9983	-3.54170	1154	1	'Lanvénégen'	
# 2993691	5	47.8358	-2.35080	1152	1	'Missiriac'	
# 3024692	5	48.2353	-3.66860	1151	1	'Cléden-Poher'	
# 2986630	5	48.5069	-2.91530	1150	1	'Plouvara'	
# 2971839	5	48.1992	-2.28890	1148	1	'Trémorel'	
# 3028554	5	47.8642	-2.31920	1147	1	'Caro'	
# 2967183	5	48.3483	-2.17580	1147	1	'Yvignac-la-Tour'	
# 3007668	5	48.5106	-2.12720	1146	1	'Languenan'	
# 3007696	5	48.7506	-3.28080	1144	1	'Langoat'	
# 6616118	5	48.6739	-3.19190	1137	1	'Plouëc-du-Trieux'	
# 2981267	5	48.5867	-1.65670	1136	1	'Saint-Broladre'	
# 3037743	5	48.49	-2.56780	1134	1	'Andel'	
# 2977839	5	48.1769	-2.17280	1129	1	'Saint-Onen-la-Chapelle'	
# 2979879	5	48.1083	-2.88810	1126	1	'Saint-Gérand'	
# 2985579	5	48.6769	-3.29750	1118	1	'Prat'	
# 2981247	5	48.1908	-2.84920	1117	1	'Saint-Caradec'	
# 6431031	5	48.1161	-4.12000	1116	1	'Quéménéven'	
# 3032178	5	48.4133	-2.10310	1112	1	'Bobital'	
# 3006796	5	48.7464	-3.26000	1111	1	'La Roche-Derrien'	
# 2977610	5	47.6692	-2.10810	1110	1	'Saint-Perreux'	
# 2976982	5	48.2411	-4.06720	1110	1	'Saint-Ségal'	
# 6616616	5	47.8958	-1.61060	1107	1	'Le Sel-de-Bretagne'	
# 3024506	5	48.5075	-4.54390	1107	1	'Coat-Méal'	
# 2992176	5	48.4428	-1.30890	1105	1	'Montours'	
# 2979638	5	48.1239	-2.81970	1104	1	'Saint-Gonnery'	
# 2990841	5	48.0136	-2.32920	1098	1	'Néant-sur-Yvel'	
# 3025428	5	48.605	-1.71080	1097	1	'Cherrueix'	
# 3015596	5	48.1697	-3.97280	1097	1	'Gouézec'	
# 3007739	5	48.3531	-2.91420	1097	1	'Lanfains'	
# 2974691	5	48.3331	-2.33890	1097	1	'Sévignac'	
# 2986635	5	48.1458	-3.38810	1091	1	'Plouray'	
# 2984432	5	47.9242	-1.24060	1086	1	'Rannée'	
# 2986638	5	48.29	-3.23170	1081	1	'Plounévez-Quintin'	
# 2978634	5	47.8772	-1.78860	1079	1	'Saint-Malo-de-Phily'	
# 2986613	5	48.255	-2.23890	1078	1	'Plumaugat'	
# 6432698	5	47.9575	-1.42440	1077	1	'Essé'	
# 2992756	5	48.5697	-1.76580	1076	1	'Mont-Dol'	
# 2984830	5	48.7014	-3.10560	1075	1	'Quemper-Guézennec'	
# 3011180	5	48.4431	-1.10500	1074	1	'La Bazouge-du-Désert'	
# 3005593	5	48.4886	-1.98220	1072	1	'La Vicomté-sur-Rance'	
# 3031609	5	48.4831	-2.96110	1070	1	'Boqueho'	
# 6429049	5	48.5147	-2.88500	1068	1	'Plerneuf'	
# 2973224	5	47.8072	-1.53860	1067	1	'Teillay'	
# 2971988	5	48.7869	-3.20030	1067	1	'Trédarzec'	
# 2986687	5	48.6211	-3.67530	1064	1	'Plouégat-Guérand'	
# 2984588	5	47.9628	-2.71250	1061	1	'Radenac'	
# 6614173	5	48.0683	-3.20330	1057	1	'Guémené-sur-Scorff'	
# 3032642	5	48.2878	-1.24640	1055	1	'Billé'	
# 2971949	5	48.5569	-3.27470	1055	1	'Tréglamus'	
# 3011675	5	48.7717	-3.37080	1053	1	'Kermaria-Sulard'	
# 3011543	5	48.6011	-3.75720	1051	1	'Garlan'	
# 3006632	5	47.7117	-2.51640	1050	1	'Larré'	
# 3014214	5	48.6022	-1.77420	1046	1	'Le Vivier-sur-Mer'	
# 2971264	5	48.2794	-2.84140	1046	1	'Uzel'	
# 2995549	5	48.1431	-1.33970	1041	1	'Marpiré'	
# 2977611	5	48.2878	-1.98670	1040	1	'Saint-Pern'	
# 6431057	5	47.9592	-3.62360	1037	1	'Saint-Thurien'	
# 3001546	5	48.4167	-1.97060	1032	1	'Les Champs-Géraux'	
# 2979542	5	48.3514	-1.35810	1032	1	'Saint-Hilaire-des-Landes'	
# 2980331	5	48.5581	-3.87470	1030	1	'Sainte-Sève'	
# 6452189	5	48.5447	-3.39440	1029	1	'Belle-Isle-en-Terre'	
# 2984026	5	47.7197	-1.97640	1028	1	'Renac'	
# 2980756	5	47.7306	-1.82560	1028	1	'Sainte-Anne-sur-Vilaine'	
# 3030522	5	48.3006	-3.95560	1026	1	'Brasparts'	
# 3029006	5	47.4819	-2.39500	1024	1	'Camoël'	
# 2981245	5	48.4158	-2.06560	1024	1	'Saint-Carné'	
# 2994341	5	47.8978	-1.96720	1023	1	'Mernel'	
# 2991796	5	48.5217	-2.60890	1022	1	'Morieux'	
# 2986605	5	48.1031	-2.58420	1019	1	'Plumieux'	
# 3024101	5	48.4139	-3.95470	1017	1	'Commana'	
# 2986121	5	48.6983	-3.15940	1017	1	'Pontrieux'	
# 3007588	5	47.8025	-1.74140	1012	1	'La Noë-Blanche'	
# 6431067	5	48.0244	-3.82580	1012	1	'Tourch'	
# 2992070	5	48.1508	-1.23670	1011	1	'Montreuil-sous-Pérouse'	
# 6432724	5	48.2444	-1.85360	1010	1	'Langan'	
# 3014236	5	48.4878	-3.99890	1007	1	'Guimiliau'	
# 6509361	5	47.315	-3.18860	1004	1	'Bangor'	
# 3026160	5	48.5422	-2.97110	1002	1	'Châtelaudren'	
# ;


end;
