# ======================================================
# Model: Hierarchical health care design : 3 levels (brown field)
# Joao Flavio F. Almeida <joao.flavio@dep.ufmg.br >
# Fabricio Oliveira <fabricio.oliveira@aalto.fi >
# Data   : 19/02/2022
# Versao: 1.0:
# Region: 8: Île-de-France (IF)
# =========================================================
data;

# param Distmax:=
# 1 80  # 80
# 2 120 # + 120
# 3 250; # + 200

# Minimal population on destination municipality (j) 
param POPmin:=
1	0
# 2	10000
# 3	30000
# 2	2000
# 3	4000
2	2080	# Q1
3	5533	# Q2 
;

param DurUpper:=
1 0.51 
# 2 1.0 
# 3 1.5;
2 0.51 
3 1.1; 

# Municipios selecionados que já possuem infraestrutura de nível 3
set S3:=
2978048 # 'Paris' : American Hospital of Paris
3019597	#	'Corbeil-Essonnes' : Centre Hospitalier Sud Francilien
6510057	#	'Suresnes' : Foch Hospital 
6451966	#	'Clamart' :Hôpital d'instruction des armées Percy
2967990	#	'Pontoise' :René Dubois Hospital
3018074	#	'Fontainebleau' : Hospital du Sud
;

# CODIGO	REGIAO (code)	LAT	LONG	POPULACAO 2030	INFR	MUNICIPIO	
 param: I :	RE	lat	lng	POP	INFR	Mun 	:=
2978048	8	48.8566	2.35220	11020000	0	'Paris'	
3031137	8	48.8352	2.24090	120071	0	'Boulogne-Billancourt'	
2980916	8	48.9356	2.35390	111135	0	'Saint-Denis'	
3037044	8	48.95	2.25000	110210	0	'Argenteuil'	
2992090	8	48.8611	2.44360	109897	0	'Montreuil'	
8298013	8	48.8988	2.19690	95105	0	'Nanterre'	
6452043	8	48.7875	2.39280	93557	0	'Vitry-sur-Seine'	
6452018	8	48.7911	2.46280	90605	0	'Créteil'	
6452605	8	48.9131	2.38310	86375	0	'Aubervilliers'	
8286605	8	48.8053	2.13500	85862	0	'Versailles'	
3036145	8	48.9386	2.49060	85740	0	'Aulnay-sous-Bois'	
6455398	8	48.9108	2.28890	85191	1	'Carrières-sur-Seine'	
3024266	8	48.9236	2.25220	85177	0	'Colombes'	
6455399	8	48.8978	2.25310	81719	1	'Courbevoic'	
6521954	8	48.876	2.18100	78152	0	'Rueil-Malmaison'	
6452013	8	48.8172	2.51560	77630	1	'Champigny-sur-Marne'	
6452032	8	48.7994	2.49970	74859	0	'Saint-Maur-des-Fossés'	
3020839	8	48.93	2.45000	71318	0	'Drancy'	
6451970	8	48.8239	2.27000	68451	0	'Issy-les-Moulineaux'	
8298036	8	48.8478	2.55280	68183	1	'Noisy-le-Grand'	
8297891	8	48.6239	2.42940	67967	1	'Courcouronnes'	
6454886	8	49.0361	2.06310	65177	1	'Cergy'	
6612091	8	48.895	2.28720	64379	0	'Levallois-Perret'	
3037423	8	48.7539	2.29750	62570	0	'Antony'	
8298130	8	48.8078	2.37470	62052	0	'Ivry-sur-Seine'	
3024597	8	48.9044	2.30640	61070	0	'Clichy'	
2990611	8	48.8881	2.26860	60361	0	'Neuilly-sur-Seine'	
2976043	8	48.9956	2.38080	58587	0	'Sarcelles'	
8285608	8	48.8966	2.40170	57482	1	'Pantin'	
3005269	8	48.9387	2.46140	56783	0	'Le Blanc-Mesnil'	
2996568	8	48.8058	2.43780	55655	1	'Maisons-Alfort'	
6451992	8	48.9553	2.30920	55084	0	'Épinay-sur-Seine'	
6454723	8	48.9603	2.88830	54991	0	'Meaux'	
9177387	8	48.8833	2.60000	54917	0	'Chelles'	
2968705	8	48.7919	2.36360	54753	0	'Villejuif'	
6452608	8	48.9106	2.43970	53640	0	'Bobigny'	
6451987	8	48.9022	2.48280	53353	0	'Bondy'	
6451966	8	48.8014	2.26280	52971	0	'Clamart'	
3017910	8	48.8517	2.47720	52939	1	'Fontenay-sous-Bois'	
8286614	8	48.9372	2.16440	51967	0	'Sartrouville'	
3019597	8	48.6139	2.48200	51292	0	'Corbeil-Essonnes'	
2977824	8	48.9123	2.33420	51108	1	'Saint-Ouen'	
2974681	8	48.9333	2.53330	51016	0	'Sevran'	
6508695	8	48.7309	2.27130	50833	0	'Massy'	
6451975	8	48.8172	2.32190	50260	1	'Montrouge'	
2968054	8	48.8478	2.43920	49891	1	'Vincennes'	
6510057	8	48.87	2.22000	49145	0	'Suresnes'	
3016321	8	48.9333	2.30000	46907	0	'Gennevilliers'	
3035602	8	48.8667	2.48330	46207	1	'Rosny-sous-Bois'	
2994144	8	48.8123	2.23820	45352	0	'Meudon'	
8287136	8	48.763	2.40900	45331	1	'Choisy-le-Roi'	
2979783	8	48.8989	2.09380	44753	0	'Saint-Germain-en-Laye'	
3009670	8	48.885	2.23890	44645	0	'Puteaux'	
2998056	8	48.9192	2.53610	44437	0	'Livry-Gargan'	
2996148	8	48.9908	1.71720	44299	0	'Mantes-la-Jolie'	
6452000	8	48.8894	2.45030	44136	0	'Noisy-le-Sec'	
3038213	8	48.805	2.42390	43881	0	'Alfortville'	
3009824	8	48.9322	2.39670	43054	1	'La Courneuve'	
3016621	8	48.9728	2.40080	42728	1	'Garges-lès-Gonesse'	
3035409	8	48.7983	2.31370	40918	1	'Bagneux'	
6454724	8	48.5406	2.66000	40032	0	'Melun'	
3016830	8	48.8833	2.53330	39358	1	'Gagny'	
2973841	8	48.95	2.38330	38720	0	'Stains'	
2986501	8	48.9294	2.04560	37388	0	'Poissy'	
3026083	8	48.8	2.29000	37355	0	'Châtillon'	
8298054	8	48.955	2.54100	36830	0	'Villepinte'	
6446266	8	48.9889	2.23140	36762	1	'Franconville'	
2975525	8	48.6797	2.34570	36533	1	'Savigny-sur-Orge'	
2980558	8	48.6369	2.34030	36207	1	'Sainte-Geneviève-des-Bois'	
3023924	8	48.9992	2.09830	35846	1	'Conflans-Sainte-Honorine'	
3035403	8	48.8692	2.41810	35674	0	'Bagnolet'	
2988758	8	48.7145	2.24570	35514	1	'Palaiseau'	
3036460	8	48.7074	2.38890	34347	0	'Athis-Mons'	
6614566	8	48.8422	2.50360	33879	1	'Le Perreux-Sur-Marne'	
2967244	8	48.7325	2.44970	33545	0	'Villeneuve-Saint-Georges'	
6613133	8	48.7653	2.27810	33286	0	'Châtenay-Malabry'	
2992415	8	48.7711	2.03330	32929	0	'Montigny-le-Bretonneux'	
2990265	8	48.8375	2.48330	32851	1	'Nogent-sur-Marne'	
3000192	8	48.9875	1.91720	32792	0	'Les Mureaux'	
6444090	8	48.7775	2.00250	32584	0	'Trappes'	
6612809	8	48.9261	2.18920	32151	1	'Houilles'	
6446222	8	48.7001	2.41700	31574	1	'Vigneux-sur-Seine'	
2986930	8	48.8183	1.94720	31419	0	'Plaisir'	
2998632	8	48.78	2.33740	31204	1	'L’Haÿ-les-Roses'	
6446231	8	48.6713	2.37500	31093	0	'Viry-Châtillon'	
6455401	8	48.7919	2.33190	31069	1	'Cachan'	
2967990	8	49.0516	2.10170	30767	0	'Pontoise'	
8286153	8	49.0325	2.47470	30637	1	'Goussainville'	
10283420	8	48.8265	2.40500	30374	0	'Charenton-le-Pont'	
2987271	8	48.9656	2.36140	30306	0	'Pierrefitte-sur-Seine'	
8286631	8	48.8169	2.29440	30286	0	'Malakoff'	
3026033	8	48.8897	2.15730	30253	0	'Chatou'	
6443853	8	48.5841	2.58320	29984	1	'Savigny-le-Temple'	
8297997	8	48.84	2.22000	29973	0	'Saint-Cloud'	
2968653	8	48.8833	2.50000	29964	1	'Villemomble'	
6452064	8	48.9261	2.21780	29383	0	'Bezons'	
3024596	8	48.9102	2.55320	29348	1	'Clichy-sous-Bois'	
12122717	8	48.6537	2.41610	29225	0	'Ris-Orangis'	
3009169	8	48.9056	2.24450	29169	0	'La Garenne-Colombes'	
3019897	8	48.9922	2.26030	29108	0	'Ermont'	
6457182	8	48.7811	2.26330	29100	0	'Le Plessis-Robinson'	
2967245	8	48.7171	2.48810	29029	0	'Yerres'	
2972893	8	48.765	2.39230	29017	1	'Thiais'	
3020832	8	48.6852	2.40800	28833	0	'Draveil'	
3014643	8	48.6562	2.38490	28737	1	'Grigny'	
3014143	8	48.7714	2.07390	28633	0	'Guyancourt'	
2968142	8	48.8275	2.54470	28456	1	'Villiers-sur-Marne'	
6614115	8	48.9175	2.26830	28239	0	'Bois-Colombes'	
3017178	8	48.755	2.32210	27802	1	'Fresnes'	
6455402	8	48.8203	2.13030	27683	0	'Le Chesnay'	
6446359	8	49.0094	2.39110	27676	1	'Villiers-le-Bel'	
6455392	8	48.884	2.43500	27567	0	'Romainville'	
3029392	8	48.8422	2.69830	27379	1	'Bussy-Saint-Georges'	
2998305	8	48.7464	2.48830	27228	1	'Limeil-Brévannes'	
2992616	8	48.9	2.56670	26783	0	'Montfermeil'	
2984513	8	48.6444	1.83080	26736	0	'Rambouillet'	
6446335	8	48.9722	2.25780	26662	1	'Sannois'	
3030257	8	48.6114	2.30590	26528	1	'Brétigny-sur-Orge'	
6452034	8	48.7697	2.52280	26472	1	'Sucy-en-Brie'	
6446342	8	49.0264	2.22750	26441	1	'Taverny'	
2984004	8	48.9503	2.60250	26322	1	'Villeparisis'	
3015689	8	48.9875	2.44940	25999	1	'Gonesse'	
3012874	8	48.6979	2.50440	25669	0	'Brunoy'	
3020310	8	48.7847	1.95890	25400	0	'Élancourt'	
6457187	8	48.81	2.35810	25334	0	'Le Kremlin-Bicêtre'	
6446255	8	48.9922	2.28060	25097	1	'Eaubonne'	
8297830	8	48.4343	2.16150	25092	0	'Étampes'	
3027014	8	48.8529	2.60270	25041	1	'Champs-Sur-Marne'	
3017924	8	48.7893	2.28880	24564	0	'Fontenay-aux-Roses'	
6612920	8	48.9739	2.20140	24161	0	'Cormeilles-en-Parisis'	
3000060	8	48.9	2.50000	23962	1	'Les Pavillons-sous-Bois'	
6455343	8	48.7439	2.39280	23801	1	'Orly'	
8297907	8	48.7039	2.46050	23775	1	'Montgeron'	
6451986	8	48.9372	2.32780	23771	0	'Villeneuve-la-Garenne'	
8286141	8	49.0447	2.11110	23741	1	'Saint-Ouen-l’Aumône'	
2996564	8	48.9469	2.14560	23669	0	'Maisons-Laffitte'	
6451981	8	48.8239	2.21170	23507	0	'Sèvres'	
3000491	8	48.88	2.42000	23045	0	'Les Lilas'	
2983074	8	48.7906	2.65190	22994	1	'Roissy-en-Brie'	
2978621	8	48.8422	2.41860	22619	1	'Saint-Mandé'	
2972444	8	48.8502	2.65080	22568	1	'Torcy'	
3024107	8	48.67	2.56000	22383	1	'Combs-la-Ville'	
3021516	8	48.9767	2.32720	22306	1	'Deuil-la-Barre'	
6509676	8	48.7834	2.18340	22036	1	'Vélizy-Villacoublay'	
3021852	8	48.5177	2.64020	21835	1	'Dammarie-lè-Lys'	
6612927	8	48.9944	2.19580	21601	1	'Montigny-lès-Cormeilles'	
6613168	8	48.8075	2.33610	21501	1	'Arcueil'	
6454892	8	48.9906	2.32280	21461	1	'Montmorency'	
6613167	8	48.7333	2.41670	21384	1	'Villeneuve-le-Roi'	
2994477	8	48.7018	2.13390	21379	1	'Gif-sur-Yvette'	
6455408	8	48.8788	2.70750	21356	1	'Thorigny-sur-Marne'	
8297845	8	48.6943	2.29580	21221	0	'Longjumeau'	
2990616	8	48.8619	2.50640	21150	1	'Neuilly-Plaisance'	
3038712	8	48.9602	2.06840	21017	0	'Achères'	
3010529	8	48.8411	2.13440	20966	0	'La Celle-Saint-Cloud'	
2991719	8	48.6618	2.34610	20909	1	'Morsang-sur-Orge'	
3003481	8	48.5333	2.62890	20816	1	'Le Mée-sur-Seine'	
6446329	8	48.9719	2.28280	20682	1	'Saint-Gratien'	
3030990	8	48.7796	2.31510	20667	1	'Bourg-la-Reine'	
3025715	8	48.8086	2.18860	20520	1	'Chaville'	
8296740	8	48.975	1.71170	20452	1	'Mantes-la-Ville'	
2993679	8	48.9839	2.61640	20353	1	'Mitry-Mory'	
9177111	8	48.778	2.68000	20331	1	'Ozoir-la-Ferrière'	
2992671	8	48.3853	2.95080	20206	1	'Montereau-faut-Yonne'	
8286678	8	48.7025	2.31250	20181	1	'Chilly-Mazarin'	
3002647	8	48.8111	2.57170	20130	1	'Le Plessis-Trévise'	
3006025	8	48.6325	2.30280	19965	1	'Saint-Michel-sur-Orge'	
3025314	8	48.7664	2.35330	19863	1	'Chevilly-Larue'	
2975469	8	48.7786	2.29060	19606	0	'Sceaux'	
6452022	8	48.8214	2.47280	19516	1	'Joinville-le-Pont'	
6444066	8	48.8003	2.06250	19011	1	'Saint-Cyr-l’École'	
2974385	8	48.9878	2.29970	18243	1	'Soisy-sous-Montmorency'	
3030101	8	48.6925	2.61110	18237	0	'Brie-Comte-Robert'	
6612921	8	49.0172	2.09140	18162	1	'Éragny'	
6452015	8	48.7983	2.53390	18142	1	'Chennevières-sur-Marne'	
6452010	8	48.7742	2.48750	18045	1	'Bonneuil-sur-Marne'	
3009094	8	48.7628	1.94560	18019	1	'Maurepas'	
6443740	8	48.6261	2.59220	17882	1	'Moissy-Cramayel'	
3013657	8	48.8456	2.18690	17762	0	'Garches'	
6456496	8	48.8206	1.98360	17560	1	'Les Clayes-sous-Bois'	
3002499	8	48.885	2.40390	17485	0	'Le Pré-Saint-Gervais'	
6446317	8	49.0592	2.06250	17402	1	'Osny'	
6444000	8	48.9933	1.73580	17147	1	'Limay'	
6446153	8	48.6883	2.37750	17007	0	'Juvisy-sur-Orge'	
6452011	8	48.8411	2.52220	16919	1	'Bry-sur-Marne'	
12307023	8	49.03	2.02140	16575	1	'Vauréal'	
3031898	8	48.7503	2.50970	16487	1	'Boissy-Saint-Léger'	
6444102	8	48.8	2.17220	16406	0	'Viroflay'	
6444014	8	48.8669	2.09420	16335	1	'Marly-le-Roi'	
3028521	8	48.9478	2.03860	16248	1	'Carrières-sous-Poissy'	
3012162	8	49.0108	2.03860	16214	1	'Jouy-le-Moutier'	
6455393	8	48.9344	2.42440	16139	0	'Le Bourget'	
6444094	8	48.9797	1.97390	15982	1	'Verneuil-sur-Seine'	
6456504	8	48.8967	2.10610	15949	1	'Le Pecq'	
2998854	8	48.8939	2.13220	15865	0	'Le Vésinet'	
2989204	8	48.6981	2.18750	15844	0	'Orsay'	
2978768	8	49.0169	2.24640	15829	1	'Saint-Leu-la-Forêt'	
6443774	8	48.8547	2.62890	15676	1	'Noisiel'	
3021150	8	49.0275	2.32670	15418	1	'Domont'	
3018074	8	48.4089	2.70170	15407	0	'Fontainebleau'	
6451213	8	48.8014	2.03170	15220	1	'Bois-d’Arcy'	
6444032	8	48.9086	2.14940	15013	0	'Montesson'	
6446218	8	48.7475	2.26280	14941	1	'Verrières-le-Buisson'	
6446326	8	48.9986	2.35690	14875	1	'Saint-Brice-sous-Forêt'	
2971027	8	48.745	2.46720	14837	1	'Valenton'	
6443622	8	48.8156	3.08360	14757	0	'Coulommiers'	
3002401	8	48.8992	2.52310	14708	0	'Le Raincy'	
2994534	8	48.5653	2.43610	14679	1	'Mennecy'	
6452048	8	48.9872	2.41670	14329	1	'Arnouville-lès-Gonesse'	
2997904	8	48.8361	2.62780	14268	1	'Lognes'	
2992287	8	48.9736	2.34580	14145	1	'Montmagny'	
6455395	8	48.5328	2.54470	14109	1	'Saint-Fargeau'	
6455344	8	48.8183	2.43470	14001	1	'Saint-Maurice'	
6446138	8	48.6294	2.36140	13917	0	'Fleury-Mérogis'	
6451134	8	48.4089	2.72500	13662	0	'Avon'	
3017919	8	48.8136	2.04860	13494	1	'Fontenay-le-Fleury'	
6446175	8	48.7064	2.33470	13453	1	'Morangis'	
6455406	8	48.6322	2.54860	13410	1	'Lieusaint'	
2987847	8	49.1533	2.27110	13386	1	'Persan'	
6443883	8	48.8742	2.63810	13383	1	'Vaires-sur-Marne'	
6454726	8	48.2686	2.69360	13165	1	'Nemours'	
3037692	8	48.9808	2.05830	13078	1	'Andrésy'	
6443750	8	48.8753	2.74560	12764	0	'Montévrain'	
6446134	8	48.6931	2.51580	12279	1	'Épinay-sous-Sénart'	
3024701	8	48.945	2.68670	12264	1	'Claye-Souilly'	
2971689	8	48.9808	2.00610	12081	1	'Triel-sur-Seine'	
2985229	8	48.5589	3.29940	12000	0	'Provins'	
2988490	8	49.1111	2.22280	11986	1	'L’Isle-Adam'	
3036402	8	48.9583	1.85500	11974	0	'Aubergenville'	
3007102	8	48.7894	2.57670	11909	0	'La Queue-en-Brie'	
6446257	8	48.9697	2.30810	11285	1	'Enghien-les-Bains'	
6446135	8	48.6739	2.32720	11160	1	'Épinay-sur-Orge'	
6452037	8	48.7214	2.53420	11119	1	'Villecresnes'	
6451985	8	48.8261	2.19330	11050	1	'Ville-d’Avray'	
6443890	8	48.5264	2.68220	10985	1	'Vaux-le-Pénil'	
2968475	8	48.83	2.00220	10975	1	'Villepreux'	
6446205	8	48.6131	2.49530	10930	1	'Saint-Pierre-du-Perray'	
2967745	8	48.7583	2.05080	10921	1	'Voisins-le-Bretonneux'	
3036823	8	48.5903	2.24780	10920	0	'Arpajon'	
6446200	8	48.5953	2.25560	10877	1	'Saint-Germain-lès-Arpajon'	
2991860	8	48.9536	2.41640	10757	1	'Dugny'	
6451172	8	48.5658	2.60110	10625	1	'Cesson'	
3020925	8	48.5289	2.01080	10559	0	'Dourdan'	
8297880	8	48.7	2.22780	10546	1	'Villebon-sur-Yvette'	
6454890	8	49.0439	2.50530	10478	1	'Louvres'	
6452028	8	48.7858	2.53830	10403	1	'Ormesson-sur-Marne'	
3026862	8	48.9783	2.03080	10341	1	'Chanteloup-les-Vignes'	
3021848	8	49.0542	2.68140	10196	1	'Dammartin-en-Goële'	
2994283	8	49.0636	2.18640	9900	1	'Méry-sur-Oise'	
3031818	8	48.6133	2.38060	9765	1	'Bondoufle'	
6446149	8	48.7422	2.22610	9744	1	'Igny'	
3017660	8	49.0981	2.50670	9737	1	'Fosses'	
6446264	8	49.0278	2.36080	9719	1	'Ézanville'	
3022380	8	48.8778	2.14220	9602	1	'Croissy-sur-Seine'	
3009481	8	48.9492	3.12940	9586	0	'La Ferté-sous-Jouarre'	
6446113	8	48.6967	2.16140	9577	0	'Bures-sur-Yvette'	
3034141	8	49.1425	2.28640	9555	1	'Beaumont-sur-Oise'	
6612811	8	48.7239	2.08420	9337	1	'Magny-les-Hameaux'	
3022301	8	48.7147	2.46110	9285	0	'Crosne'	
6497274	8	48.8564	2.78610	9236	0	'Serris'	
2984678	8	48.6711	2.53390	9018	0	'Quincy-sous-Sénart'	
6446320	8	49.0225	2.15030	8908	1	'Pierrelaye'	
6443721	8	48.8631	2.81360	8876	1	'Magny-le-Hongre'	
6451220	8	48.865	2.13940	8795	1	'Bougival'	
6443768	8	48.555	3.01470	8775	1	'Nangis'	
6452056	8	49.0139	2.19000	8675	1	'Beauchamp'	
6613136	8	48.8425	2.15280	8660	1	'Vaucresson'	
2972253	8	48.7406	2.76810	8613	0	'Tournan-en-Brie'	
3014697	8	48.7411	2.73420	8566	1	'Gretz-Armainvilliers'	
2992229	8	48.9867	2.34440	8545	1	'Groslay'	
6456638	8	49.0028	2.23670	8488	1	'Le Plessis-Bouchard'	
3030203	8	48.5661	2.17140	8347	1	'Breuillet'	
6446163	8	48.6417	2.22970	8171	1	'Marcoussis'	
6443995	8	48.7681	2.16690	8124	1	'Jouy-en-Josas'	
2998329	8	48.9358	2.33970	8012	1	'L’Île-Saint-Denis'	
3005524	8	48.6606	2.26920	7970	1	'La Ville-du-Bois'	
2969608	8	48.5669	2.62190	7874	1	'Vert-Saint-Denis'	
2983755	8	48.7058	2.07190	7810	0	'Saint-Rémy-lès-Chevreuse'	
3030787	8	48.6908	2.53250	7767	1	'Boussy-Saint-Antoine'	
3020247	8	48.81	2.62280	7689	1	'Émerainville'	
3032872	8	48.8564	1.87280	7651	1	'Beynes'	
6446174	8	48.6386	2.27220	7624	1	'Montlhéry'	
3035228	8	48.5256	2.38560	7595	1	'Ballancourt'	
6444042	8	48.8464	2.06000	7577	1	'Noisy-le-Roi'	
3033098	8	49.0378	2.21330	7528	1	'Bessancourt'	
2988589	8	48.7081	2.36280	7503	1	'Paray-Vieille-Poste'	
3016622	8	48.9919	1.81030	7490	1	'Gargenville'	
2979752	8	48.6206	2.48920	7484	1	'Saint-Germain-lès-Corbeil'	
3035329	8	48.8469	2.82310	7411	1	'Bailly-Romainvilliers'	
6446159	8	48.5978	2.42640	7350	1	'Lisses'	
2969199	8	48.7308	2.32720	7301	1	'Wissous'	
2974383	8	48.6469	2.45220	7235	0	'Soisy-sur-Seine'	
3000602	8	48.7442	2.61580	7157	1	'Lésigny'	
3020440	8	49.0186	2.38110	7145	1	'Écouen'	
8298284	8	49.0067	2.26250	7123	1	'Saint-Prix'	
2997351	8	48.8603	2.11640	7055	0	'Louveciennes'	
2970469	8	48.9339	2.57190	7003	1	'Vaujours'	
6451994	8	48.8597	2.57640	6878	1	'Gournay-sur-Marne'	
3035864	8	49.0717	2.17420	6860	1	'Auvers-sur-Oise'	
6456501	8	48.7436	1.96310	6814	0	'Le Mesnil-Saint-Denis'	
6446158	8	48.6333	2.26720	6813	1	'Linas'	
6443783	8	49.0764	2.67640	6739	1	'Othis'	
6456497	8	48.7167	1.89440	6688	1	'Les Essarts-le-Roi'	
3022868	8	48.9175	2.60310	6658	1	'Courtry'	
2982756	8	48.9997	1.63170	6658	0	'Rosny-sur-Seine'	
6456505	8	48.6942	1.85420	6656	1	'Le Perray-en-Yvelines'	
6454887	8	49.0344	2.00140	6650	1	'Courdimanche'	
6454877	8	48.4931	2.19110	6642	1	'Étréchy'	
2998269	8	48.6456	2.07610	6558	1	'Limours'	
6455400	8	48.7586	1.96220	6551	1	'La Verrière'	
6446150	8	48.5142	2.34190	6537	1	'Itteville'	
3019985	8	48.9558	1.81530	6500	1	'Épône'	
2989372	8	48.9206	1.97580	6479	1	'Orgeval'	
3031294	8	49.0433	2.29920	6453	1	'Bouffémont'	
6443847	8	48.8692	2.68860	6400	1	'Saint-Thibault-des-Vignes'	
6443651	8	48.9031	2.81250	6339	1	'Esbly'	
3027242	8	48.3972	2.80110	6292	1	'Champagne-sur-Seine'	
3003375	8	48.9281	2.12250	6292	1	'Le Mesnil-le-Roi'	
2997698	8	48.6428	2.29170	6277	0	'Longpont-sur-Orge'	
2975785	8	48.6922	2.26640	6240	1	'Saulx-les-Chartreux'	
2990957	8	48.9297	2.89690	6218	1	'Nanteuil-lès-Meaux'	
6443767	8	48.5842	2.56610	6179	1	'Nandy'	
2996802	8	48.9672	1.68190	6104	0	'Magnanville'	
3020346	8	48.5806	2.22390	6094	1	'Égly'	
2977709	8	49.0706	2.79970	6094	1	'Saint-Pathus'	
6443606	8	48.8803	2.76330	5969	1	'Chessy'	
2981629	8	48.5717	1.94060	5910	1	'Saint-Arnoult-en-Yvelines'	
6451149	8	48.4736	2.69720	5882	0	'Bois-le-Roi'	
2995110	8	48.9089	1.84830	5878	1	'Maule'	
6443930	8	48.7733	2.12530	5858	1	'Buc'	
6446206	8	48.5908	2.49690	5758	1	'Saintry-sur-Seine'	
2994494	8	49.0272	1.98140	5753	1	'Menucourt'	
6446292	8	49.1544	1.78670	5750	1	'Magny-en-Vexin'	
2986272	8	48.8031	1.90140	5715	0	'Jouars-Pontchartrain'	
2982146	8	48.7483	2.34970	5705	1	'Rungis'	
3017902	8	48.7075	2.86940	5678	1	'Fontenay-Trésigny'	
2995653	8	49.0808	2.49940	5657	1	'Marly-la-Ville'	
6454736	8	48.7075	2.03830	5647	0	'Chevreuse'	
3027351	8	48.9061	2.04030	5607	1	'Chambourcy'	
2995571	8	48.5625	2.29830	5588	1	'Marolles-en-Hurepoix'	
6446318	8	49.1147	2.20860	5575	1	'Parmain'	
2991407	8	48.8225	3.03810	5557	1	'Mouroux'	
6456506	8	48.8792	2.10970	5509	0	'Le Port-Marly'	
3007017	8	48.5222	2.26530	5505	1	'Lardy'	
6446223	8	48.5883	2.45610	5491	1	'Villabé'	
2977425	8	48.2653	2.67970	5444	1	'Saint-Pierre-lès-Nemours'	
6443804	8	48.8994	2.87360	5439	1	'Quincy-Voisins'	
2973963	8	48.1831	2.73530	5387	1	'Souppes-sur-Loing'	
6444099	8	48.9392	1.99780	5331	1	'Villennes-sur-Seine'	
2969423	8	49.1278	2.37030	5220	1	'Viarmes'	
3022613	8	48.9786	2.87830	5145	1	'Crégy-lès-Meaux'	
2993715	8	48.5536	2.12470	5134	1	'Saint-Chéron'	
2994396	8	49.0792	2.20500	5124	1	'Mériel'	
2971673	8	48.9572	2.94920	5061	1	'Trilport'	
3027243	8	49.1358	2.23560	5024	1	'Champagne-sur-Oise'	
2968502	8	48.9411	2.86140	4941	1	'Villenoy'	
6444092	8	49.0078	1.96310	4929	1	'Vaux-sur-Seine'	
2991754	8	48.6069	2.89000	4924	1	'Mormant'	
2977854	8	48.8597	2.02110	4915	1	'Saint-Nom-la-Bretêche'	
3009490	8	48.7825	3.30530	4902	1	'La Ferté-Gaucher'	
3023375	8	48.9153	2.57750	4866	1	'Coubron'	
2995573	8	48.7325	2.55080	4839	1	'Marolles-en-Brie'	
6446178	8	48.5658	2.48610	4831	1	'Le Coudray-Montceaux'	
6452025	8	48.7022	2.54440	4766	1	'Mandres-les-Roses'	
2989601	8	48.5897	2.21920	4712	1	'Ollainville'	
3031667	8	49.0353	1.57970	4700	1	'Bonnières-sur-Seine'	
6614539	8	48.9742	2.17830	4697	1	'La Frette-sur-Seine'	
6443893	8	48.3778	2.79280	4696	1	'Veneux-les-Sablons'	
3032695	8	48.7556	2.21500	4662	1	'Bièvres'	
2996982	8	49.1131	2.42220	4637	1	'Luzarches'	
2990195	8	48.7769	2.54720	4622	1	'Noiseau'	
2993843	8	48.4042	2.46690	4606	1	'Milly-la-Forêt'	
2968139	8	48.6578	2.30280	4592	0	'Villiers-sur-Orge'	
2989874	8	48.6603	2.24280	4577	0	'Nozay'	
3035230	8	48.6753	2.29640	4575	1	'Ballainvilliers'	
2999186	8	49.0047	2.47080	4534	1	'Le Thillay'	
6614248	8	48.8689	2.07110	4459	1	'L’Étang-la-Ville'	
3029855	8	48.8825	2.62940	4440	0	'Brou-sur-Chantereine'	
6446156	8	48.6169	2.26440	4405	1	'Leuville-sur-Orge'	
6456473	8	48.5031	2.78940	4396	1	'Le Châtelet-en-Brie'	
3012236	8	48.9269	3.13000	4350	0	'Jouarre'	
2991792	8	48.4464	2.18330	4340	1	'Morigny-Champigny'	
3017219	8	49.0472	1.60080	4339	1	'Freneuse'	
3024406	8	48.7472	1.92030	4334	1	'Coignières'	
2995059	8	48.9972	2.06190	4327	1	'Maurecourt'	
3029715	8	49.1572	2.32750	4326	1	'Bruyères-sur-Oise'	
6456630	8	48.5853	2.25970	4313	1	'La Norville'	
3037654	8	48.3103	1.99830	4310	1	'Angerville'	
6617677	8	48.6358	2.79860	4253	1	'Guignes-Rabutin'	
2972611	8	48.6403	2.50860	4209	1	'Tigery'	
3020426	8	48.95	1.92140	4205	1	'Ecquevilly'	
6446341	8	49.0978	2.54500	4198	1	'Survilliers'	
2991842	8	48.3744	2.81500	4188	1	'Moret-sur-Loing'	
6456631	8	48.6139	2.32920	4121	1	'Le Plessis-Pâté'	
6443797	8	48.8819	2.69080	4108	1	'Pomponne'	
2982043	8	48.7308	2.17330	4098	0	'Saclay'	
2976109	8	48.7258	2.57220	4045	1	'Santeny'	
3012656	8	48.9892	1.79250	3997	1	'Issou'	
3026867	8	48.855	2.73920	3966	1	'Chanteloup'	
6443969	8	48.8869	2.06530	3944	1	'Fourqueux'	
3025270	8	48.7253	2.66250	3939	1	'Chevry-Cossigny'	
6454895	8	49.1153	2.28220	3921	1	'Presles'	
2978550	8	49.0383	2.69530	3905	1	'Saint-Mard'	
3017728	8	48.6281	2.09920	3887	1	'Forges-les-Bains'	
3011978	8	48.9925	1.84560	3873	1	'Juziers'	
6455337	8	48.5561	2.20940	3860	1	'Boissy-sous-Saint-Yon'	
3031917	8	48.5256	2.57420	3768	0	'Boissise-le-Roi'	
2979730	8	48.8825	2.85060	3755	1	'Saint-Germain-sur-Morin'	
8296617	8	48.5203	2.65580	3749	1	'La Rochette'	
3009496	8	48.4828	2.34860	3730	1	'La Ferté-Alais'	
6444023	8	48.9581	1.80390	3707	1	'Mézières-sur-Seine'	
6443757	8	48.8867	2.82780	3688	1	'Montry'	
3013120	8	48.7908	1.60170	3655	0	'Houdan'	
6444060	8	48.8367	2.11080	3623	1	'Rocquencourt'	
3035340	8	48.8414	2.07720	3615	1	'Bailly'	
6446307	8	49.0714	2.31060	3558	1	'Montsoult'	
2985107	8	49.0578	2.50030	3543	1	'Puiseux-en-France'	
6443886	8	48.3739	2.92330	3542	1	'Varennes-sur-Seine'	
2998027	8	49.0253	3.02190	3535	1	'Lizy-sur-Ourcq'	
3018633	8	48.8214	2.70470	3483	1	'Ferrières-en-Brie'	
2995702	8	49.145	1.98360	3459	1	'Marines'	
6444012	8	48.8819	2.07670	3447	1	'Mareil-Marly'	
2972754	8	48.4083	2.78610	3444	1	'Thomery'	
3038756	8	48.5167	1.83560	3443	1	'Ablis'	
3021806	8	48.8867	2.73500	3404	1	'Dampmart'	
3029717	8	48.5928	2.19190	3399	1	'Bruyères-le-Châtel'	
6444038	8	48.8144	1.90220	3385	1	'Neauphle-le-Château'	
3024328	8	48.8369	2.67330	3380	1	'Collégien'	
6443831	8	48.3867	2.81420	3376	1	'Saint-Mammès'	
3027836	8	48.4769	2.32810	3354	1	'Cerny'	
3017208	8	49.0517	2.20500	3339	1	'Frépillon'	
3030044	8	48.6244	2.12390	3316	1	'Briis-sous-Forges'	
3025910	8	48.6678	2.84330	3304	1	'Chaumes-en-Brie'	
3037531	8	48.9256	2.71920	3274	1	'Annet-sur-Marne'	
2974747	8	48.7169	2.58720	3269	1	'Servon'	
3025882	8	49.1269	2.42890	3251	1	'Chaumontel'	
2976883	8	49.0383	2.80720	3233	1	'Saint-Soupplets'	
6443895	8	48.6444	2.83560	3223	1	'Verneuil-l’Étang'	
2986071	8	48.9719	1.77810	3193	1	'Porcheville'	
3031906	8	48.8222	3.13640	3182	1	'Boissy-le-Châtel'	
6446137	8	48.6358	2.47280	3165	1	'Étiolles'	
2995828	8	48.9275	2.85970	3155	0	'Mareuil-lès-Meaux'	
3029684	8	48.9797	1.67280	3111	1	'Buchelay'	
2991362	8	49.0631	2.60310	3108	1	'Moussy-le-Neuf'	
2994416	8	48.315	2.08640	3059	1	'Méréville'	
6454882	8	48.5414	2.33470	3059	1	'Saint-Vrain'	
2991898	8	48.9286	1.93690	3027	1	'Morainvilliers'	
6617946	8	48.4358	2.37750	2974	1	'Boutigny-sur-Essonnes'	
6446304	8	49.0097	2.28360	2963	1	'Montlignon'	
2986408	8	48.8158	3.01580	2953	1	'Pommeuse'	
3018587	8	48.8731	1.97310	2951	1	'Feucherolles'	
3026268	8	48.1492	2.70060	2945	1	'Château-Landon'	
2994428	8	48.7772	1.80920	2938	1	'Montfort-l’Amaury'	
6614000	8	48.8208	1.89000	2908	1	'Villiers-Saint-Frédéric'	
3019040	8	48.8003	2.99610	2885	1	'Faremoutiers'	
3027200	8	48.5153	2.44670	2864	0	'Champcueil'	
6443623	8	48.8919	2.79360	2860	1	'Coupvray'	
6446294	8	49.0019	2.28940	2859	0	'Margency'	
2983073	8	49.0042	2.51810	2858	1	'Roissy-en-France'	
2999382	8	48.3867	2.90250	2809	1	'La Grande-Paroisse'	
2982317	8	48.6833	2.95830	2807	1	'Rozay-en-Brie'	
2969616	8	48.5519	2.36690	2800	1	'Vert-le-Petit'	
3036562	8	49.1333	2.35610	2795	1	'Asnières-sur-Oise'	
6451160	8	48.3411	2.70780	2759	1	'Bourron-Marlotte'	
6446118	8	48.7086	2.27440	2758	1	'Champlan'	
2996559	8	48.3947	2.37610	2751	1	'Maisse'	
2978287	8	49.1067	2.34560	2737	1	'Saint-Martin-du-Tertre'	
2967542	8	48.4311	2.76670	2732	1	'Vulaines-sur-Seine'	
2979770	8	48.3992	2.99670	2732	1	'Saint-Germain-Laval'	
3033294	8	49.1611	2.30060	2718	1	'Bernes-sur-Oise'	
3015727	8	48.6786	2.13860	2711	1	'Gometz-le-Châtel'	
2970163	8	49.0697	2.56780	2684	1	'Vémars'	
2992387	8	48.3381	2.74280	2680	1	'Montigny-sur-Loing'	
2969749	8	48.3878	2.84640	2662	1	'Vernou-sur-Seine'	
3037713	8	49.0053	2.29940	2581	1	'Andilly'	
3013452	8	48.4464	2.76310	2572	1	'Héricy'	
6443813	8	48.5597	2.68030	2554	1	'Rubelles'	
6443684	8	48.8247	2.95810	2551	1	'Guérard'	
3026464	8	48.4875	2.70360	2544	1	'Chartrettes'	
6443682	8	48.6844	2.66690	2505	1	'Grisy-Suisnes'	
3016733	8	48.7731	1.67310	2479	1	'Gambais'	
3028806	8	48.3644	2.98830	2472	1	'Cannes-Écluse'	
6446258	8	49.0744	2.10610	2426	0	'Ennery'	
6443964	8	48.9644	1.87280	2419	1	'Flins-sur-Seine'	
2989376	8	48.8392	1.70060	2409	1	'Orgerus'	
2968704	8	48.6825	2.23640	2405	1	'Villejust'	
3010315	8	48.3183	2.57170	2400	1	'La Chapelle-la-Reine'	
3013926	8	49.0083	1.89360	2392	1	'Hardricourt'	
3016690	8	48.8219	1.75470	2387	1	'Garancières'	
2976557	8	49.0917	2.56830	2381	1	'Saint-Witz'	
2989645	8	49.0706	2.81670	2354	1	'Oissery'	
6443851	8	48.4253	2.75420	2351	1	'Samoreau'	
6443646	8	48.3525	2.82170	2349	1	'Écuelles'	
6443717	8	49.0508	2.66440	2344	1	'Longperrier'	
2975019	8	48.8925	1.68140	2343	1	'Septeuil'	
2985402	8	48.7147	2.74170	2313	1	'Presles-en-Brie'	
2970693	8	48.6781	2.55970	2307	0	'Varennes-Jarcy'	
2984284	8	48.8472	3.23250	2290	1	'Rebais'	
2991295	8	48.4147	3.23890	2276	1	'Bray-sur-Seine'	
3029377	8	49.0861	2.19830	2274	1	'Butry-sur-Oise'	
2969617	8	48.5722	2.35780	2270	1	'Vert-le-Grand'	
2986279	8	48.7967	2.70530	2219	1	'Pontcarré'	
3033598	8	49.0894	2.37110	2211	0	'Belloy-en-France'	
6446140	8	48.6197	2.15560	2184	0	'Fontenay-lès-Briis'	
3031409	8	48.965	1.89640	2177	1	'Bouafle'	
6614549	8	48.8053	1.76830	2175	1	'La Queue-lès-Yvelines'	
6443983	8	48.9442	1.73500	2162	1	'Guerville'	
2985041	8	48.3492	1.99280	2153	1	'Pussay'	
3031098	8	48.52	2.29750	2148	1	'Bouray-sur-Juine'	
3020335	8	48.1772	2.87140	2148	1	'Égreville'	
2968249	8	48.9139	2.66530	2134	1	'Villevaudé'	
3018154	8	49.0206	1.71390	2131	1	'Follainville-Dennemont'	
6443700	8	48.7944	3.27330	2129	1	'Jouy-sur-Morin'	
6446122	8	48.55	2.26810	2125	1	'Cheptainville'	
6443620	8	48.8844	2.85780	2125	1	'Couilly-Pont-aux-Dames'	
6443713	8	48.5106	2.68470	2081	1	'Livry-sur-Seine'	
3026474	8	49.1608	1.93720	2078	1	'Chars'	
2989263	8	48.5761	2.44670	2076	1	'Ormoy'	
6446217	8	48.7339	2.20750	2072	1	'Vauhallan'	
3027609	8	48.4672	2.60750	2064	1	'Chailly-en-Bière'	
2976281	8	48.4522	2.75000	2047	1	'Samois-sur-Seine'	
6612930	8	49.015	2.05920	2046	1	'Neuville-sur-Oise'	
3031744	8	48.6186	2.02780	2021	1	'Bonnelles'	
2970650	8	49.0028	2.92920	2021	1	'Varreddes'	
6443633	8	48.8286	2.65970	2007	1	'Croissy-Beaubourg'	
6443701	8	49.0128	2.70420	1989	1	'Juilly'	
3017922	8	49.0528	2.45030	1988	1	'Fontenay-en-Parisis'	
2987834	8	48.4775	2.55500	1986	1	'Perthes-en-Gâtinais'	
6443862	8	48.655	2.69970	1981	1	'Soignolles-en-Brie'	
3036223	8	48.7003	1.88720	1973	1	'Auffargis'	
6443746	8	48.3056	2.70360	1970	1	'Montcourt-Fromonville'	
2980932	8	48.9061	3.18390	1960	1	'Saint-Cyr-sur-Morin'	
2968140	8	48.8603	2.87940	1941	1	'Villiers-sur-Morin'	
3035362	8	49.0622	2.29940	1928	1	'Baillet-en-France'	
6443785	8	48.6611	2.77500	1912	1	'Ozouer-le-Voulgis'	
6443932	8	48.6219	1.99580	1910	0	'Bullion'	
3000268	8	48.6722	2.06890	1895	1	'Les Molières'	
3033477	8	49.0403	1.56220	1892	1	'Bennecourt'	
3023389	8	48.6711	2.69690	1881	0	'Coubert'	
2975247	8	48.5564	2.55310	1870	1	'Seine-Port'	
6443634	8	49.09	3.07440	1869	1	'Crouy-sur-Ourcq'	
2979832	8	48.8336	1.89940	1859	1	'Saint-Germain-de-la-Grange'	
2984294	8	48.6106	2.62360	1855	1	'Réau'	
2996827	8	49.0772	2.30780	1839	1	'Maffliers'	
3031911	8	49.0783	2.03110	1838	1	'Boissy-l’Aillerie'	
2968548	8	48.8136	2.82860	1833	1	'Villeneuve-le-Comte'	
6446195	8	48.3597	2.12530	1832	0	'Saclas'	
3004848	8	48.3733	2.49610	1829	1	'Noisy-sur-École'	
2982094	8	48.9628	3.21170	1828	1	'Saâcy-sur-Marne'	
2990729	8	49.13	2.17060	1824	1	'Nesles-la-Vallée'	
6443929	8	48.9442	1.53360	1801	1	'Bréval'	
2996674	8	48.5497	2.70190	1798	1	'Maincy'	
6613134	8	48.8303	2.17720	1792	1	'Marnes-la-Coquette'	
3025732	8	48.8539	1.98640	1791	1	'Chavenay'	
6613861	8	48.5144	3.24690	1785	1	'Longueville'	
6443729	8	48.3858	3.03110	1784	1	'Marolles-sur-Seine'	
6443818	8	48.7847	3.02940	1742	1	'Saint-Augustin'	
3023725	8	48.4989	1.96110	1731	1	'Corbreuse'	
2995670	8	48.7281	2.87940	1730	1	'Marles-en-Brie'	
2992476	8	49.0081	2.82720	1730	1	'Monthyon'	
2967631	8	48.2808	2.96830	1697	1	'Voulx'	
3036456	8	49.0572	2.34560	1693	1	'Attainville'	
2995859	8	48.8947	1.86890	1685	1	'Mareil-sur-Mauldre'	
6444020	8	48.7861	1.81720	1673	1	'Méré'	
3037648	8	48.5928	2.06530	1666	1	'Angervilliers'	
3031167	8	48.8811	2.90640	1663	1	'Bouleurs'	
3035419	8	48.2314	2.70500	1645	1	'Bagneaux-sur-Loing'	
3022562	8	48.8831	1.92170	1641	1	'Crespières'	
3008705	8	48.7542	2.87440	1633	1	'La Houssaye-en-Brie'	
2974263	8	48.5758	1.87780	1619	1	'Sonchamp'	
3034451	8	48.9281	1.86500	1615	1	'Bazemont'	
2974905	8	48.5361	2.08060	1611	1	'Sermaise'	
2991398	8	49.1336	2.27000	1609	1	'Mours'	
2998738	8	48.7214	1.94860	1601	1	'Lévis-Saint-Nom'	
3000460	8	48.7628	2.14170	1596	1	'Les-Loges-en-Josas'	
2977196	8	48.7564	1.88080	1578	1	'Saint-Rémy-l’Honoré'	
6443935	8	48.6733	1.97470	1570	1	'Cernay-la-Ville'	
3017915	8	48.5472	2.39920	1561	1	'Fontenay-le-Vicomte'	
2978126	8	48.5825	2.12610	1555	1	'Saint-Maurice-Montcouronne'	
6456485	8	48.9144	2.62920	1517	1	'Le Pin'	
2967639	8	48.8517	2.89670	1508	1	'Voulangis'	
3012163	8	48.6653	3.12830	1504	1	'Jouy-le-Châtel'	
6446131	8	48.4581	2.32060	1502	1	'D’Huison-Longueville'	
2973944	8	48.5369	3.35030	1494	1	'Sourdun'	
3015728	8	48.6717	2.12810	1492	1	'Gometz-la-Ville'	
6456632	8	48.565	2.06390	1492	1	'Le Val-Saint-Germain'	
2999040	8	48.5656	2.32610	1476	1	'Leudeville'	
2997706	8	48.9208	1.58750	1475	1	'Longnes'	
2991361	8	49.0467	2.62500	1460	1	'Moussy-le-Vieux'	
3034463	8	48.8039	1.66780	1455	1	'Bazainville'	
2975783	8	48.8233	1.63750	1454	0	'Richebourg'	
3010332	8	48.5497	2.89920	1447	1	'La Chapelle-Gauthier'	
6454720	8	48.4836	3.29360	1440	1	'Gouaix'	
2991695	8	48.7894	2.91640	1438	1	'Mortcerf'	
6451175	8	48.7903	3.12310	1437	1	'Chailly-en-Brie'	
6443618	8	48.8981	2.83170	1425	1	'Condé-Sainte-Libiaire'	
3014671	8	48.3153	2.68890	1413	1	'Grez-sur-Loing'	
3026281	8	48.7364	2.09110	1408	1	'Châteaufort'	
6443753	8	48.4531	3.06390	1403	1	'Montigny-Lencoup'	
3016918	8	48.9378	2.93560	1386	1	'Fublaines'	
2978822	8	48.7214	1.76560	1385	1	'Saint-Léger-en-Yvelines'	
2993589	8	48.5628	2.73580	1383	1	'Moisenay'	
3023644	8	49.1161	2.02110	1367	1	'Cormeilles-en-Vexin'	
6446193	8	48.5314	2.04530	1366	1	'Roinville'	
6454716	8	48.6153	3.19420	1365	1	'Chenoise'	
6444018	8	48.9533	1.99610	1356	1	'Médan'	
3021847	8	48.9031	1.61920	1341	1	'Dammartin-en-Serve'	
3026765	8	48.9664	1.93360	1339	1	'Chapet'	
3027307	8	48.9736	3.15140	1331	0	'Chamigny'	
2971316	8	49.0997	1.96670	1331	1	'Us'	
2977101	8	48.7589	3.05030	1329	1	'Saints'	
2970474	8	48.6025	2.12250	1321	1	'Vaugrigneuse'	
3026934	8	48.9578	3.01860	1320	1	'Changis-sur-Marne'	
3025057	8	48.7586	3.21690	1320	1	'Choisy-en-Brie'	
3031905	8	48.4717	2.28420	1318	1	'Boissy-le-Cutté'	
3016220	8	48.9925	2.94280	1316	1	'Germigny-l’Evêque'	
3034541	8	48.4922	2.35970	1310	1	'Baulne'	
2993578	8	49.05	2.33610	1308	0	'Moisselles'	
2975249	8	48.6483	2.95940	1305	1	'Courpalay'	
2998076	8	48.6994	2.77500	1300	1	'Liverdy-en-Brie'	
2974991	8	49.0353	1.86720	1295	1	'Seraincourt'	
2988131	8	48.9861	2.85940	1291	1	'Penchard'	
3016456	8	48.6339	1.77360	1285	1	'Gazeran'	
3010523	8	48.8064	2.96580	1284	1	'La Celle-sur-Morin'	
3027524	8	48.8886	2.77310	1281	1	'Chalifert'	
2974384	8	48.475	2.49440	1276	1	'Soisy-sur-École'	
2982228	8	48.7078	1.81390	1275	1	'Les Bréviaires'	
2979218	8	48.9514	3.01780	1273	1	'Saint-Jean-les-Deux-Jumeaux'	
3035866	8	48.4925	2.21920	1272	1	'Auvers-Saint-Georges'	
3018675	8	48.7322	2.62970	1260	0	'Férolles-Attilly'	
3030085	8	48.4575	2.13920	1254	1	'Brières-les-Scellés'	
2968448	8	49.0578	2.54280	1253	1	'Villeron'	
3036902	8	48.9789	3.02220	1234	1	'Armentières-en-Brie'	
6446229	8	48.7256	2.12580	1223	1	'Villiers-le-Bâcle'	
3023948	8	48.7417	1.66080	1222	1	'Condé-sur-Vesgre'	
3016745	8	48.7956	1.79360	1218	1	'Galluis'	
2972301	8	48.7358	3.01310	1213	1	'Touquin'	
3027970	8	48.4592	2.53170	1210	1	'Cély-en-Bière'	
2968151	8	48.6489	3.40670	1210	1	'Villiers-Saint-Georges'	
3002184	8	48.9142	1.91920	1207	1	'Les Alluets-le-Roi'	
2970866	8	49.0967	2.19080	1205	1	'Valmondois'	
3034160	8	48.1381	2.47690	1188	1	'Beaumont-en-Gâtinais'	
3000763	8	48.5017	2.01920	1187	1	'Les Granges-le-Roi'	
2974362	8	48.6578	2.71690	1186	1	'Solers'	
2974434	8	48.5281	2.75470	1184	1	'Sivry-Courtry'	
3015463	8	48.8606	2.69390	1183	1	'Gouvernes'	
2994179	8	48.9669	2.70060	1174	1	'Messy'	
6451140	8	48.4458	2.60500	1169	1	'Barbizon'	
2972143	8	48.7469	2.11420	1168	1	'Toussus-le-Noble'	
2990651	8	48.7692	2.83220	1162	0	'Neufmoutiers-en-Brie'	
3014367	8	48.8544	2.70580	1151	1	'Guermantes'	
3031918	8	48.5275	2.58920	1149	1	'Boissise-la-Bertrand'	
3038759	8	49.0903	1.98140	1142	1	'Ableiges'	
6443922	8	48.5717	2.66420	1140	1	'Voisenon'	
3027446	8	48.5156	2.21640	1139	1	'Chamarande'	
3022808	8	48.8625	2.85220	1138	1	'Coutevroult'	
2976415	8	48.4219	3.02190	1138	1	'Salins'	
3036142	8	48.9289	1.84030	1137	1	'Aulnay-sur-Mauldre'	
2994131	8	48.3456	2.56500	1134	1	'Achères-la-Forêt'	
2995330	8	49.015	3.02890	1132	1	'Mary-sur-Marne'	
2968519	8	48.8631	3.34190	1130	1	'Villeneuve-sur-Bellot'	
2976285	8	48.9478	3.08190	1127	1	'Sammeron'	
3018880	8	48.7642	2.77470	1125	1	'Favières'	
2977006	8	48.4967	2.54810	1113	1	'Saint-Sauveur-sur-École'	
6443719	8	48.9731	3.18750	1112	1	'Luzancy'	
2968679	8	48.2675	2.86830	1105	1	'Villemaréchal'	
3025275	8	48.7356	3.19500	1102	1	'Chevru'	
3031713	8	48.9744	2.43250	1101	1	'Bonneuil-en-France'	
3021844	8	48.8192	2.91970	1101	1	'Dammartin-sur-Tigeaux'	
2969083	8	49.0778	1.92830	1087	1	'Vigny'	
3012702	8	48.9111	2.82640	1082	1	'Isles-lès-Villenoy'	
3038516	8	48.9028	2.01920	1080	1	'Aigremont'	
3014362	8	49.0111	1.63580	1078	1	'Guernes'	
2971287	8	48.9553	3.07310	1077	1	'Ussy-sur-Marne'	
2989670	8	49.0278	1.84940	1069	1	'Oinville-sur-Montcient'	
3017936	8	48.5533	2.95170	1058	1	'Fontenailles'	
6443599	8	48.4183	3.09440	1046	1	'Châtenay-sur-Seine'	
3020968	8	48.8661	3.16280	1045	1	'Doue'	
6613994	8	48.4269	2.06610	1044	1	'Châlo-Saint-Mars'	
3003415	8	49.0186	2.59190	1043	1	'Le Mesnil-Amelot'	
6444041	8	48.9444	1.83640	1041	1	'Nézel'	
2973069	8	49.0244	1.92030	1041	1	'Tessancourt-sur-Aubette'	
2973582	8	48.8364	1.67470	1037	1	'Tacoignières'	
2972794	8	48.8511	1.91720	1030	1	'Thiverval-Grignon'	
6443602	8	48.8183	3.18500	1023	1	'Chauffry'	
2971045	8	48.4444	2.89030	1016	1	'Valence-en-Brie'	
2974717	8	49.1211	2.39390	1012	1	'Seugy'	
6443662	8	48.4878	2.76420	1010	1	'Fontaine-le-Port'	
2989432	8	48.5881	1.81060	1008	1	'Orcemont'	
3019256	8	48.6328	2.44049	53641	1	'Évry'	
2990612	8	48.8537	2.54900	34993	0	'Neuilly-sur-Marne'	
2970761	8	48.8208	2.28970	27729	1	'Vanves'	
3016292	8	48.8133	2.34440	18577	0	'Gentilly'	
2968655	8	48.6653	2.33080	7038	1	'Villemoisson-sur-Orge'	
3038754	8	48.7256	2.42110	5818	1	'Ablon-sur-Seine'	
3012499	8	48.5164	2.26940	1965	1	'Janville-sur-Juine'	
;


# INFRA somente hospitais universitarios e grandes
# # CODIGO	REGIAO (code)	LAT	LONG	POPULACAO 2030	INFR	MUNICIPIO	
#  param: I :	RE	lat	lng	POP	INFR	Mun 	:=
# 2978048	8	48.8566	2.35220	11020000	0	'Paris'	
# 3031137	8	48.8352	2.24090	120071	0	'Boulogne-Billancourt'	
# 2980916	8	48.9356	2.35390	111135	0	'Saint-Denis'	
# 3037044	8	48.95	2.25000	110210	0	'Argenteuil'	
# 2992090	8	48.8611	2.44360	109897	0	'Montreuil'	
# 8298013	8	48.8988	2.19690	95105	0	'Nanterre'	
# 6452043	8	48.7875	2.39280	93557	1	'Vitry-sur-Seine'	
# 6452018	8	48.7911	2.46280	90605	0	'Créteil'	
# 6452605	8	48.9131	2.38310	86375	1	'Aubervilliers'	
# 8286605	8	48.8053	2.13500	85862	0	'Versailles'	
# 3036145	8	48.9386	2.49060	85740	0	'Aulnay-sous-Bois'	
# 6455398	8	48.9108	2.28890	85191	1	'Carrières-sur-Seine'	
# 3024266	8	48.9236	2.25220	85177	0	'Colombes'	
# 6455399	8	48.8978	2.25310	81719	1	'Courbevoic'	
# 6521954	8	48.876	2.18100	78152	1	'Rueil-Malmaison'	
# 6452013	8	48.8172	2.51560	77630	1	'Champigny-sur-Marne'	
# 6452032	8	48.7994	2.49970	74859	1	'Saint-Maur-des-Fossés'	
# 3020839	8	48.93	2.45000	71318	1	'Drancy'	
# 6451970	8	48.8239	2.27000	68451	0	'Issy-les-Moulineaux'	
# 8298036	8	48.8478	2.55280	68183	1	'Noisy-le-Grand'	
# 8297891	8	48.6239	2.42940	67967	1	'Courcouronnes'	
# 6454886	8	49.0361	2.06310	65177	1	'Cergy'	
# 6612091	8	48.895	2.28720	64379	1	'Levallois-Perret'	
# 3037423	8	48.7539	2.29750	62570	0	'Antony'	
# 8298130	8	48.8078	2.37470	62052	0	'Ivry-sur-Seine'	
# 3024597	8	48.9044	2.30640	61070	1	'Clichy'	
# 2990611	8	48.8881	2.26860	60361	1	'Neuilly-sur-Seine'	
# 2976043	8	48.9956	2.38080	58587	1	'Sarcelles'	
# 8285608	8	48.8966	2.40170	57482	1	'Pantin'	
# 3005269	8	48.9387	2.46140	56783	1	'Le Blanc-Mesnil'	
# 2996568	8	48.8058	2.43780	55655	1	'Maisons-Alfort'	
# 6451992	8	48.9553	2.30920	55084	1	'Épinay-sur-Seine'	
# 6454723	8	48.9603	2.88830	54991	0	'Meaux'	
# 9177387	8	48.8833	2.60000	54917	1	'Chelles'	
# 2968705	8	48.7919	2.36360	54753	1	'Villejuif'	
# 6452608	8	48.9106	2.43970	53640	0	'Bobigny'	
# 6451987	8	48.9022	2.48280	53353	1	'Bondy'	
# 6451966	8	48.8014	2.26280	52971	0	'Clamart'	
# 3017910	8	48.8517	2.47720	52939	1	'Fontenay-sous-Bois'	
# 8286614	8	48.9372	2.16440	51967	1	'Sartrouville'	
# 3019597	8	48.6139	2.48200	51292	1	'Corbeil-Essonnes'	
# 2977824	8	48.9123	2.33420	51108	1	'Saint-Ouen'	
# 2974681	8	48.9333	2.53330	51016	0	'Sevran'	
# 6508695	8	48.7309	2.27130	50833	0	'Massy'	
# 6451975	8	48.8172	2.32190	50260	1	'Montrouge'	
# 2968054	8	48.8478	2.43920	49891	1	'Vincennes'	
# 6510057	8	48.87	2.22000	49145	0	'Suresnes'	
# 3016321	8	48.9333	2.30000	46907	1	'Gennevilliers'	
# 3035602	8	48.8667	2.48330	46207	1	'Rosny-sous-Bois'	
# 2994144	8	48.8123	2.23820	45352	1	'Meudon'	
# 8287136	8	48.763	2.40900	45331	1	'Choisy-le-Roi'	
# 2979783	8	48.8989	2.09380	44753	1	'Saint-Germain-en-Laye'	
# 3009670	8	48.885	2.23890	44645	0	'Puteaux'	
# 2998056	8	48.9192	2.53610	44437	1	'Livry-Gargan'	
# 2996148	8	48.9908	1.71720	44299	0	'Mantes-la-Jolie'	
# 6452000	8	48.8894	2.45030	44136	1	'Noisy-le-Sec'	
# 3038213	8	48.805	2.42390	43881	1	'Alfortville'	
# 3009824	8	48.9322	2.39670	43054	1	'La Courneuve'	
# 3016621	8	48.9728	2.40080	42728	1	'Garges-lès-Gonesse'	
# 3035409	8	48.7983	2.31370	40918	1	'Bagneux'	
# 6454724	8	48.5406	2.66000	40032	0	'Melun'	
# 3016830	8	48.8833	2.53330	39358	1	'Gagny'	
# 2973841	8	48.95	2.38330	38720	0	'Stains'	
# 2986501	8	48.9294	2.04560	37388	0	'Poissy'	
# 3026083	8	48.8	2.29000	37355	1	'Châtillon'	
# 8298054	8	48.955	2.54100	36830	1	'Villepinte'	
# 6446266	8	48.9889	2.23140	36762	1	'Franconville'	
# 2975525	8	48.6797	2.34570	36533	1	'Savigny-sur-Orge'	
# 2980558	8	48.6369	2.34030	36207	1	'Sainte-Geneviève-des-Bois'	
# 3023924	8	48.9992	2.09830	35846	1	'Conflans-Sainte-Honorine'	
# 3035403	8	48.8692	2.41810	35674	1	'Bagnolet'	
# 2988758	8	48.7145	2.24570	35514	1	'Palaiseau'	
# 3036460	8	48.7074	2.38890	34347	1	'Athis-Mons'	
# 6614566	8	48.8422	2.50360	33879	1	'Le Perreux-Sur-Marne'	
# 2967244	8	48.7325	2.44970	33545	1	'Villeneuve-Saint-Georges'	
# 6613133	8	48.7653	2.27810	33286	1	'Châtenay-Malabry'	
# 2992415	8	48.7711	2.03330	32929	1	'Montigny-le-Bretonneux'	
# 2990265	8	48.8375	2.48330	32851	1	'Nogent-sur-Marne'	
# 3000192	8	48.9875	1.91720	32792	1	'Les Mureaux'	
# 6444090	8	48.7775	2.00250	32584	1	'Trappes'	
# 6612809	8	48.9261	2.18920	32151	1	'Houilles'	
# 6446222	8	48.7001	2.41700	31574	1	'Vigneux-sur-Seine'	
# 2986930	8	48.8183	1.94720	31419	1	'Plaisir'	
# 2998632	8	48.78	2.33740	31204	1	'L’Haÿ-les-Roses'	
# 6446231	8	48.6713	2.37500	31093	1	'Viry-Châtillon'	
# 6455401	8	48.7919	2.33190	31069	1	'Cachan'	
# 2967990	8	49.0516	2.10170	30767	0	'Pontoise'	
# 8286153	8	49.0325	2.47470	30637	1	'Goussainville'	
# 10283420	8	48.8265	2.40500	30374	1	'Charenton-le-Pont'	
# 2987271	8	48.9656	2.36140	30306	1	'Pierrefitte-sur-Seine'	
# 8286631	8	48.8169	2.29440	30286	1	'Malakoff'	
# 3026033	8	48.8897	2.15730	30253	1	'Chatou'	
# 6443853	8	48.5841	2.58320	29984	1	'Savigny-le-Temple'	
# 8297997	8	48.84	2.22000	29973	1	'Saint-Cloud'	
# 2968653	8	48.8833	2.50000	29964	1	'Villemomble'	
# 6452064	8	48.9261	2.21780	29383	1	'Bezons'	
# 3024596	8	48.9102	2.55320	29348	1	'Clichy-sous-Bois'	
# 12122717	8	48.6537	2.41610	29225	1	'Ris-Orangis'	
# 3009169	8	48.9056	2.24450	29169	1	'La Garenne-Colombes'	
# 3019897	8	48.9922	2.26030	29108	1	'Ermont'	
# 6457182	8	48.7811	2.26330	29100	1	'Le Plessis-Robinson'	
# 2967245	8	48.7171	2.48810	29029	1	'Yerres'	
# 2972893	8	48.765	2.39230	29017	1	'Thiais'	
# 3020832	8	48.6852	2.40800	28833	0	'Draveil'	
# 3014643	8	48.6562	2.38490	28737	1	'Grigny'	
# 3014143	8	48.7714	2.07390	28633	1	'Guyancourt'	
# 2968142	8	48.8275	2.54470	28456	1	'Villiers-sur-Marne'	
# 6614115	8	48.9175	2.26830	28239	1	'Bois-Colombes'	
# 3017178	8	48.755	2.32210	27802	1	'Fresnes'	
# 6455402	8	48.8203	2.13030	27683	1	'Le Chesnay'	
# 6446359	8	49.0094	2.39110	27676	1	'Villiers-le-Bel'	
# 6455392	8	48.884	2.43500	27567	1	'Romainville'	
# 3029392	8	48.8422	2.69830	27379	1	'Bussy-Saint-Georges'	
# 2998305	8	48.7464	2.48830	27228	1	'Limeil-Brévannes'	
# 2992616	8	48.9	2.56670	26783	0	'Montfermeil'	
# 2984513	8	48.6444	1.83080	26736	1	'Rambouillet'	
# 6446335	8	48.9722	2.25780	26662	1	'Sannois'	
# 3030257	8	48.6114	2.30590	26528	1	'Brétigny-sur-Orge'	
# 6452034	8	48.7697	2.52280	26472	1	'Sucy-en-Brie'	
# 6446342	8	49.0264	2.22750	26441	1	'Taverny'	
# 2984004	8	48.9503	2.60250	26322	1	'Villeparisis'	
# 3015689	8	48.9875	2.44940	25999	0	'Gonesse'	
# 3012874	8	48.6979	2.50440	25669	1	'Brunoy'	
# 3020310	8	48.7847	1.95890	25400	1	'Élancourt'	
# 6457187	8	48.81	2.35810	25334	0	'Le Kremlin-Bicêtre'	
# 6446255	8	48.9922	2.28060	25097	1	'Eaubonne'	
# 8297830	8	48.4343	2.16150	25092	0	'Étampes'	
# 3027014	8	48.8529	2.60270	25041	1	'Champs-Sur-Marne'	
# 3017924	8	48.7893	2.28880	24564	1	'Fontenay-aux-Roses'	
# 6612920	8	48.9739	2.20140	24161	1	'Cormeilles-en-Parisis'	
# 3000060	8	48.9	2.50000	23962	1	'Les Pavillons-sous-Bois'	
# 6455343	8	48.7439	2.39280	23801	1	'Orly'	
# 8297907	8	48.7039	2.46050	23775	1	'Montgeron'	
# 6451986	8	48.9372	2.32780	23771	1	'Villeneuve-la-Garenne'	
# 8286141	8	49.0447	2.11110	23741	1	'Saint-Ouen-l’Aumône'	
# 2996564	8	48.9469	2.14560	23669	1	'Maisons-Laffitte'	
# 6451981	8	48.8239	2.21170	23507	1	'Sèvres'	
# 3000491	8	48.88	2.42000	23045	1	'Les Lilas'	
# 2983074	8	48.7906	2.65190	22994	1	'Roissy-en-Brie'	
# 2978621	8	48.8422	2.41860	22619	1	'Saint-Mandé'	
# 2972444	8	48.8502	2.65080	22568	1	'Torcy'	
# 3024107	8	48.67	2.56000	22383	1	'Combs-la-Ville'	
# 3021516	8	48.9767	2.32720	22306	1	'Deuil-la-Barre'	
# 6509676	8	48.7834	2.18340	22036	1	'Vélizy-Villacoublay'	
# 3021852	8	48.5177	2.64020	21835	1	'Dammarie-lè-Lys'	
# 6612927	8	48.9944	2.19580	21601	1	'Montigny-lès-Cormeilles'	
# 6613168	8	48.8075	2.33610	21501	1	'Arcueil'	
# 6454892	8	48.9906	2.32280	21461	1	'Montmorency'	
# 6613167	8	48.7333	2.41670	21384	1	'Villeneuve-le-Roi'	
# 2994477	8	48.7018	2.13390	21379	1	'Gif-sur-Yvette'	
# 6455408	8	48.8788	2.70750	21356	1	'Thorigny-sur-Marne'	
# 8297845	8	48.6943	2.29580	21221	0	'Longjumeau'	
# 2990616	8	48.8619	2.50640	21150	1	'Neuilly-Plaisance'	
# 3038712	8	48.9602	2.06840	21017	1	'Achères'	
# 3010529	8	48.8411	2.13440	20966	1	'La Celle-Saint-Cloud'	
# 2991719	8	48.6618	2.34610	20909	1	'Morsang-sur-Orge'	
# 3003481	8	48.5333	2.62890	20816	1	'Le Mée-sur-Seine'	
# 6446329	8	48.9719	2.28280	20682	1	'Saint-Gratien'	
# 3030990	8	48.7796	2.31510	20667	1	'Bourg-la-Reine'	
# 3025715	8	48.8086	2.18860	20520	1	'Chaville'	
# 8296740	8	48.975	1.71170	20452	1	'Mantes-la-Ville'	
# 2993679	8	48.9839	2.61640	20353	1	'Mitry-Mory'	
# 9177111	8	48.778	2.68000	20331	1	'Ozoir-la-Ferrière'	
# 2992671	8	48.3853	2.95080	20206	1	'Montereau-faut-Yonne'	
# 8286678	8	48.7025	2.31250	20181	1	'Chilly-Mazarin'	
# 3002647	8	48.8111	2.57170	20130	1	'Le Plessis-Trévise'	
# 3006025	8	48.6325	2.30280	19965	1	'Saint-Michel-sur-Orge'	
# 3025314	8	48.7664	2.35330	19863	1	'Chevilly-Larue'	
# 2975469	8	48.7786	2.29060	19606	1	'Sceaux'	
# 6452022	8	48.8214	2.47280	19516	1	'Joinville-le-Pont'	
# 6444066	8	48.8003	2.06250	19011	1	'Saint-Cyr-l’École'	
# 2974385	8	48.9878	2.29970	18243	1	'Soisy-sous-Montmorency'	
# 3030101	8	48.6925	2.61110	18237	1	'Brie-Comte-Robert'	
# 6612921	8	49.0172	2.09140	18162	1	'Éragny'	
# 6452015	8	48.7983	2.53390	18142	1	'Chennevières-sur-Marne'	
# 6452010	8	48.7742	2.48750	18045	1	'Bonneuil-sur-Marne'	
# 3009094	8	48.7628	1.94560	18019	1	'Maurepas'	
# 6443740	8	48.6261	2.59220	17882	1	'Moissy-Cramayel'	
# 3013657	8	48.8456	2.18690	17762	0	'Garches'	
# 6456496	8	48.8206	1.98360	17560	1	'Les Clayes-sous-Bois'	
# 3002499	8	48.885	2.40390	17485	1	'Le Pré-Saint-Gervais'	
# 6446317	8	49.0592	2.06250	17402	1	'Osny'	
# 6444000	8	48.9933	1.73580	17147	1	'Limay'	
# 6446153	8	48.6883	2.37750	17007	1	'Juvisy-sur-Orge'	
# 6452011	8	48.8411	2.52220	16919	1	'Bry-sur-Marne'	
# 12307023	8	49.03	2.02140	16575	1	'Vauréal'	
# 3031898	8	48.7503	2.50970	16487	1	'Boissy-Saint-Léger'	
# 6444102	8	48.8	2.17220	16406	1	'Viroflay'	
# 6444014	8	48.8669	2.09420	16335	1	'Marly-le-Roi'	
# 3028521	8	48.9478	2.03860	16248	1	'Carrières-sous-Poissy'	
# 3012162	8	49.0108	2.03860	16214	1	'Jouy-le-Moutier'	
# 6455393	8	48.9344	2.42440	16139	1	'Le Bourget'	
# 6444094	8	48.9797	1.97390	15982	1	'Verneuil-sur-Seine'	
# 6456504	8	48.8967	2.10610	15949	1	'Le Pecq'	
# 2998854	8	48.8939	2.13220	15865	1	'Le Vésinet'	
# 2989204	8	48.6981	2.18750	15844	1	'Orsay'	
# 2978768	8	49.0169	2.24640	15829	1	'Saint-Leu-la-Forêt'	
# 6443774	8	48.8547	2.62890	15676	1	'Noisiel'	
# 3021150	8	49.0275	2.32670	15418	1	'Domont'	
# 3018074	8	48.4089	2.70170	15407	1	'Fontainebleau'	
# 6451213	8	48.8014	2.03170	15220	1	'Bois-d’Arcy'	
# 6444032	8	48.9086	2.14940	15013	1	'Montesson'	
# 6446218	8	48.7475	2.26280	14941	1	'Verrières-le-Buisson'	
# 6446326	8	48.9986	2.35690	14875	1	'Saint-Brice-sous-Forêt'	
# 2971027	8	48.745	2.46720	14837	1	'Valenton'	
# 6443622	8	48.8156	3.08360	14757	0	'Coulommiers'	
# 3002401	8	48.8992	2.52310	14708	1	'Le Raincy'	
# 2994534	8	48.5653	2.43610	14679	1	'Mennecy'	
# 6452048	8	48.9872	2.41670	14329	1	'Arnouville-lès-Gonesse'	
# 2997904	8	48.8361	2.62780	14268	1	'Lognes'	
# 2992287	8	48.9736	2.34580	14145	1	'Montmagny'	
# 6455395	8	48.5328	2.54470	14109	1	'Saint-Fargeau'	
# 6455344	8	48.8183	2.43470	14001	1	'Saint-Maurice'	
# 6446138	8	48.6294	2.36140	13917	1	'Fleury-Mérogis'	
# 6451134	8	48.4089	2.72500	13662	1	'Avon'	
# 3017919	8	48.8136	2.04860	13494	1	'Fontenay-le-Fleury'	
# 6446175	8	48.7064	2.33470	13453	1	'Morangis'	
# 6455406	8	48.6322	2.54860	13410	1	'Lieusaint'	
# 2987847	8	49.1533	2.27110	13386	1	'Persan'	
# 6443883	8	48.8742	2.63810	13383	1	'Vaires-sur-Marne'	
# 6454726	8	48.2686	2.69360	13165	1	'Nemours'	
# 3037692	8	48.9808	2.05830	13078	1	'Andrésy'	
# 6443750	8	48.8753	2.74560	12764	1	'Montévrain'	
# 6446134	8	48.6931	2.51580	12279	1	'Épinay-sous-Sénart'	
# 3024701	8	48.945	2.68670	12264	1	'Claye-Souilly'	
# 2971689	8	48.9808	2.00610	12081	1	'Triel-sur-Seine'	
# 2985229	8	48.5589	3.29940	12000	1	'Provins'	
# 2988490	8	49.1111	2.22280	11986	1	'L’Isle-Adam'	
# 3036402	8	48.9583	1.85500	11974	1	'Aubergenville'	
# 3007102	8	48.7894	2.57670	11909	0	'La Queue-en-Brie'	
# 6446257	8	48.9697	2.30810	11285	1	'Enghien-les-Bains'	
# 6446135	8	48.6739	2.32720	11160	1	'Épinay-sur-Orge'	
# 6452037	8	48.7214	2.53420	11119	1	'Villecresnes'	
# 6451985	8	48.8261	2.19330	11050	1	'Ville-d’Avray'	
# 6443890	8	48.5264	2.68220	10985	1	'Vaux-le-Pénil'	
# 2968475	8	48.83	2.00220	10975	1	'Villepreux'	
# 6446205	8	48.6131	2.49530	10930	1	'Saint-Pierre-du-Perray'	
# 2967745	8	48.7583	2.05080	10921	1	'Voisins-le-Bretonneux'	
# 3036823	8	48.5903	2.24780	10920	0	'Arpajon'	
# 6446200	8	48.5953	2.25560	10877	1	'Saint-Germain-lès-Arpajon'	
# 2991860	8	48.9536	2.41640	10757	1	'Dugny'	
# 6451172	8	48.5658	2.60110	10625	1	'Cesson'	
# 3020925	8	48.5289	2.01080	10559	1	'Dourdan'	
# 8297880	8	48.7	2.22780	10546	1	'Villebon-sur-Yvette'	
# 6454890	8	49.0439	2.50530	10478	1	'Louvres'	
# 6452028	8	48.7858	2.53830	10403	1	'Ormesson-sur-Marne'	
# 3026862	8	48.9783	2.03080	10341	1	'Chanteloup-les-Vignes'	
# 3021848	8	49.0542	2.68140	10196	1	'Dammartin-en-Goële'	
# 2994283	8	49.0636	2.18640	9900	1	'Méry-sur-Oise'	
# 3031818	8	48.6133	2.38060	9765	1	'Bondoufle'	
# 6446149	8	48.7422	2.22610	9744	1	'Igny'	
# 3017660	8	49.0981	2.50670	9737	1	'Fosses'	
# 6446264	8	49.0278	2.36080	9719	1	'Ézanville'	
# 3022380	8	48.8778	2.14220	9602	1	'Croissy-sur-Seine'	
# 3009481	8	48.9492	3.12940	9586	1	'La Ferté-sous-Jouarre'	
# 6446113	8	48.6967	2.16140	9577	1	'Bures-sur-Yvette'	
# 3034141	8	49.1425	2.28640	9555	1	'Beaumont-sur-Oise'	
# 6612811	8	48.7239	2.08420	9337	1	'Magny-les-Hameaux'	
# 3022301	8	48.7147	2.46110	9285	1	'Crosne'	
# 6497274	8	48.8564	2.78610	9236	1	'Serris'	
# 2984678	8	48.6711	2.53390	9018	1	'Quincy-sous-Sénart'	
# 6446320	8	49.0225	2.15030	8908	1	'Pierrelaye'	
# 6443721	8	48.8631	2.81360	8876	1	'Magny-le-Hongre'	
# 6451220	8	48.865	2.13940	8795	1	'Bougival'	
# 6443768	8	48.555	3.01470	8775	1	'Nangis'	
# 6452056	8	49.0139	2.19000	8675	1	'Beauchamp'	
# 6613136	8	48.8425	2.15280	8660	1	'Vaucresson'	
# 2972253	8	48.7406	2.76810	8613	1	'Tournan-en-Brie'	
# 3014697	8	48.7411	2.73420	8566	1	'Gretz-Armainvilliers'	
# 2992229	8	48.9867	2.34440	8545	1	'Groslay'	
# 6456638	8	49.0028	2.23670	8488	1	'Le Plessis-Bouchard'	
# 3030203	8	48.5661	2.17140	8347	1	'Breuillet'	
# 6446163	8	48.6417	2.22970	8171	1	'Marcoussis'	
# 6443995	8	48.7681	2.16690	8124	1	'Jouy-en-Josas'	
# 2998329	8	48.9358	2.33970	8012	1	'L’Île-Saint-Denis'	
# 3005524	8	48.6606	2.26920	7970	1	'La Ville-du-Bois'	
# 2969608	8	48.5669	2.62190	7874	1	'Vert-Saint-Denis'	
# 2983755	8	48.7058	2.07190	7810	1	'Saint-Rémy-lès-Chevreuse'	
# 3030787	8	48.6908	2.53250	7767	1	'Boussy-Saint-Antoine'	
# 3020247	8	48.81	2.62280	7689	1	'Émerainville'	
# 3032872	8	48.8564	1.87280	7651	1	'Beynes'	
# 6446174	8	48.6386	2.27220	7624	1	'Montlhéry'	
# 3035228	8	48.5256	2.38560	7595	1	'Ballancourt'	
# 6444042	8	48.8464	2.06000	7577	1	'Noisy-le-Roi'	
# 3033098	8	49.0378	2.21330	7528	1	'Bessancourt'	
# 2988589	8	48.7081	2.36280	7503	1	'Paray-Vieille-Poste'	
# 3016622	8	48.9919	1.81030	7490	1	'Gargenville'	
# 2979752	8	48.6206	2.48920	7484	1	'Saint-Germain-lès-Corbeil'	
# 3035329	8	48.8469	2.82310	7411	1	'Bailly-Romainvilliers'	
# 6446159	8	48.5978	2.42640	7350	1	'Lisses'	
# 2969199	8	48.7308	2.32720	7301	1	'Wissous'	
# 2974383	8	48.6469	2.45220	7235	1	'Soisy-sur-Seine'	
# 3000602	8	48.7442	2.61580	7157	1	'Lésigny'	
# 3020440	8	49.0186	2.38110	7145	1	'Écouen'	
# 8298284	8	49.0067	2.26250	7123	1	'Saint-Prix'	
# 2997351	8	48.8603	2.11640	7055	1	'Louveciennes'	
# 2970469	8	48.9339	2.57190	7003	1	'Vaujours'	
# 6451994	8	48.8597	2.57640	6878	1	'Gournay-sur-Marne'	
# 3035864	8	49.0717	2.17420	6860	1	'Auvers-sur-Oise'	
# 6456501	8	48.7436	1.96310	6814	1	'Le Mesnil-Saint-Denis'	
# 6446158	8	48.6333	2.26720	6813	1	'Linas'	
# 6443783	8	49.0764	2.67640	6739	1	'Othis'	
# 6456497	8	48.7167	1.89440	6688	1	'Les Essarts-le-Roi'	
# 3022868	8	48.9175	2.60310	6658	1	'Courtry'	
# 2982756	8	48.9997	1.63170	6658	1	'Rosny-sur-Seine'	
# 6456505	8	48.6942	1.85420	6656	1	'Le Perray-en-Yvelines'	
# 6454887	8	49.0344	2.00140	6650	1	'Courdimanche'	
# 6454877	8	48.4931	2.19110	6642	1	'Étréchy'	
# 2998269	8	48.6456	2.07610	6558	1	'Limours'	
# 6455400	8	48.7586	1.96220	6551	1	'La Verrière'	
# 6446150	8	48.5142	2.34190	6537	1	'Itteville'	
# 3019985	8	48.9558	1.81530	6500	1	'Épône'	
# 2989372	8	48.9206	1.97580	6479	1	'Orgeval'	
# 3031294	8	49.0433	2.29920	6453	1	'Bouffémont'	
# 6443847	8	48.8692	2.68860	6400	1	'Saint-Thibault-des-Vignes'	
# 6443651	8	48.9031	2.81250	6339	1	'Esbly'	
# 3027242	8	48.3972	2.80110	6292	1	'Champagne-sur-Seine'	
# 3003375	8	48.9281	2.12250	6292	1	'Le Mesnil-le-Roi'	
# 2997698	8	48.6428	2.29170	6277	0	'Longpont-sur-Orge'	
# 2975785	8	48.6922	2.26640	6240	1	'Saulx-les-Chartreux'	
# 2990957	8	48.9297	2.89690	6218	1	'Nanteuil-lès-Meaux'	
# 6443767	8	48.5842	2.56610	6179	1	'Nandy'	
# 2996802	8	48.9672	1.68190	6104	1	'Magnanville'	
# 3020346	8	48.5806	2.22390	6094	1	'Égly'	
# 2977709	8	49.0706	2.79970	6094	1	'Saint-Pathus'	
# 6443606	8	48.8803	2.76330	5969	1	'Chessy'	
# 2981629	8	48.5717	1.94060	5910	1	'Saint-Arnoult-en-Yvelines'	
# 6451149	8	48.4736	2.69720	5882	1	'Bois-le-Roi'	
# 2995110	8	48.9089	1.84830	5878	1	'Maule'	
# 6443930	8	48.7733	2.12530	5858	1	'Buc'	
# 6446206	8	48.5908	2.49690	5758	1	'Saintry-sur-Seine'	
# 2994494	8	49.0272	1.98140	5753	1	'Menucourt'	
# 6446292	8	49.1544	1.78670	5750	1	'Magny-en-Vexin'	
# 2986272	8	48.8031	1.90140	5715	1	'Jouars-Pontchartrain'	
# 2982146	8	48.7483	2.34970	5705	1	'Rungis'	
# 3017902	8	48.7075	2.86940	5678	1	'Fontenay-Trésigny'	
# 2995653	8	49.0808	2.49940	5657	1	'Marly-la-Ville'	
# 6454736	8	48.7075	2.03830	5647	1	'Chevreuse'	
# 3027351	8	48.9061	2.04030	5607	1	'Chambourcy'	
# 2995571	8	48.5625	2.29830	5588	1	'Marolles-en-Hurepoix'	
# 6446318	8	49.1147	2.20860	5575	1	'Parmain'	
# 2991407	8	48.8225	3.03810	5557	1	'Mouroux'	
# 6456506	8	48.8792	2.10970	5509	1	'Le Port-Marly'	
# 3007017	8	48.5222	2.26530	5505	1	'Lardy'	
# 6446223	8	48.5883	2.45610	5491	1	'Villabé'	
# 2977425	8	48.2653	2.67970	5444	1	'Saint-Pierre-lès-Nemours'	
# 6443804	8	48.8994	2.87360	5439	1	'Quincy-Voisins'	
# 2973963	8	48.1831	2.73530	5387	1	'Souppes-sur-Loing'	
# 6444099	8	48.9392	1.99780	5331	1	'Villennes-sur-Seine'	
# 2969423	8	49.1278	2.37030	5220	1	'Viarmes'	
# 3022613	8	48.9786	2.87830	5145	1	'Crégy-lès-Meaux'	
# 2993715	8	48.5536	2.12470	5134	1	'Saint-Chéron'	
# 2994396	8	49.0792	2.20500	5124	1	'Mériel'	
# 2971673	8	48.9572	2.94920	5061	1	'Trilport'	
# 3027243	8	49.1358	2.23560	5024	1	'Champagne-sur-Oise'	
# 2968502	8	48.9411	2.86140	4941	1	'Villenoy'	
# 6444092	8	49.0078	1.96310	4929	1	'Vaux-sur-Seine'	
# 2991754	8	48.6069	2.89000	4924	1	'Mormant'	
# 2977854	8	48.8597	2.02110	4915	1	'Saint-Nom-la-Bretêche'	
# 3009490	8	48.7825	3.30530	4902	1	'La Ferté-Gaucher'	
# 3023375	8	48.9153	2.57750	4866	1	'Coubron'	
# 2995573	8	48.7325	2.55080	4839	1	'Marolles-en-Brie'	
# 6446178	8	48.5658	2.48610	4831	1	'Le Coudray-Montceaux'	
# 6452025	8	48.7022	2.54440	4766	1	'Mandres-les-Roses'	
# 2989601	8	48.5897	2.21920	4712	1	'Ollainville'	
# 3031667	8	49.0353	1.57970	4700	1	'Bonnières-sur-Seine'	
# 6614539	8	48.9742	2.17830	4697	1	'La Frette-sur-Seine'	
# 6443893	8	48.3778	2.79280	4696	1	'Veneux-les-Sablons'	
# 3032695	8	48.7556	2.21500	4662	1	'Bièvres'	
# 2996982	8	49.1131	2.42220	4637	1	'Luzarches'	
# 2990195	8	48.7769	2.54720	4622	1	'Noiseau'	
# 2993843	8	48.4042	2.46690	4606	1	'Milly-la-Forêt'	
# 2968139	8	48.6578	2.30280	4592	1	'Villiers-sur-Orge'	
# 2989874	8	48.6603	2.24280	4577	1	'Nozay'	
# 3035230	8	48.6753	2.29640	4575	1	'Ballainvilliers'	
# 2999186	8	49.0047	2.47080	4534	1	'Le Thillay'	
# 6614248	8	48.8689	2.07110	4459	1	'L’Étang-la-Ville'	
# 3029855	8	48.8825	2.62940	4440	1	'Brou-sur-Chantereine'	
# 6446156	8	48.6169	2.26440	4405	1	'Leuville-sur-Orge'	
# 6456473	8	48.5031	2.78940	4396	1	'Le Châtelet-en-Brie'	
# 3012236	8	48.9269	3.13000	4350	1	'Jouarre'	
# 2991792	8	48.4464	2.18330	4340	1	'Morigny-Champigny'	
# 3017219	8	49.0472	1.60080	4339	1	'Freneuse'	
# 3024406	8	48.7472	1.92030	4334	1	'Coignières'	
# 2995059	8	48.9972	2.06190	4327	1	'Maurecourt'	
# 3029715	8	49.1572	2.32750	4326	1	'Bruyères-sur-Oise'	
# 6456630	8	48.5853	2.25970	4313	1	'La Norville'	
# 3037654	8	48.3103	1.99830	4310	1	'Angerville'	
# 6617677	8	48.6358	2.79860	4253	1	'Guignes-Rabutin'	
# 2972611	8	48.6403	2.50860	4209	1	'Tigery'	
# 3020426	8	48.95	1.92140	4205	1	'Ecquevilly'	
# 6446341	8	49.0978	2.54500	4198	1	'Survilliers'	
# 2991842	8	48.3744	2.81500	4188	1	'Moret-sur-Loing'	
# 6456631	8	48.6139	2.32920	4121	1	'Le Plessis-Pâté'	
# 6443797	8	48.8819	2.69080	4108	1	'Pomponne'	
# 2982043	8	48.7308	2.17330	4098	1	'Saclay'	
# 2976109	8	48.7258	2.57220	4045	1	'Santeny'	
# 3012656	8	48.9892	1.79250	3997	1	'Issou'	
# 3026867	8	48.855	2.73920	3966	1	'Chanteloup'	
# 6443969	8	48.8869	2.06530	3944	1	'Fourqueux'	
# 3025270	8	48.7253	2.66250	3939	1	'Chevry-Cossigny'	
# 6454895	8	49.1153	2.28220	3921	1	'Presles'	
# 2978550	8	49.0383	2.69530	3905	1	'Saint-Mard'	
# 3017728	8	48.6281	2.09920	3887	1	'Forges-les-Bains'	
# 3011978	8	48.9925	1.84560	3873	1	'Juziers'	
# 6455337	8	48.5561	2.20940	3860	1	'Boissy-sous-Saint-Yon'	
# 3031917	8	48.5256	2.57420	3768	1	'Boissise-le-Roi'	
# 2979730	8	48.8825	2.85060	3755	1	'Saint-Germain-sur-Morin'	
# 8296617	8	48.5203	2.65580	3749	1	'La Rochette'	
# 3009496	8	48.4828	2.34860	3730	1	'La Ferté-Alais'	
# 6444023	8	48.9581	1.80390	3707	1	'Mézières-sur-Seine'	
# 6443757	8	48.8867	2.82780	3688	1	'Montry'	
# 3013120	8	48.7908	1.60170	3655	1	'Houdan'	
# 6444060	8	48.8367	2.11080	3623	1	'Rocquencourt'	
# 3035340	8	48.8414	2.07720	3615	1	'Bailly'	
# 6446307	8	49.0714	2.31060	3558	1	'Montsoult'	
# 2985107	8	49.0578	2.50030	3543	1	'Puiseux-en-France'	
# 6443886	8	48.3739	2.92330	3542	1	'Varennes-sur-Seine'	
# 2998027	8	49.0253	3.02190	3535	1	'Lizy-sur-Ourcq'	
# 3018633	8	48.8214	2.70470	3483	1	'Ferrières-en-Brie'	
# 2995702	8	49.145	1.98360	3459	1	'Marines'	
# 6444012	8	48.8819	2.07670	3447	1	'Mareil-Marly'	
# 2972754	8	48.4083	2.78610	3444	1	'Thomery'	
# 3038756	8	48.5167	1.83560	3443	1	'Ablis'	
# 3021806	8	48.8867	2.73500	3404	1	'Dampmart'	
# 3029717	8	48.5928	2.19190	3399	1	'Bruyères-le-Châtel'	
# 6444038	8	48.8144	1.90220	3385	1	'Neauphle-le-Château'	
# 3024328	8	48.8369	2.67330	3380	1	'Collégien'	
# 6443831	8	48.3867	2.81420	3376	1	'Saint-Mammès'	
# 3027836	8	48.4769	2.32810	3354	1	'Cerny'	
# 3017208	8	49.0517	2.20500	3339	1	'Frépillon'	
# 3030044	8	48.6244	2.12390	3316	1	'Briis-sous-Forges'	
# 3025910	8	48.6678	2.84330	3304	1	'Chaumes-en-Brie'	
# 3037531	8	48.9256	2.71920	3274	1	'Annet-sur-Marne'	
# 2974747	8	48.7169	2.58720	3269	1	'Servon'	
# 3025882	8	49.1269	2.42890	3251	1	'Chaumontel'	
# 2976883	8	49.0383	2.80720	3233	1	'Saint-Soupplets'	
# 6443895	8	48.6444	2.83560	3223	1	'Verneuil-l’Étang'	
# 2986071	8	48.9719	1.77810	3193	1	'Porcheville'	
# 3031906	8	48.8222	3.13640	3182	1	'Boissy-le-Châtel'	
# 6446137	8	48.6358	2.47280	3165	1	'Étiolles'	
# 2995828	8	48.9275	2.85970	3155	1	'Mareuil-lès-Meaux'	
# 3029684	8	48.9797	1.67280	3111	1	'Buchelay'	
# 2991362	8	49.0631	2.60310	3108	1	'Moussy-le-Neuf'	
# 2994416	8	48.315	2.08640	3059	1	'Méréville'	
# 6454882	8	48.5414	2.33470	3059	1	'Saint-Vrain'	
# 2991898	8	48.9286	1.93690	3027	1	'Morainvilliers'	
# 6617946	8	48.4358	2.37750	2974	1	'Boutigny-sur-Essonnes'	
# 6446304	8	49.0097	2.28360	2963	1	'Montlignon'	
# 2986408	8	48.8158	3.01580	2953	1	'Pommeuse'	
# 3018587	8	48.8731	1.97310	2951	1	'Feucherolles'	
# 3026268	8	48.1492	2.70060	2945	1	'Château-Landon'	
# 2994428	8	48.7772	1.80920	2938	1	'Montfort-l’Amaury'	
# 6614000	8	48.8208	1.89000	2908	1	'Villiers-Saint-Frédéric'	
# 3019040	8	48.8003	2.99610	2885	1	'Faremoutiers'	
# 3027200	8	48.5153	2.44670	2864	0	'Champcueil'	
# 6443623	8	48.8919	2.79360	2860	1	'Coupvray'	
# 6446294	8	49.0019	2.28940	2859	1	'Margency'	
# 2983073	8	49.0042	2.51810	2858	1	'Roissy-en-France'	
# 2999382	8	48.3867	2.90250	2809	1	'La Grande-Paroisse'	
# 2982317	8	48.6833	2.95830	2807	1	'Rozay-en-Brie'	
# 2969616	8	48.5519	2.36690	2800	1	'Vert-le-Petit'	
# 3036562	8	49.1333	2.35610	2795	1	'Asnières-sur-Oise'	
# 6451160	8	48.3411	2.70780	2759	1	'Bourron-Marlotte'	
# 6446118	8	48.7086	2.27440	2758	1	'Champlan'	
# 2996559	8	48.3947	2.37610	2751	1	'Maisse'	
# 2978287	8	49.1067	2.34560	2737	1	'Saint-Martin-du-Tertre'	
# 2967542	8	48.4311	2.76670	2732	1	'Vulaines-sur-Seine'	
# 2979770	8	48.3992	2.99670	2732	1	'Saint-Germain-Laval'	
# 3033294	8	49.1611	2.30060	2718	1	'Bernes-sur-Oise'	
# 3015727	8	48.6786	2.13860	2711	1	'Gometz-le-Châtel'	
# 2970163	8	49.0697	2.56780	2684	1	'Vémars'	
# 2992387	8	48.3381	2.74280	2680	1	'Montigny-sur-Loing'	
# 2969749	8	48.3878	2.84640	2662	1	'Vernou-sur-Seine'	
# 3037713	8	49.0053	2.29940	2581	1	'Andilly'	
# 3013452	8	48.4464	2.76310	2572	1	'Héricy'	
# 6443813	8	48.5597	2.68030	2554	1	'Rubelles'	
# 6443684	8	48.8247	2.95810	2551	1	'Guérard'	
# 3026464	8	48.4875	2.70360	2544	1	'Chartrettes'	
# 6443682	8	48.6844	2.66690	2505	1	'Grisy-Suisnes'	
# 3016733	8	48.7731	1.67310	2479	1	'Gambais'	
# 3028806	8	48.3644	2.98830	2472	1	'Cannes-Écluse'	
# 6446258	8	49.0744	2.10610	2426	1	'Ennery'	
# 6443964	8	48.9644	1.87280	2419	1	'Flins-sur-Seine'	
# 2989376	8	48.8392	1.70060	2409	1	'Orgerus'	
# 2968704	8	48.6825	2.23640	2405	1	'Villejust'	
# 3010315	8	48.3183	2.57170	2400	1	'La Chapelle-la-Reine'	
# 3013926	8	49.0083	1.89360	2392	1	'Hardricourt'	
# 3016690	8	48.8219	1.75470	2387	1	'Garancières'	
# 2976557	8	49.0917	2.56830	2381	1	'Saint-Witz'	
# 2989645	8	49.0706	2.81670	2354	1	'Oissery'	
# 6443851	8	48.4253	2.75420	2351	1	'Samoreau'	
# 6443646	8	48.3525	2.82170	2349	1	'Écuelles'	
# 6443717	8	49.0508	2.66440	2344	1	'Longperrier'	
# 2975019	8	48.8925	1.68140	2343	1	'Septeuil'	
# 2985402	8	48.7147	2.74170	2313	1	'Presles-en-Brie'	
# 2970693	8	48.6781	2.55970	2307	1	'Varennes-Jarcy'	
# 2984284	8	48.8472	3.23250	2290	1	'Rebais'	
# 2991295	8	48.4147	3.23890	2276	1	'Bray-sur-Seine'	
# 3029377	8	49.0861	2.19830	2274	1	'Butry-sur-Oise'	
# 2969617	8	48.5722	2.35780	2270	1	'Vert-le-Grand'	
# 2986279	8	48.7967	2.70530	2219	1	'Pontcarré'	
# 3033598	8	49.0894	2.37110	2211	1	'Belloy-en-France'	
# 6446140	8	48.6197	2.15560	2184	0	'Fontenay-lès-Briis'	
# 3031409	8	48.965	1.89640	2177	1	'Bouafle'	
# 6614549	8	48.8053	1.76830	2175	1	'La Queue-lès-Yvelines'	
# 6443983	8	48.9442	1.73500	2162	1	'Guerville'	
# 2985041	8	48.3492	1.99280	2153	1	'Pussay'	
# 3031098	8	48.52	2.29750	2148	1	'Bouray-sur-Juine'	
# 3020335	8	48.1772	2.87140	2148	1	'Égreville'	
# 2968249	8	48.9139	2.66530	2134	1	'Villevaudé'	
# 3018154	8	49.0206	1.71390	2131	1	'Follainville-Dennemont'	
# 6443700	8	48.7944	3.27330	2129	1	'Jouy-sur-Morin'	
# 6446122	8	48.55	2.26810	2125	1	'Cheptainville'	
# 6443620	8	48.8844	2.85780	2125	1	'Couilly-Pont-aux-Dames'	
# 6443713	8	48.5106	2.68470	2081	1	'Livry-sur-Seine'	
# 3026474	8	49.1608	1.93720	2078	1	'Chars'	
# 2989263	8	48.5761	2.44670	2076	1	'Ormoy'	
# 6446217	8	48.7339	2.20750	2072	1	'Vauhallan'	
# 3027609	8	48.4672	2.60750	2064	1	'Chailly-en-Bière'	
# 2976281	8	48.4522	2.75000	2047	1	'Samois-sur-Seine'	
# 6612930	8	49.015	2.05920	2046	1	'Neuville-sur-Oise'	
# 3031744	8	48.6186	2.02780	2021	1	'Bonnelles'	
# 2970650	8	49.0028	2.92920	2021	1	'Varreddes'	
# 6443633	8	48.8286	2.65970	2007	1	'Croissy-Beaubourg'	
# 6443701	8	49.0128	2.70420	1989	1	'Juilly'	
# 3017922	8	49.0528	2.45030	1988	1	'Fontenay-en-Parisis'	
# 2987834	8	48.4775	2.55500	1986	1	'Perthes-en-Gâtinais'	
# 6443862	8	48.655	2.69970	1981	1	'Soignolles-en-Brie'	
# 3036223	8	48.7003	1.88720	1973	1	'Auffargis'	
# 6443746	8	48.3056	2.70360	1970	1	'Montcourt-Fromonville'	
# 2980932	8	48.9061	3.18390	1960	1	'Saint-Cyr-sur-Morin'	
# 2968140	8	48.8603	2.87940	1941	1	'Villiers-sur-Morin'	
# 3035362	8	49.0622	2.29940	1928	1	'Baillet-en-France'	
# 6443785	8	48.6611	2.77500	1912	1	'Ozouer-le-Voulgis'	
# 6443932	8	48.6219	1.99580	1910	1	'Bullion'	
# 3000268	8	48.6722	2.06890	1895	1	'Les Molières'	
# 3033477	8	49.0403	1.56220	1892	1	'Bennecourt'	
# 3023389	8	48.6711	2.69690	1881	0	'Coubert'	
# 2975247	8	48.5564	2.55310	1870	1	'Seine-Port'	
# 6443634	8	49.09	3.07440	1869	1	'Crouy-sur-Ourcq'	
# 2979832	8	48.8336	1.89940	1859	1	'Saint-Germain-de-la-Grange'	
# 2984294	8	48.6106	2.62360	1855	1	'Réau'	
# 2996827	8	49.0772	2.30780	1839	1	'Maffliers'	
# 3031911	8	49.0783	2.03110	1838	1	'Boissy-l’Aillerie'	
# 2968548	8	48.8136	2.82860	1833	1	'Villeneuve-le-Comte'	
# 6446195	8	48.3597	2.12530	1832	1	'Saclas'	
# 3004848	8	48.3733	2.49610	1829	1	'Noisy-sur-École'	
# 2982094	8	48.9628	3.21170	1828	1	'Saâcy-sur-Marne'	
# 2990729	8	49.13	2.17060	1824	1	'Nesles-la-Vallée'	
# 6443929	8	48.9442	1.53360	1801	1	'Bréval'	
# 2996674	8	48.5497	2.70190	1798	1	'Maincy'	
# 6613134	8	48.8303	2.17720	1792	1	'Marnes-la-Coquette'	
# 3025732	8	48.8539	1.98640	1791	1	'Chavenay'	
# 6613861	8	48.5144	3.24690	1785	1	'Longueville'	
# 6443729	8	48.3858	3.03110	1784	1	'Marolles-sur-Seine'	
# 6443818	8	48.7847	3.02940	1742	1	'Saint-Augustin'	
# 3023725	8	48.4989	1.96110	1731	1	'Corbreuse'	
# 2995670	8	48.7281	2.87940	1730	1	'Marles-en-Brie'	
# 2992476	8	49.0081	2.82720	1730	1	'Monthyon'	
# 2967631	8	48.2808	2.96830	1697	1	'Voulx'	
# 3036456	8	49.0572	2.34560	1693	1	'Attainville'	
# 2995859	8	48.8947	1.86890	1685	1	'Mareil-sur-Mauldre'	
# 6444020	8	48.7861	1.81720	1673	1	'Méré'	
# 3037648	8	48.5928	2.06530	1666	1	'Angervilliers'	
# 3031167	8	48.8811	2.90640	1663	1	'Bouleurs'	
# 3035419	8	48.2314	2.70500	1645	1	'Bagneaux-sur-Loing'	
# 3022562	8	48.8831	1.92170	1641	1	'Crespières'	
# 3008705	8	48.7542	2.87440	1633	1	'La Houssaye-en-Brie'	
# 2974263	8	48.5758	1.87780	1619	1	'Sonchamp'	
# 3034451	8	48.9281	1.86500	1615	1	'Bazemont'	
# 2974905	8	48.5361	2.08060	1611	1	'Sermaise'	
# 2991398	8	49.1336	2.27000	1609	1	'Mours'	
# 2998738	8	48.7214	1.94860	1601	1	'Lévis-Saint-Nom'	
# 3000460	8	48.7628	2.14170	1596	1	'Les-Loges-en-Josas'	
# 2977196	8	48.7564	1.88080	1578	1	'Saint-Rémy-l’Honoré'	
# 6443935	8	48.6733	1.97470	1570	1	'Cernay-la-Ville'	
# 3017915	8	48.5472	2.39920	1561	1	'Fontenay-le-Vicomte'	
# 2978126	8	48.5825	2.12610	1555	1	'Saint-Maurice-Montcouronne'	
# 6456485	8	48.9144	2.62920	1517	1	'Le Pin'	
# 2967639	8	48.8517	2.89670	1508	1	'Voulangis'	
# 3012163	8	48.6653	3.12830	1504	1	'Jouy-le-Châtel'	
# 6446131	8	48.4581	2.32060	1502	1	'D’Huison-Longueville'	
# 2973944	8	48.5369	3.35030	1494	1	'Sourdun'	
# 3015728	8	48.6717	2.12810	1492	1	'Gometz-la-Ville'	
# 6456632	8	48.565	2.06390	1492	1	'Le Val-Saint-Germain'	
# 2999040	8	48.5656	2.32610	1476	1	'Leudeville'	
# 2997706	8	48.9208	1.58750	1475	1	'Longnes'	
# 2991361	8	49.0467	2.62500	1460	1	'Moussy-le-Vieux'	
# 3034463	8	48.8039	1.66780	1455	1	'Bazainville'	
# 2975783	8	48.8233	1.63750	1454	1	'Richebourg'	
# 3010332	8	48.5497	2.89920	1447	1	'La Chapelle-Gauthier'	
# 6454720	8	48.4836	3.29360	1440	1	'Gouaix'	
# 2991695	8	48.7894	2.91640	1438	1	'Mortcerf'	
# 6451175	8	48.7903	3.12310	1437	1	'Chailly-en-Brie'	
# 6443618	8	48.8981	2.83170	1425	1	'Condé-Sainte-Libiaire'	
# 3014671	8	48.3153	2.68890	1413	1	'Grez-sur-Loing'	
# 3026281	8	48.7364	2.09110	1408	1	'Châteaufort'	
# 6443753	8	48.4531	3.06390	1403	1	'Montigny-Lencoup'	
# 3016918	8	48.9378	2.93560	1386	1	'Fublaines'	
# 2978822	8	48.7214	1.76560	1385	1	'Saint-Léger-en-Yvelines'	
# 2993589	8	48.5628	2.73580	1383	1	'Moisenay'	
# 3023644	8	49.1161	2.02110	1367	1	'Cormeilles-en-Vexin'	
# 6446193	8	48.5314	2.04530	1366	1	'Roinville'	
# 6454716	8	48.6153	3.19420	1365	1	'Chenoise'	
# 6444018	8	48.9533	1.99610	1356	1	'Médan'	
# 3021847	8	48.9031	1.61920	1341	1	'Dammartin-en-Serve'	
# 3026765	8	48.9664	1.93360	1339	1	'Chapet'	
# 3027307	8	48.9736	3.15140	1331	1	'Chamigny'	
# 2971316	8	49.0997	1.96670	1331	1	'Us'	
# 2977101	8	48.7589	3.05030	1329	1	'Saints'	
# 2970474	8	48.6025	2.12250	1321	1	'Vaugrigneuse'	
# 3026934	8	48.9578	3.01860	1320	1	'Changis-sur-Marne'	
# 3025057	8	48.7586	3.21690	1320	1	'Choisy-en-Brie'	
# 3031905	8	48.4717	2.28420	1318	1	'Boissy-le-Cutté'	
# 3016220	8	48.9925	2.94280	1316	1	'Germigny-l’Evêque'	
# 3034541	8	48.4922	2.35970	1310	1	'Baulne'	
# 2993578	8	49.05	2.33610	1308	1	'Moisselles'	
# 2975249	8	48.6483	2.95940	1305	1	'Courpalay'	
# 2998076	8	48.6994	2.77500	1300	1	'Liverdy-en-Brie'	
# 2974991	8	49.0353	1.86720	1295	1	'Seraincourt'	
# 2988131	8	48.9861	2.85940	1291	1	'Penchard'	
# 3016456	8	48.6339	1.77360	1285	1	'Gazeran'	
# 3010523	8	48.8064	2.96580	1284	1	'La Celle-sur-Morin'	
# 3027524	8	48.8886	2.77310	1281	1	'Chalifert'	
# 2974384	8	48.475	2.49440	1276	1	'Soisy-sur-École'	
# 2982228	8	48.7078	1.81390	1275	1	'Les Bréviaires'	
# 2979218	8	48.9514	3.01780	1273	1	'Saint-Jean-les-Deux-Jumeaux'	
# 3035866	8	48.4925	2.21920	1272	1	'Auvers-Saint-Georges'	
# 3018675	8	48.7322	2.62970	1260	1	'Férolles-Attilly'	
# 3030085	8	48.4575	2.13920	1254	1	'Brières-les-Scellés'	
# 2968448	8	49.0578	2.54280	1253	1	'Villeron'	
# 3036902	8	48.9789	3.02220	1234	1	'Armentières-en-Brie'	
# 6446229	8	48.7256	2.12580	1223	1	'Villiers-le-Bâcle'	
# 3023948	8	48.7417	1.66080	1222	1	'Condé-sur-Vesgre'	
# 3016745	8	48.7956	1.79360	1218	1	'Galluis'	
# 2972301	8	48.7358	3.01310	1213	1	'Touquin'	
# 3027970	8	48.4592	2.53170	1210	1	'Cély-en-Bière'	
# 2968151	8	48.6489	3.40670	1210	1	'Villiers-Saint-Georges'	
# 3002184	8	48.9142	1.91920	1207	1	'Les Alluets-le-Roi'	
# 2970866	8	49.0967	2.19080	1205	1	'Valmondois'	
# 3034160	8	48.1381	2.47690	1188	1	'Beaumont-en-Gâtinais'	
# 3000763	8	48.5017	2.01920	1187	1	'Les Granges-le-Roi'	
# 2974362	8	48.6578	2.71690	1186	1	'Solers'	
# 2974434	8	48.5281	2.75470	1184	1	'Sivry-Courtry'	
# 3015463	8	48.8606	2.69390	1183	1	'Gouvernes'	
# 2994179	8	48.9669	2.70060	1174	1	'Messy'	
# 6451140	8	48.4458	2.60500	1169	1	'Barbizon'	
# 2972143	8	48.7469	2.11420	1168	1	'Toussus-le-Noble'	
# 2990651	8	48.7692	2.83220	1162	1	'Neufmoutiers-en-Brie'	
# 3014367	8	48.8544	2.70580	1151	1	'Guermantes'	
# 3031918	8	48.5275	2.58920	1149	1	'Boissise-la-Bertrand'	
# 3038759	8	49.0903	1.98140	1142	1	'Ableiges'	
# 6443922	8	48.5717	2.66420	1140	1	'Voisenon'	
# 3027446	8	48.5156	2.21640	1139	1	'Chamarande'	
# 3022808	8	48.8625	2.85220	1138	1	'Coutevroult'	
# 2976415	8	48.4219	3.02190	1138	1	'Salins'	
# 3036142	8	48.9289	1.84030	1137	1	'Aulnay-sur-Mauldre'	
# 2994131	8	48.3456	2.56500	1134	1	'Achères-la-Forêt'	
# 2995330	8	49.015	3.02890	1132	1	'Mary-sur-Marne'	
# 2968519	8	48.8631	3.34190	1130	1	'Villeneuve-sur-Bellot'	
# 2976285	8	48.9478	3.08190	1127	1	'Sammeron'	
# 3018880	8	48.7642	2.77470	1125	1	'Favières'	
# 2977006	8	48.4967	2.54810	1113	1	'Saint-Sauveur-sur-École'	
# 6443719	8	48.9731	3.18750	1112	1	'Luzancy'	
# 2968679	8	48.2675	2.86830	1105	1	'Villemaréchal'	
# 3025275	8	48.7356	3.19500	1102	1	'Chevru'	
# 3031713	8	48.9744	2.43250	1101	1	'Bonneuil-en-France'	
# 3021844	8	48.8192	2.91970	1101	1	'Dammartin-sur-Tigeaux'	
# 2969083	8	49.0778	1.92830	1087	1	'Vigny'	
# 3012702	8	48.9111	2.82640	1082	1	'Isles-lès-Villenoy'	
# 3038516	8	48.9028	2.01920	1080	1	'Aigremont'	
# 3014362	8	49.0111	1.63580	1078	1	'Guernes'	
# 2971287	8	48.9553	3.07310	1077	1	'Ussy-sur-Marne'	
# 2989670	8	49.0278	1.84940	1069	1	'Oinville-sur-Montcient'	
# 3017936	8	48.5533	2.95170	1058	1	'Fontenailles'	
# 6443599	8	48.4183	3.09440	1046	1	'Châtenay-sur-Seine'	
# 3020968	8	48.8661	3.16280	1045	1	'Doue'	
# 6613994	8	48.4269	2.06610	1044	1	'Châlo-Saint-Mars'	
# 3003415	8	49.0186	2.59190	1043	1	'Le Mesnil-Amelot'	
# 6444041	8	48.9444	1.83640	1041	1	'Nézel'	
# 2973069	8	49.0244	1.92030	1041	1	'Tessancourt-sur-Aubette'	
# 2973582	8	48.8364	1.67470	1037	1	'Tacoignières'	
# 2972794	8	48.8511	1.91720	1030	1	'Thiverval-Grignon'	
# 6443602	8	48.8183	3.18500	1023	1	'Chauffry'	
# 2971045	8	48.4444	2.89030	1016	1	'Valence-en-Brie'	
# 2974717	8	49.1211	2.39390	1012	1	'Seugy'	
# 6443662	8	48.4878	2.76420	1010	1	'Fontaine-le-Port'	
# 2989432	8	48.5881	1.81060	1008	1	'Orcemont'	
# 3019256	8	48.6328	2.44049	53641	1	'Évry'	
# 2990612	8	48.8537	2.54900	34993	0	'Neuilly-sur-Marne'	
# 2970761	8	48.8208	2.28970	27729	1	'Vanves'	
# 3016292	8	48.8133	2.34440	18577	1	'Gentilly'	
# 2968655	8	48.6653	2.33080	7038	1	'Villemoisson-sur-Orge'	
# 3038754	8	48.7256	2.42110	5818	1	'Ablon-sur-Seine'	
# 3012499	8	48.5164	2.26940	1965	1	'Janville-sur-Juine'	
# ;


end;
