# ======================================================
# Model: Hierarchical health care design : 3 levels (brown field)
# Joao Flavio F. Almeida <joao.flavio@dep.ufmg.br >
# Fabricio Oliveira <fabricio.oliveira@aalto.fi >
# Data   : 19/02/2022
# Versao: 1.0:
# Region: 9: Occitanie (OC)
# =========================================================
data;

# param Distmax:=
# 1 80  # 80
# 2 120 # + 120
# 3 250; # + 200

# Minimal population on destination municipality (j) 
param POPmin:=
1	0
# 2	8000
# 3	20000
# 2	2000
# 3	4000
2	1379	# Q1
3	2243	# Q2 
;

param DurUpper:=
1 0.51 
# 2 1.75 
# 3 1.5;
2 1.1 
3 1.3; 

# Municipios selecionados que já possuem infraestrutura de nível 3
set S3:=
3038224	#	'Alès' : Central Hospital Alès
3035396	#	'Bagnols-sur-Cèze': Central Hospital 	Bagnols-sur-Cèze
3038261	#	'Albi' : Centre Hospitalier Générale (CHG)
2997395	#	'Lourdes': Centre Hospitalier
6301914	#	'Toulouse' : Hôpital de La Grave
2992166	#	'Montpellier' : Hospital Lapeyronie
2990363	#	'Nîmes' : University Hospital CAREMEAU
;

# CODIGO	REGIAO (code)	LAT	LONG	POPULACAO 2030	INFR	MUNICIPIO	
 param: I :	RE	lat	lng	POP	INFR	Mun 	:=
6301914	9	43.6045	1.44400	968638	0	'Toulouse'	
2992166	9	43.6119	3.87720	607896	0	'Montpellier'	
2990363	9	43.838	4.36100	151001	1	'Nîmes'	
2987914	9	42.6986	2.89560	120158	0	'Perpignan'	
8291902	9	43.3476	3.21900	77177	0	'Béziers'	
6454798	9	44.0181	1.35580	60810	0	'Montauban'	
2990919	9	43.1836	3.00420	54700	0	'Narbonne'	
3038261	9	43.9289	2.14640	48970	0	'Albi'	
8289344	9	43.21	2.35000	46031	0	'Carcassonne'	
6496329	9	43.4053	3.69750	43229	0	'Sète'	
12316668	9	43.6	2.25000	41636	0	'Castres'	
2973385	9	43.23	0.07000	41518	0	'Tarbes'	
3038224	9	44.1281	4.08170	40219	0	'Alès'	
3024223	9	43.6139	1.33670	38951	0	'Colomiers'	
3038638	9	43.3108	3.47580	28609	0	'Agde'	
2972237	9	43.5853	1.34420	26962	1	'Tournefeuille'	
2997116	9	43.6778	4.13610	26239	0	'Lunel'	
2991153	9	43.4611	1.32670	24945	0	'Muret'	
3032469	9	43.6364	1.39060	24517	0	'Blagnac'	
6427003	9	44.3506	2.57500	24057	0	'Rodez'	
3016956	9	43.4483	3.75610	22762	1	'Frontignan'	
2993875	9	44.0986	3.07830	22109	0	'Millau'	
3036281	9	43.6465	0.58550	21935	0	'Auch'	
3028337	9	43.6369	3.90190	20480	0	'Castelnau-le-Lez'	
3029213	9	44.4475	1.44060	19907	0	'Cahors'	
2986933	9	43.5656	1.29640	18888	1	'Plaisance-du-Touch'	
3022151	9	43.5378	1.34360	18267	1	'Cugnaux'	
3035396	9	44.1625	4.62000	18072	0	'Bagnols-sur-Cèze'	
2995121	9	43.6164	4.00750	16735	1	'Mauguio'	
3006121	9	43.5678	3.90210	16710	1	'Lattes'	
3035204	9	43.6103	1.49860	16520	1	'Balma'	
3034382	9	43.8072	4.64330	15718	0	'Beaucaire'	
2988670	9	43.1164	1.61080	15603	0	'Pamiers'	
3016824	9	43.9006	1.89830	15345	0	'Gaillac'	
2984493	9	43.5461	1.47560	14467	0	'Ramonville-Saint-Agne'	
3028322	9	44.04	1.10690	13934	0	'Castelsarrasin'	
3028409	9	43.5156	1.49810	13811	1	'Castanet-Tolosan'	
2979679	9	43.6778	4.43110	13787	1	'Saint-Gilles'	
2997395	9	43.095	-0.04530	13210	0	'Lourdes'	
2993586	9	44.1047	1.08530	13195	0	'Moissac'	
6444834	9	43.7608	1.98860	12789	0	'Graulhet'	
2977832	9	43.5514	1.53420	12522	0	'Saint-Orens-de-Gameville'	
2994617	9	44.5183	3.50060	12227	0	'Mende'	
6614492	9	42.7056	3.00720	12186	1	'Canet-en-Roussillon'	
3018103	9	43.5361	1.23110	12036	1	'Fonsorbes'	
2994043	9	43.4267	3.60530	12012	1	'Mèze'	
3028351	9	43.3181	1.95390	11951	0	'Castelnaudary'	
6427081	9	44.3525	2.03420	11781	0	'Villefranche-de-Rouergue'	
6616456	9	43.9664	4.79580	11769	0	'Villeneuve-lès-Avignon'	
2980313	9	42.7133	2.84190	11697	0	'Saint-Estève'	
12317844	9	44.3656	2.59360	11659	1	'Onet Village'	
2970407	9	43.6933	4.27610	11633	1	'Vauvert'	
2980045	9	43.1081	0.72330	11604	0	'Saint-Gaudens'	
2997104	9	43.6564	1.48440	11458	1	'L’Union'	
3012004	9	43.6131	3.80970	11363	1	'Juvignac'	
2998644	9	43.2006	2.75780	11248	0	'Lézignan-Corbières'	
2979394	9	43.6653	1.50500	10929	0	'Saint-Jean'	
2980984	9	42.6181	3.00640	10844	1	'Saint-Cyprien'	
3028388	9	43.6936	1.43280	10734	1	'Castelginest'	
6454780	9	43.6989	1.81890	10671	0	'Lavaur'	
6432641	9	43.5764	3.82390	10452	0	'Saint-Jean-de-Védas'	
2986109	9	44.2564	4.64830	10397	1	'Pont-Saint-Esprit'	
3037068	9	42.5461	3.02390	10366	0	'Argelès-sur-Mer'	
3029302	9	42.6806	2.94280	10235	0	'Cabestany'	
2968536	9	43.5322	3.86080	10178	1	'Villeneuve-lès-Maguelone'	
2978925	9	42.7736	2.99080	10158	1	'Saint-Laurent-de-la-Salanque'	
2998264	9	43.0569	2.21860	10112	0	'Limoux'	
2994902	9	43.4917	2.37330	10033	0	'Mazamet'	
2980033	9	43.6922	3.80610	9996	1	'Saint-Gély-du-Fesc'	
2968510	9	43.5236	1.34170	9987	0	'Villeneuve-Tolosane'	
3035970	9	43.3503	1.47470	9869	1	'Auterive'	
2985982	9	43.5219	1.40610	9791	1	'Portet-sur-Garonne'	
3018506	9	44.6086	2.03170	9778	0	'Figeac'	
3027833	9	44.0492	2.15810	9641	0	'Carmaux'	
2983833	9	43.4586	2.00420	9610	0	'Revel'	
2978661	9	43.5142	1.17750	9488	1	'Saint-Lys'	
3018174	9	42.9653	1.60690	9452	0	'Foix'	
3003874	9	43.5989	1.23310	9328	0	'Léguevin'	
2974648	9	43.4981	1.31250	9322	0	'Seysses'	
3004434	9	43.6472	3.93920	9316	1	'Le Crès'	
2987409	9	42.7447	2.92080	9228	1	'Pia'	
6617799	9	43.7742	1.68640	9227	1	'Saint-Sulpice-la-Pointe'	
3016940	9	43.5161	1.32470	9157	1	'Frouzins'	
3020281	9	42.6003	2.97110	9103	0	'Elne'	
2987936	9	43.565	3.95060	9000	1	'Pérols'	
3024631	9	43.6272	3.43220	8962	1	'Clermont-l’Hérault'	
6614303	9	43.6136	1.08080	8961	1	'L’Isle-Jourdain'	
6431637	9	43.6739	1.45690	8942	1	'Launaguet'	
3014745	9	43.7714	1.29310	8841	1	'Grenade'	
2983393	9	42.7689	2.87390	8756	1	'Rivesaltes'	
3008981	9	43.5606	4.08500	8755	0	'La Grande-Motte'	
3036287	9	43.6686	1.43060	8691	1	'Aucamville'	
6431321	9	43.86	4.44390	8635	1	'Marguerittes'	
3015424	9	43.6481	3.80170	8603	0	'Grabels'	
2987376	9	43.6169	1.28470	8517	1	'Pibrac'	
2969346	9	43.5372	4.13670	8457	0	'Le Grau-du-Roi'	
3038493	9	43.5667	4.19250	8456	1	'Aigues-Mortes'	
2971258	9	44.0125	4.41970	8420	0	'Uzès'	
3006531	9	43.5761	1.27140	8397	1	'La Salvetat-Saint-Gilles'	
6616427	9	43.9544	4.76670	8311	0	'Les Angles'	
2987441	9	43.4594	3.42280	8148	0	'Pézenas'	
2981925	9	43.9583	2.88640	8034	0	'Saint-Affrique'	
3036052	9	43.2439	0.09670	7849	1	'Aureilhan'	
3027888	9	42.4881	2.75140	7821	0	'Céret'	
2972665	9	42.6319	2.75640	7792	0	'Thuir'	
2995471	9	43.3564	3.52780	7784	1	'Marseillan'	
3000139	9	42.6819	2.79330	7753	1	'Le Soler'	
3035370	9	43.6611	4.01280	7708	1	'Baillargues'	
6431372	9	43.9744	4.69030	7574	1	'Rochefort-du-Gard'	
2997936	9	43.7317	3.31940	7459	0	'Lodève'	
2987180	9	43.5842	3.76190	7341	0	'Pignan'	
3031848	9	42.7311	2.93330	7310	1	'Bompas'	
3033698	9	43.7536	4.51440	7273	1	'Bellegarde'	
3035985	9	43.6839	1.31970	7187	1	'Aussonne'	
3019160	9	43.5503	3.77610	7142	1	'Fabrègues'	
6450469	9	43.0642	0.14970	7103	0	'Bagnères-de-Bigorre'	
2974925	9	43.28	3.27750	7053	1	'Sérignan'	
2981173	9	44.0844	4.07690	7042	1	'Saint-Christol-lez-Alès'	
2972317	9	42.6706	2.83190	7036	1	'Toulouges'	
3019843	9	43.5178	1.56080	6955	1	'Escalquens'	
2996236	9	43.8183	4.47330	6871	1	'Manduel'	
3035268	9	43.4408	3.67720	6867	1	'Balaruc-les-Bains'	
3023606	9	43.6494	1.32640	6862	0	'Cornebarrieu'	
3028162	9	44.1617	1.53690	6835	0	'Caussade'	
3012576	9	43.6608	3.91030	6800	1	'Jacou'	
2979148	9	43.9486	2.20940	6760	1	'Saint-Juéry'	
3033953	9	43.6653	1.37750	6676	1	'Beauzelle'	
3023943	9	43.9575	0.37250	6508	0	'Condom'	
3010720	9	43.5392	2.26330	6502	1	'Labruguière'	
3028340	9	43.7822	1.35830	6468	1	'Castelnau-d’Estrétefonds'	
3016076	9	43.4997	3.71110	6450	1	'Gigean'	
2979657	9	42.9847	1.14580	6408	0	'Saint-Girons'	
2992740	9	43.9569	1.22970	6406	1	'Montech'	
3016073	9	43.6519	3.55110	6340	1	'Gignac'	
6612489	9	43.6644	4.17690	6322	1	'Marsillargues'	
3006056	9	44.105	4.65750	6316	1	'Laudun-l’Ardoise'	
3031240	9	43.8003	4.42690	6305	1	'Bouillargues'	
2970144	9	43.6578	3.96940	6287	1	'Vendargues'	
3011312	9	43.4517	1.40000	6275	0	'Labarthe-sur-Lèze'	
3022986	9	43.5578	3.71890	6270	1	'Cournonterral'	
3028258	9	43.6789	3.98140	6250	1	'Castries'	
6431544	9	43.4217	1.35440	6234	1	'Eaunes'	
3028797	9	42.6519	2.83440	6199	1	'Canohès'	
6431793	9	43.6919	1.41470	6183	0	'Saint-Alban'	
3016953	9	43.8403	1.38940	6166	0	'Fronton'	
3005712	9	42.9328	1.84860	6099	0	'Lavelanet'	
2985653	9	42.6172	2.42190	6063	0	'Prades'	
2981746	9	43.6497	3.50360	6063	1	'Saint-André-de-Sangonis'	
2997262	9	44.3139	2.53500	5987	1	'La Primaube'	
2985738	9	43.4886	3.67000	5983	1	'Poussan'	
3018323	9	43.8494	0.66360	5982	0	'Fleurance'	
6431882	9	43.8656	1.50500	5962	1	'Villemur-sur-Tarn'	
3017879	9	43.5531	1.19110	5914	1	'Fontenilles'	
2988742	9	43.5294	3.93060	5903	0	'Palavas-les-Flots'	
2979174	9	43.7422	1.36970	5902	1	'Saint-Jory'	
6448303	9	43.7242	1.41140	5890	1	'Bruguières'	
3005364	9	42.7883	3.03560	5885	1	'Le Barcarès'	
3022956	9	43.2325	3.05890	5864	1	'Coursan'	
6451344	9	43.4983	2.36500	5856	0	'Aussillon'	
6448210	9	43.785	4.19220	5833	1	'Calvisson'	
6440788	9	43.1239	0.38470	5812	0	'Lannemezan'	
3033913	9	43.6159	3.15880	5771	0	'Bédarieux'	
3028652	9	43.2972	1.21920	5752	0	'Carbonne'	
2969421	9	43.3128	3.41860	5735	1	'Vias'	
2993889	9	43.7897	4.30750	5717	1	'Milhaud'	
6426776	9	43.0206	3.04330	5686	0	'Port-la-Nouvelle'	
3038427	9	43.6847	4.20860	5682	1	'Aimargues'	
6454787	9	43.8222	1.72530	5666	1	'Rabastens'	
2990809	9	44.0753	1.52170	5642	0	'Nègrepelisse'	
2985641	9	43.6989	3.86470	5581	1	'Prades-le-Lez'	
2972010	9	43.2097	2.44140	5566	0	'Trèbes'	
2974591	9	43.0281	2.97780	5531	1	'Sigean'	
2982851	9	44.0517	4.77830	5520	1	'Roquemaure'	
2979915	9	43.6103	3.78060	5476	1	'Saint-Georges-d’Orques'	
3012848	9	42.6706	2.62060	5436	1	'Ille-sur-Têt'	
3024759	9	43.6575	3.88830	5431	1	'Clapiers'	
2975649	9	43.2919	3.26060	5419	0	'Sauvian'	
3005102	9	42.5239	2.83000	5396	0	'Le Boulou'	
2976481	9	42.6542	2.95170	5391	1	'Saleilles'	
6447096	9	44.5592	2.25560	5353	0	'Decazeville'	
3031571	9	43.2592	0.04920	5340	1	'Bordères-sur-l’Échez'	
3018713	9	43.6797	1.39390	5272	1	'Fenouillet'	
2969930	9	43.7433	4.22000	5243	1	'Vergèze'	
2977327	9	44.1442	4.12920	5218	0	'Saint-Privat-des-Vieux'	
2974775	9	43.4272	3.29920	5126	1	'Servian'	
3033099	9	43.3614	3.42420	5119	1	'Bessan'	
3018231	9	43.3828	3.46500	5051	1	'Florensac'	
3014477	9	43.1069	3.08830	5044	1	'Gruissan'	
3028039	9	43.3922	3.10140	5023	1	'Cazouls-lès-Béziers'	
3009017	9	44.2111	4.02940	5021	1	'La Grand-Combe'	
2975181	9	43.2281	0.10670	5005	0	'Séméac'	
6431457	9	43.7844	4.09000	4972	1	'Sommières'	
2986460	9	42.6378	2.86690	4967	1	'Pollestres'	
3016595	9	43.7683	4.42830	4950	1	'Garons'	
3033959	9	43.7183	4.32360	4905	1	'Beauvoisin'	
6613544	9	43.3856	0.05310	4864	0	'Vic-en-Bigorre'	
2993348	9	43.6711	1.28750	4850	1	'Mondonville'	
3028050	9	43.2064	1.08580	4846	1	'Cazères'	
6426312	9	43.2344	1.57440	4841	1	'Saverdun'	
6432644	9	43.7697	3.86860	4836	1	'Saint-Mathieu'	
2980416	9	42.7272	3.01690	4797	1	'Sainte-Marie-la-Mer'	
6445047	9	43.8531	1.23580	4782	1	'Verdun-sur-Garonne'	
3035092	9	42.4822	3.12750	4752	0	'Banyuls-sur-Mer'	
3031144	9	43.7803	1.40500	4689	1	'Bouloc'	
2984616	9	43.8536	1.81110	4682	1	'Lisle-sur-Tarn'	
2995339	9	44.5533	3.29000	4667	0	'Marvejols'	
2968758	9	43.3997	1.71810	4662	0	'Villefranche-de-Lauragais'	
6618262	9	43.5106	1.37640	4654	1	'Roques'	
6432668	9	43.6842	3.92810	4585	1	'Teyran'	
3001253	9	43.9533	2.17030	4571	1	'Lescure-d’Albigeois'	
3019717	9	44.5225	2.76310	4559	0	'Espalion'	
2999046	9	42.9094	3.02890	4520	0	'Leucate'	
2996089	9	43.3667	3.15780	4514	1	'Maraussan'	
2978325	9	44.1631	4.08220	4472	0	'Saint-Martin-de-Valgalgues'	
6447072	9	44.5717	2.08080	4462	1	'Capdenac-Gare'	
6426915	9	43.2522	2.36470	4449	1	'Villemoustaussou'	
2988251	9	43.7039	1.46670	4429	1	'Pechbonnieu'	
2979554	9	44.0808	4.12530	4408	1	'Saint-Hilaire-de-Brethmas'	
6616483	9	43.4797	1.38330	4363	1	'Pins-Justaret'	
2971412	9	43.7569	4.26940	4345	1	'Uchaud'	
2993160	9	43.4808	3.48310	4330	0	'Montagnac'	
6615509	9	43.6767	1.53140	4320	0	'Castelmaurou'	
3014848	9	43.7211	1.43140	4272	1	'Gratentour'	
2993876	9	42.6917	2.69560	4266	1	'Millas'	
3024817	9	42.7603	2.95560	4250	1	'Claira'	
6448220	9	43.825	4.26220	4244	0	'Caveirac'	
2992921	9	44.0114	1.28500	4243	1	'Montbeton'	
3024746	9	43.8269	4.21810	4236	1	'Clarensac'	
3037331	9	43.8911	4.68080	4224	1	'Aramon'	
2970839	9	43.2469	3.29080	4223	1	'Valras-Plage'	
6617392	9	42.6058	2.89690	4220	1	'Bages'	
2997113	9	43.6778	4.09170	4184	1	'Lunel-Viel'	
2981193	9	44.8031	3.27580	4183	1	'Saint-Chély-d’Apcher'	
6431377	9	44.1786	4.15000	4177	1	'Rousson'	
2968544	9	43.3147	3.28030	4155	1	'Villeneuve-lès-Béziers'	
3014606	9	43.8281	1.29580	4152	1	'Grisolles'	
2982836	9	43.4989	1.36670	4131	1	'Roquettes'	
3033056	9	43.8006	1.60580	4100	0	'Bessières'	
3016371	9	43.7283	4.34860	4095	1	'Générac'	
3035802	9	43.5272	1.48170	4092	1	'Auzeville-Tolosane'	
6431727	9	43.6425	1.52500	4089	1	'Montrabé'	
3029174	9	43.7958	4.37890	4089	1	'Caissargues'	
2984195	9	43.8319	4.49690	4082	1	'Redessan'	
3012109	9	43.2014	0.02330	4076	1	'Juillan'	
2985925	9	42.5181	3.10500	4073	1	'Port-Vendres'	
2985778	9	43.9108	4.42360	4032	1	'Poulx'	
2985076	9	44.0047	4.77470	4028	1	'Pujaut'	
3016714	9	43.9342	3.70830	4027	0	'Ganges'	
3021953	9	43.2458	2.99920	4026	1	'Cuxac-d’Aude'	
2990344	9	43.2883	3.12860	4007	1	'Nissan-lez-Enserune'	
3015546	9	44.7372	1.38280	3985	0	'Gourdon'	
2988339	9	43.5408	3.45890	3977	1	'Paulhan'	
3011154	9	43.5292	1.53000	3972	1	'Labège'	
3020584	9	43.8614	0.10140	3942	1	'Eauze'	
6432553	9	43.3306	3.12080	3939	1	'Montady'	
2968571	9	42.6367	2.91720	3914	1	'Villeneuve-de-la-Raho'	
2993013	9	43.6489	3.69890	3904	0	'Montarnaud'	
2991040	9	43.3558	1.62330	3900	1	'Nailloux'	
2994870	9	43.2517	1.67810	3875	1	'Mazères'	
2972431	9	44.0478	1.46190	3863	1	'Saint-Étienne-de-Tulmont'	
2979475	9	43.9658	3.85580	3856	1	'Saint-Hippolyte-du-Fort'	
2992602	9	43.6686	3.85720	3840	1	'Montferrier-sur-Lez'	
2968238	9	43.5011	3.60720	3828	1	'Villeveyrac'	
2972412	9	42.755	2.99390	3825	1	'Torreilles'	
2976631	9	43.8281	4.56330	3814	1	'Jonquières-Saint-Vincent'	
3018288	9	43.2294	3.13440	3801	1	'Fleury'	
6455847	9	43.9922	3.60560	3785	0	'Le Vigan'	
3034170	9	43.8831	0.98830	3765	0	'Beaumont-de-Lomagne'	
2983593	9	43.9183	1.36780	3762	1	'Labastide-Saint-Pierre'	
6454955	9	44.5278	2.24580	3757	1	'Aubin'	
2987437	9	42.6953	2.77060	3737	1	'Pézilla-la-Rivière'	
2998622	9	43.43	1.22190	3726	1	'Lherm'	
2969914	9	43.9681	1.33810	3698	1	'Bressols'	
3038057	9	42.6397	2.98170	3669	1	'Alénya'	
3015119	9	43.7211	4.17280	3667	0	'Gallargues-le-Montueux'	
3004381	9	43.9344	0.62110	3665	1	'Lectoure'	
2969944	9	43.6575	1.66080	3631	1	'Verfeil'	
2976520	9	43.5814	2.18420	3589	1	'Saïx'	
2981521	9	43.64	3.96530	3557	1	'Saint-Aunès'	
2983606	9	43.4125	1.11780	3531	1	'Rieumes'	
2976421	9	44.1714	4.15780	3518	1	'Salindres'	
2985632	9	44.4789	1.40420	3515	1	'Pradines'	
2976489	9	42.8328	2.91890	3511	1	'Salses-le-Château'	
2969400	9	43.7583	0.30330	3509	1	'Vic-Fezensac'	
2993006	9	43.7175	1.59030	3503	1	'Montastruc-la-Conseillère'	
2988755	9	42.4753	2.67190	3503	0	'Amélie-les-Bains-Palalda'	
6431418	9	43.6344	4.19560	3501	1	'Saint-Laurent-d’Aigouze'	
6617792	9	43.8925	2.16970	3499	1	'Puygouzon'	
3028830	9	43.6017	3.49060	3494	1	'Canet'	
3035044	9	43.195	0.11940	3481	0	'Barbazan-Debat'	
2981228	9	44.8592	1.89110	3479	0	'Saint-Céré'	
3014482	9	44.7789	1.72500	3468	0	'Gramat'	
3019657	9	42.7769	2.83560	3460	1	'Espira-de-l’Agly'	
6432008	9	43.5147	0.40420	3455	0	'Mirande'	
2984299	9	43.7764	2.18970	3449	1	'Réalmont'	
2970669	9	43.0456	1.62830	3436	1	'Varilhes'	
3022987	9	43.5486	3.70470	3431	1	'Cournonsec'	
3033268	9	43.7656	4.28610	3425	1	'Bernis'	
2989629	9	44.3461	2.55280	3425	0	'Olemps'	
2984719	9	42.8753	2.18190	3400	0	'Quillan'	
3031205	9	43.3725	3.24890	3387	0	'Boujan-sur-Libron'	
6448269	9	43.4544	1.61500	3383	1	'Baziège'	
3037682	9	44.0535	3.98660	3382	1	'Anduze'	
2996823	9	43.4711	3.22190	3371	1	'Magalas'	
3038488	9	43.7394	4.18060	3338	1	'Aigues-Vives'	
3035388	9	42.7003	2.82250	3323	1	'Baho'	
2969389	9	43.4897	3.79670	3317	1	'Vic-la-Gardiole'	
2974203	9	42.5306	2.95670	3315	1	'Sorède'	
3005632	9	43.5856	3.80560	3282	1	'Lavérune'	
2993717	9	43.5078	3.80080	3282	1	'Mireval'	
2999981	9	43.2736	3.17170	3279	1	'Lespignan'	
6431847	9	43.6947	1.35330	3277	1	'Seilh'	
2995438	9	43.9175	2.02810	3277	1	'Marssac-sur-Tarn'	
6448475	9	43.3289	3.04440	3273	1	'Capestang'	
6454038	9	43.6572	4.11390	3266	1	'Saint-Just'	
3038257	9	44.09	1.44940	3260	1	'Albias'	
6427054	9	44.4031	2.60000	3260	1	'Sébazac-Concourès'	
2984643	9	43.9094	4.00000	3259	0	'Quissac'	
2981810	9	44.2606	4.19810	3257	1	'Saint-Ambroix'	
2976372	9	43.2383	3.11970	3254	1	'Salles-d’Aude'	
2989742	9	43.1958	0.05780	3253	1	'Odos'	
2968691	9	42.7278	2.98440	3251	1	'Villelongue-de-la-Salanque'	
2974066	9	44.8978	1.47420	3243	1	'Souillac'	
2998409	9	43.3839	3.17030	3209	1	'Lignan-sur-Orb'	
6447002	9	43.2428	2.11470	3204	1	'Bram'	
2984952	9	43.5719	2.01190	3198	1	'Puylaurens'	
3006205	9	43.1039	1.65420	3193	1	'La Tour-du-Crieu'	
2992577	9	43.8758	4.59330	3176	1	'Montfrin'	
6617813	9	44.0347	1.21690	3173	1	'La Ville-Dieu-du-Temple'	
3005657	9	43.3961	1.26030	3153	1	'Lavernose-Lacasse'	
3035065	9	44.2769	2.43280	3144	1	'Baraqueville'	
6454542	9	42.7842	2.96670	3131	1	'Saint-Hippolyte'	
2993720	9	43.0886	1.87360	3130	1	'Mirepoix'	
3016837	9	43.6989	1.37560	3122	1	'Gagnac-sur-Garonne'	
6432591	9	43.3044	3.33580	3115	1	'Portiragnes'	
3009188	9	43.4119	1.38860	3107	0	'Lagardelle-sur-Lèze'	
3007541	9	43.6514	4.07310	3106	1	'Lansargues'	
2988743	9	42.5728	2.96140	3106	1	'Palau-del-Vidre'	
2997775	9	43.355	1.24000	3104	1	'Longages'	
2991119	9	43.4406	3.14420	3102	1	'Murviel-lès-Béziers'	
2992654	9	43.2078	1.22970	3079	1	'Montesquieu-Volvestre'	
2974091	9	43.205	0.09920	3070	1	'Soues'	
2992926	9	43.7156	1.48030	3066	0	'Montberon'	
2977274	9	44.0453	4.44110	3063	1	'Saint-Quentin-la-Poterie'	
2980002	9	43.9456	4.21670	3036	1	'Saint-Geniès-de-Malgoirès'	
2978918	9	44.0547	4.69970	3032	1	'Saint-Laurent-des-Arbres'	
2969402	9	42.8475	1.60610	3028	1	'Tarascon-sur-Ariège'	
3016023	9	43.6264	0.87670	3025	1	'Gimont'	
3033435	9	43.3778	1.17580	3015	1	'Bérat'	
2972904	9	43.4217	3.16970	3008	1	'Thézan-lès-Béziers'	
2981303	9	43.6675	4.02920	3006	1	'Saint-Brès'	
6616494	9	43.4328	1.43170	2985	1	'Vernet'	
3006215	9	42.6061	3.00250	2978	1	'Latour-Bas-Elne'	
2985096	9	43.3678	3.04080	2974	1	'Puisserguier'	
2976395	9	43.2592	2.94580	2973	1	'Sallèles-d’Aude'	
6451350	9	44.0336	2.15860	2965	1	'Blaye-les-Mines'	
2992944	9	43.5158	3.69610	2928	1	'Montbazin'	
3037572	9	43.6853	3.58580	2915	1	'Aniane'	
3024932	9	43.3128	1.53060	2909	1	'Cintegabelle'	
2990294	9	43.3539	1.27440	2904	1	'Noé'	
3037070	9	43.0025	-0.09860	2901	1	'Argelès-Gazost'	
3012921	9	43.2331	0.00170	2900	1	'Ibos'	
6447057	9	44.4706	2.72060	2886	1	'Bozouls'	
3007694	9	44.7267	3.85500	2886	0	'Langogne'	
2974195	9	43.4528	2.06690	2869	1	'Sorèze'	
2983152	9	43.8267	4.43360	2866	1	'Rodilhan'	
2992917	9	43.3964	3.36720	2863	1	'Montblanc'	
6431631	9	43.6919	1.51640	2854	1	'Lapeyrouse'	
3036430	9	43.755	4.14780	2843	1	'Aubais'	
6616434	9	43.6931	4.61060	2843	1	'Fourques'	
3009289	9	44.1278	1.24060	2842	1	'Lafrançaise'	
2986204	9	42.6264	2.81440	2841	1	'Ponteilla'	
3033073	9	44.2917	4.10060	2838	1	'Bessèges'	
6424456	9	43.6136	1.23920	2836	0	'Brax'	
2979993	9	42.5417	2.92190	2836	1	'Saint-Génis-des-Fontaines'	
2980163	9	42.6814	2.73860	2830	1	'Saint-Féliu-d’Avall'	
3029338	9	43.7789	1.63310	2819	1	'Buzet-sur-Tarn'	
3011245	9	43.4614	1.24530	2809	1	'Labastidette'	
2987082	9	43.5083	1.38940	2806	1	'Pinsaguel'	
2986248	9	43.5044	2.40610	2796	1	'Pont-de-Larn'	
2999976	9	43.7083	1.38580	2783	1	'Lespinasse'	
2973626	9	43.7117	4.00220	2776	1	'Sussargues'	
2992102	9	43.0847	0.56890	2763	1	'Montréjeau'	
2978369	9	43.7908	3.73170	2761	1	'Saint-Martin-de-Londres'	
2972475	9	43.3967	3.41670	2740	1	'Saint-Thibéry'	
2970104	9	43.2694	3.22420	2712	1	'Vendres'	
6614066	9	42.4569	2.63390	2698	1	'Arles-sur-Tech'	
3035576	9	43.4372	1.59690	2663	1	'Ayguesvives'	
6426926	9	43.2036	3.07390	2653	1	'Vinassan'	
3020825	9	43.5969	1.60170	2650	1	'Drémil-Lafage'	
2970086	9	43.4336	1.44390	2633	1	'Venerque'	
3035267	9	43.4603	3.68470	2631	1	'Balaruc-le-Vieux'	
2980799	9	43.7333	3.98220	2630	1	'Saint-Drézéry'	
2991246	9	43.6464	4.03940	2624	1	'Mudaison'	
2999649	9	44.2069	4.03470	2598	0	'Les Salles-du-Gardon'	
2983591	9	43.2575	1.19690	2595	0	'Rieux-Volvestre'	
2988082	9	43.2458	2.31830	2589	1	'Pennautier'	
3035295	9	42.75	2.80920	2584	1	'Baixas'	
3024239	9	43.3131	3.14060	2584	0	'Colombiers'	
3029229	9	43.9853	2.14110	2583	1	'Cagnac-les-Mines'	
2974146	9	43.5556	2.11640	2573	1	'Soual'	
3035441	9	44.0731	4.05080	2565	1	'Bagard'	
3027824	9	43.3231	3.30470	2564	1	'Cers'	
2995054	9	42.4903	2.81030	2561	1	'Maureillas-las-Illas'	
2993726	9	43.3703	1.41720	2558	1	'Miremont'	
6448197	9	44.0494	4.01970	2549	1	'Boisset'	
2988922	9	43.2886	2.97140	2549	1	'Ouveillan'	
3028143	9	43.5072	3.36890	2546	1	'Caux'	
2971176	9	43.6722	3.71780	2546	1	'Vailhauquès'	
2982117	9	43.27	2.40170	2545	0	'Conques-sur-Orbiel'	
2992526	9	43.4578	1.57360	2536	1	'Montgiscard'	
3028674	9	43.53	1.75750	2520	1	'Caraman'	
6447097	9	44.3444	2.49310	2512	1	'Druelle'	
3038502	9	43.4939	2.31670	2511	1	'Aiguefonde'	
3008321	9	43.5975	3.07970	2508	0	'Lamalou-les-Bains'	
2988309	9	43.61	0.59190	2490	0	'Pavie'	
2994078	9	43.8825	4.56110	2479	1	'Meynes'	
3010566	9	43.7086	2.69220	2478	1	'Lacaune'	
2980004	9	43.6831	1.48580	2452	1	'Saint-Geniès-Bellevue'	
2979244	9	44.1047	3.88610	2436	1	'Saint-Jean-du-Gard'	
3024314	9	42.5256	3.08080	2418	0	'Collioure'	
3024463	9	43.7317	4.21970	2418	1	'Codognan'	
2974699	9	44.3217	3.07140	2415	0	'Sévérac-le-Château'	
3006699	9	42.97	1.87190	2412	1	'Laroque-d’Olmes'	
2983744	9	43.6758	4.23610	2410	1	'Le Cailar'	
2985547	9	44.5039	1.18810	2394	0	'Prayssac'	
6431539	9	43.6939	1.26920	2381	1	'Daux'	
2995351	9	43.1986	1.01080	2376	1	'Martres-Tolosane'	
3018456	9	44.54	2.31080	2374	1	'Firmi'	
2989108	9	43.1839	-0.02640	2372	1	'Ossun'	
3036314	9	43.7569	4.31220	2367	1	'Aubord'	
3029108	9	43.2867	1.63420	2362	0	'Calmont'	
2988756	9	43.1728	2.38530	2359	1	'Palaja'	
2976837	9	43.3289	1.32190	2356	1	'Saint-Sulpice-sur-Lèze'	
2988259	9	43.5011	1.50830	2341	1	'Péchabou'	
2998661	9	43.2761	1.34690	2336	1	'Lézat-sur-Lèze'	
3018362	9	44.2889	2.60610	2331	1	'Flavin'	
2995146	9	43.4681	0.03560	2322	0	'Maubourguet'	
6450534	9	42.6242	2.95140	2320	1	'Corneilla-del-Vercol'	
2986386	9	43.4906	1.51690	2317	1	'Pompertuzat'	
3030338	9	43.8894	1.91030	2313	1	'Brens'	
3027783	9	43.45	3.05140	2313	1	'Cessenon-sur-Orb'	
2976301	9	43.4928	0.93080	2311	1	'Samatan'	
2977721	9	43.5278	3.51890	2294	1	'Saint-Pargoire'	
3035416	9	42.7906	0.59390	2293	0	'Bagnères-de-Luchon'	
3032823	9	43.8814	4.49000	2293	1	'Bezouce'	
2977885	9	44.0636	1.02280	2283	1	'Saint-Nicolas-de-la-Grave'	
3010634	9	43.9239	4.26420	2282	1	'La Calmette'	
3003308	9	44.3428	2.57830	2276	1	'Le Monastère'	
2969781	9	43.0817	1.64890	2274	1	'Verniolle'	
6431368	9	43.9394	4.56390	2259	0	'Remoulins'	
2979205	9	42.5111	2.79220	2248	1	'Saint-Jean-Pla-de-Corts'	
6427047	9	44.4353	2.51330	2243	0	'Salles-la-Source'	
2986434	9	43.3908	3.49860	2242	1	'Pomérols'	
2975888	9	43.4792	1.34860	2240	1	'Saubens'	
2975018	9	44.1786	1.61830	2225	1	'Septfonds'	
6431310	9	43.8044	4.25000	2204	1	'Langlade'	
6444925	9	43.6644	2.29110	2202	1	'Roquecourbe'	
2994979	9	43.7306	0.87810	2198	0	'Mauvezin'	
2978706	9	43.6964	1.47810	2192	0	'Saint-Loup-Cammas'	
2995055	9	43.3572	3.12000	2177	1	'Maureilhan'	
2997407	9	43.45	3.61390	2176	1	'Loupian'	
2982543	9	43.5047	3.31060	2169	1	'Roujan'	
3037067	9	43.3117	2.91030	2165	1	'Argeliers'	
2997812	9	43.4747	0.91030	2159	0	'Lombez'	
2975863	9	43.8975	1.99220	2153	1	'Lagrave'	
6456938	9	44.4328	3.21470	2146	0	'La Canourgue'	
2981402	9	44.0522	2.12970	2129	1	'Saint-Benoît-de-Carmaux'	
3006701	9	42.5231	2.93190	2128	1	'Laroque-des-Albères'	
3034713	9	43.4111	3.25360	2124	1	'Bassan'	
2971568	9	42.6114	2.80830	2123	1	'Trouillas'	
3029039	9	43.9128	2.21250	2120	1	'Cambon'	
3007535	9	43.5597	1.65500	2113	1	'Lanta'	
2968062	9	42.645	2.52860	2111	1	'Vinça'	
2998803	9	43.6658	1.19440	2110	1	'Lévignac'	
2976653	9	44.0619	4.64220	2104	1	'Saint-Victor-la-Coste'	
3029503	9	43.6364	2.31750	2092	1	'Burlats'	
2980590	9	43.4931	1.14500	2091	1	'Sainte-Foy-de-Peyrolières'	
3032794	9	44.9281	1.84720	2090	1	'Biars-sur-Cère'	
2972908	9	42.6381	2.95280	2084	0	'Théza'	
3009731	9	43.4992	1.40940	2080	1	'Lacroix-Falgarde'	
3004294	9	43.3964	1.29420	2069	1	'Le Fauga'	
2989308	9	43.2794	0.12060	2069	1	'Orleix'	
3002541	9	43.5922	3.52470	2068	1	'Le Pouget'	
2971025	9	43.6675	4.06170	2065	1	'Valergues'	
12172720	9	43.2442	2.89420	2062	1	'Saint-Nazaire-d’Aude'	
3000444	9	44.2281	4.16580	2059	1	'Les Mages'	
3034274	9	43.7281	4.02140	2057	1	'Beaulieu'	
6616454	9	44.0258	4.79310	2051	1	'Sauveterre'	
2975492	9	43.9417	4.68140	2051	1	'Saze'	
3019584	9	42.7722	2.69890	2046	1	'Estagel'	
2979995	9	44.4653	2.97360	2046	1	'Saint-Geniez-d’Olt'	
6431803	9	43.5433	1.60970	2045	1	'Sainte-Foy-d’Aigrefeuille'	
3030127	9	43.7511	1.90810	2033	1	'Briatexte'	
3031949	9	43.7597	4.08110	2030	1	'Boisseron'	
6615856	9	43.2439	2.92250	2012	1	'Saint-Marcel-sur-Aude'	
2990284	9	43.7583	-0.03390	2012	0	'Nogaro'	
2975191	9	43.5914	2.11080	2011	1	'Sémalens'	
6431558	9	43.5953	1.56280	2009	1	'Flourens'	
2990890	9	44.1983	2.34190	2008	1	'Naucelle'	
2998018	9	42.6211	2.76920	2006	1	'Llupia'	
6445001	9	43.9664	1.58440	2006	1	'Monclar-de-Quercy'	
3027927	9	43.7497	1.43110	2003	1	'Cépet'	
3000353	9	43.7306	3.80890	2002	1	'Les Matelles'	
2992104	9	43.7203	2.32640	2002	1	'Montredon-Labessonnié'	
2991386	9	43.2314	2.95030	1998	1	'Moussan'	
2983900	9	43.7236	4.03890	1998	1	'Restinclières'	
2983929	9	44.0322	2.53530	1994	1	'Réquista'	
2973264	9	44.0114	4.70000	1994	1	'Tavel'	
2981433	9	43.8953	3.73640	1989	1	'Saint-Bauzille-de-Putois'	
2980003	9	44.0658	4.72190	1983	1	'Saint-Geniès-de-Comolas'	
3023599	9	42.6975	2.73030	1978	1	'Corneilla-la-Rivière'	
2983568	9	44.4092	2.28940	1969	1	'Rignac'	
2983582	9	43.2819	2.58750	1967	1	'Rieux-Minervois'	
2980001	9	43.6969	4.03530	1967	1	'Saint-Geniès-des-Mourgues'	
6434865	9	44.5044	1.13830	1965	1	'Puy-l’Évêque'	
2983603	9	44.3078	2.23640	1961	1	'Rieupeyroux'	
6616497	9	43.7389	1.23110	1960	1	'Larra'	
2967812	9	43.5547	2.17640	1959	1	'Viviers-lès-Montagnes'	
2979692	9	43.8775	4.46860	1949	1	'Saint-Gervasy'	
3011249	9	43.7389	1.47110	1918	1	'Labastide-Saint-Sernin'	
2975674	9	43.9425	3.94860	1912	1	'Sauve'	
6431788	9	43.6642	1.52470	1909	1	'Rouffiac-Tolosan'	
3004185	9	43.2817	1.06560	1896	1	'Le Fousseret'	
3018238	9	44.3261	3.59310	1894	1	'Florac'	
2992119	9	43.2	2.14080	1894	1	'Montréal'	
2984297	9	44.1147	1.47940	1894	1	'Réalville'	
6440782	9	43.2067	0.07280	1880	1	'Laloubère'	
2981204	9	43.9708	4.27920	1877	1	'Saint-Chaptes'	
6432566	9	43.6044	3.73670	1873	1	'Murviel-lès-Montpellier'	
2977927	9	43.9647	1.42830	1857	0	'Saint-Nauphary'	
6431596	9	43.6825	1.58310	1853	1	'Gragnague'	
3016618	9	43.7081	1.56080	1851	1	'Garidech'	
6617818	9	44.1519	1.75500	1848	1	'Saint-Antonin-Noble-Val'	
6616595	9	43.4886	2.76030	1839	0	'Saint-Pons-de-Thomières'	
3009163	9	43.5767	2.27610	1837	1	'Lagarrigue'	
2983443	9	43.6567	-0.08720	1831	1	'Riscle'	
2987103	9	43.4047	3.50940	1825	1	'Pinet'	
2990450	9	43.4211	3.40640	1825	1	'Nézignan-l’Évêque'	
8291412	9	43.9686	4.52440	1822	1	'Vers-Pont-du-Gard'	
2977657	9	44.2633	4.59720	1820	1	'Saint-Paulet-de-Caisson'	
2991046	9	43.7908	4.23000	1818	1	'Nages-et-Solorgues'	
2971782	9	44.1067	4.58690	1803	1	'Tresques'	
2996978	9	44.4783	1.28690	1802	1	'Luzech'	
6441030	9	42.8103	2.50530	1800	1	'Saint-Paul-de-Fenouillet'	
3019695	9	42.9353	2.22060	1800	1	'Espéraza'	
3028844	9	43.62	4.06810	1797	1	'Candillargues'	
2968566	9	43.1208	0.66670	1789	1	'Villeneuve-de-Rivière'	
6450477	9	43.29	0.07640	1786	1	'Bazet'	
2984879	9	43.3467	2.96250	1781	1	'Quarante'	
3024057	9	43.8528	4.60610	1777	1	'Comps'	
2969474	9	44.0531	4.13640	1777	1	'Vézénobres'	
2976443	9	43.1033	0.95860	1775	0	'Salies-du-Salat'	
2993230	9	43.6108	1.57440	1774	1	'Mons'	
2993078	9	43.6914	1.23060	1760	1	'Montaigut-sur-Save'	
3005943	9	43.7061	2.13890	1755	1	'Lautrec'	
2968236	9	43.7886	4.09640	1751	1	'Villevieille'	
3038782	9	43.4497	3.29470	1750	1	'Abeilhan'	
3028341	9	44.2689	1.35310	1749	1	'Castelnau-Montratier'	
2974879	9	43.9114	4.55190	1748	1	'Sernhac'	
3038197	9	43.4697	3.34190	1745	1	'Alignan-du-Vent'	
2980364	9	44.3372	2.62670	1745	1	'Sainte-Radegonde'	
2968690	9	42.5253	2.90360	1743	1	'Villelongue-dels-Monts'	
3005979	9	43.5231	3.19720	1737	1	'Laurens'	
2992327	9	43.4883	1.57110	1737	1	'Montaudran'	
3008502	9	44.3386	1.54470	1735	1	'Lalbenque'	
6446994	9	43.1642	2.86970	1731	1	'Bizanet'	
2989571	9	43.2839	2.73080	1729	1	'Olonzac'	
3023602	9	43.4	3.19250	1721	1	'Corneilhan'	
6426955	9	44.4736	2.46440	1721	1	'Marcillac-Vallon'	
2979328	9	43.7008	3.55080	1721	1	'Saint-Jean-de-Fos'	
3008636	9	44.3811	2.82250	1711	1	'Laissac'	
6426912	9	43.2689	2.35440	1709	1	'Villegailhenc'	
6445013	9	43.9044	1.41110	1691	1	'Orgueil'	
3010558	9	44.0089	3.15940	1690	1	'La Cavalerie'	
2981183	9	43.4219	2.94690	1688	1	'Saint-Chinian'	
3023883	9	44.0911	4.59390	1683	1	'Connaux'	
2992665	9	42.6081	2.93390	1680	1	'Montescot'	
3021393	9	43.8625	1.26940	1675	1	'Dieupentale'	
3007456	9	42.9747	2.99310	1674	1	'La Palme'	
3023911	9	43.7783	4.16000	1667	1	'Congénies'	
6448218	9	43.97	4.55470	1665	1	'Castillon-du-Gard'	
2972288	9	43.4456	3.37860	1664	1	'Tourbes'	
6614187	9	44.3931	2.70610	1662	1	'Montrozier'	
3036544	9	43.5658	3.44940	1655	1	'Aspiran'	
3023772	9	43.9442	1.36830	1651	1	'Corbarieu'	
3030676	9	43.4481	3.65810	1650	0	'Bouzigues'	
3028045	9	43.1831	2.36360	1650	1	'Cazilhac'	
6431378	9	44.1667	4.57500	1647	1	'Sabran'	
2986233	9	44.2811	2.72780	1645	1	'Pont-de-Salars'	
6613528	9	43.9047	4.47170	1644	1	'Cabrières'	
2978627	9	43.8875	4.18860	1643	1	'Saint-Mamert-du-Gard'	
3028179	9	43.3267	2.52830	1641	1	'Caunes-Minervois'	
2970837	9	43.4203	3.36640	1641	1	'Valros'	
3028072	9	43.9347	-0.07170	1639	1	'Cazaubon'	
3009699	9	43.6639	2.34830	1639	1	'Lacrouzette'	
2998132	9	43.3814	0.83530	1633	1	'L’Isle-en-Dodon'	
3005914	9	43.5558	1.56530	1631	1	'Lauzerville'	
2979998	9	43.4683	3.17890	1631	1	'Saint-Geniès-de-Fontedit'	
3031135	9	43.2894	0.64470	1630	1	'Boulogne-sur-Gesse'	
3006711	9	43.9228	3.72440	1629	1	'Laroque'	
2977702	9	43.6983	1.22580	1627	1	'Saint-Paul-sur-Save'	
2968542	9	43.7692	1.42670	1624	1	'Villeneuve-lès-Bouloc'	
3024745	9	43.8619	3.90470	1617	1	'Claret'	
6451367	9	43.9375	2.08360	1617	1	'Castelnau-de-Lévis'	
3024200	9	43.6772	3.76640	1614	1	'Combaillaux'	
3034921	9	44.3081	4.34810	1612	1	'Barjac'	
2995423	9	44.9369	1.60890	1611	1	'Martel'	
2975741	9	43.5714	3.77440	1610	1	'Saussan'	
3005450	9	43.9572	0.92000	1607	1	'Lavit'	
6427022	9	44.0644	2.98560	1607	1	'Saint-Georges-de-Luzençon'	
3004359	9	43.9153	4.50920	1590	1	'Lédenon'	
3005060	9	43.6928	3.16640	1585	1	'Le Bousquet-d’Orb'	
6447093	9	44.0872	3.06530	1580	1	'Creissels'	
2992145	9	44.2383	1.47640	1579	1	'Montpezat-de-Quercy'	
3035675	9	43.3658	1.78890	1578	1	'Avignonet-Lauragais'	
3022079	9	43.9286	2.22060	1575	1	'Cunac'	
2971137	9	44.4553	2.42640	1564	1	'Valady'	
3018101	9	43.9078	4.19440	1563	1	'Fons'	
2987439	9	43.2544	2.26530	1562	1	'Pezens'	
3034142	9	43.3806	1.35780	1557	1	'Beaumont-sur-Lèze'	
2968900	9	43.8294	1.43170	1557	1	'Villaudric'	
2998643	9	43.4931	3.43720	1556	1	'Lézignan-la-Cèbe'	
3035801	9	43.5417	1.56580	1553	1	'Auzielle'	
2985077	9	43.5908	1.14920	1550	1	'Pujaudran'	
2979228	9	42.5811	2.86640	1541	1	'Saint-Jean-Lasseille'	
2981824	9	43.4767	2.49000	1539	1	'Saint-Amans-Soult'	
2989193	9	42.58	2.92500	1537	1	'Ortaffa'	
3018474	9	43.9125	1.22060	1531	1	'Finhan'	
3029271	9	43.85	1.98170	1529	1	'Cadalen'	
2969847	9	43.2539	2.17670	1529	1	'Alzonne'	
2995878	9	43.5933	3.11530	1522	1	'Hérépian'	
2998666	9	44.0131	4.05060	1517	1	'Lézan'	
3036893	9	43.1872	3.09670	1516	1	'Armissan'	
6616448	9	44.1167	4.05060	1512	1	'Saint-Jean-du-Pin'	
2991390	9	43.9811	4.22940	1511	1	'Moussac'	
2995230	9	43.4297	0.57890	1509	1	'Masseube'	
3036524	9	43.7019	3.89920	1505	1	'Assas'	
3033813	9	43.5078	1.56940	1504	1	'Belberaud'	
3033070	9	43.8797	1.25220	1497	1	'Bessens'	
6613343	9	43.1853	2.26580	1495	1	'Lavalette'	
6455534	9	44.4056	2.63030	1495	1	'La Loubière'	
2986375	9	43.8169	1.31250	1491	1	'Pompignan'	
6447092	9	44.525	2.28470	1490	1	'Cransac'	
3029883	9	42.5667	2.90360	1485	1	'Brouilla'	
3008255	9	43.4828	1.24440	1484	1	'Lamasquère'	
3015937	9	43.7622	1.77610	1478	1	'Giroussens'	
6615853	9	43.1914	2.92580	1475	1	'Montredon-des-Corbières'	
2992567	9	42.9344	1.63470	1474	1	'Montgaillard'	
6447019	9	43.1839	2.55940	1473	1	'Capendu'	
3016009	9	43.2681	2.87170	1473	1	'Ginestas'	
3004346	9	43.9886	4.10640	1472	1	'Lédignan'	
2993038	9	43.8664	1.88530	1472	1	'Montans'	
2987500	9	42.7542	2.85170	1470	1	'Peyrestortes'	
6616834	9	44.6664	2.15830	1469	1	'Bagnac-sur-Célé'	
2973701	9	43.9808	3.71560	1469	1	'Sumène'	
3026987	9	44.4664	3.34310	1459	1	'Chanac'	
3028092	9	44.2358	1.77080	1457	1	'Caylus'	
3005915	9	44.2558	1.13750	1447	1	'Lauzerte'	
2986938	9	43.6056	0.04640	1446	1	'Plaisance'	
2984626	9	43.3869	0.15060	1444	1	'Rabastens-de-Bigorre'	
2968274	9	43.7339	4.14000	1442	1	'Villetelle'	
6617806	9	43.6206	2.08940	1440	1	'Vielmur-sur-Agout'	
2991115	9	43.7397	4.20110	1429	1	'Mus'	
2979095	9	44.2881	4.56530	1425	1	'Saint-Julien-de-Peyrolas'	
2990831	9	43.6064	3.43190	1418	1	'Nébian'	
2969817	9	42.5489	2.38780	1418	1	'Vernet-les-Bains'	
3011252	9	43.4756	2.63890	1414	1	'Labastide-Rouairoux'	
2977371	9	44.0047	1.17720	1407	1	'Saint-Porquier'	
2968504	9	43.4356	1.66310	1404	1	'Villenouvelle'	
2992945	9	44.4767	2.22890	1398	1	'Montbazens'	
2969556	9	43.74	4.25920	1393	1	'Vestric-et-Candiac'	
2998445	9	43.4183	3.23720	1391	1	'Lieuran-lès-Béziers'	
3037693	9	43.3167	0.06110	1388	1	'Andrest'	
6445006	9	43.9128	1.27280	1388	1	'Montbartier'	
3028908	9	43.8972	1.32640	1387	1	'Campsas'	
6616585	9	43.6442	3.45830	1382	1	'Ceyras'	
2981749	9	43.1139	2.83690	1380	1	'Saint-André-de-Roquelongue'	
2981178	9	43.7278	4.07970	1380	1	'Saint-Christol'	
2968654	9	42.5881	2.83970	1380	1	'Villemolaque'	
2970978	9	43.8531	4.62750	1379	1	'Vallabrègues'	
6445050	9	43.9067	1.45310	1378	1	'Villebrumier'	
3034992	9	43.7033	-0.23580	1375	1	'Barcelonne-du-Gers'	
6427014	9	44.5156	2.81470	1375	1	'Saint-Côme-d’Olt'	
2986001	9	43.0544	2.92190	1374	1	'Portel-des-Corbières'	
2981865	9	44.7808	3.38830	1364	0	'Saint-Alban-sur-Limagnole'	
2993320	9	44.0711	2.09720	1360	1	'Monestiés'	
6455124	9	44.9144	1.83830	1359	0	'Bretenoux'	
3006036	9	43.7428	1.18060	1359	1	'Launac'	
2968549	9	42.6936	2.80360	1359	1	'Villeneuve-la-Rivière'	
2981079	9	43.4661	1.21530	1358	1	'Saint-Clar-de-Rivière'	
2978760	9	43.0017	1.13690	1357	0	'Saint-Lizier'	
2997876	9	43.7072	3.39560	1353	1	'Le Bosc'	
3027915	9	42.4433	3.16470	1351	1	'Cerbère'	
2990250	9	43.8903	1.43810	1348	1	'Nohic'	
2992153	9	43.6953	3.50640	1347	1	'Montpeyroux'	
2985099	9	43.4578	3.23580	1346	1	'Puissalicon'	
2994794	9	44.0886	1.23940	1343	1	'Meauzac'	
3030542	9	44.2203	3.99030	1338	1	'Branoux-les-Taillades'	
3022609	9	43.375	3.01080	1336	1	'Creissan'	
6440992	9	42.4161	1.98080	1336	0	'Osséja'	
2995278	9	43.8906	1.19640	1332	1	'Mas-Grenier'	
2968558	9	43.2869	1.92140	1332	1	'Villeneuve-la-Comptal'	
3028976	9	43.0169	0.17750	1327	1	'Campan'	
3017255	9	43.8803	2.23110	1326	1	'Fréjairolles'	
6452125	9	43.1842	2.24060	1320	1	'Alairac'	
3011313	9	43.0803	0.67190	1317	1	'Labarthe-Rivière'	
2977681	9	42.9133	1.66060	1317	1	'Saint-Paul-de-Jarrat'	
3020916	9	43.4853	2.13830	1316	1	'Dourgne'	
2995922	9	43.2256	2.92140	1316	1	'Marcorignan'	
2971202	9	43.7786	1.47970	1310	1	'Vacquiers'	
2992147	9	43.8517	4.15720	1309	1	'Montpezat'	
2971046	9	44.0197	2.40440	1308	1	'Valence-d’Albigeois'	
3011281	9	43.3464	1.85170	1307	1	'Labastide-d’Anjou'	
2993088	9	44.3403	1.01810	1306	1	'Montaigu-de-Quercy'	
2970288	9	44.9531	1.70420	1303	1	'Vayrac'	
2990469	9	43.2119	2.90310	1299	1	'Névian'	
2983585	9	43.0575	1.61000	1299	1	'Rieux-de-Pelleport'	
3030520	9	43.6297	2.49860	1297	1	'Brassac'	
3033565	9	43.1978	1.75140	1295	1	'Belpech'	
2990819	9	42.6939	2.66690	1292	1	'Néfiach'	
2994963	9	43.3753	1.29140	1291	1	'Mauzac'	
2983786	9	42.4753	2.70830	1291	1	'Reynès'	
3016822	9	43.2547	1.47080	1288	0	'Gaillac-Toulza'	
2986928	9	43.5581	3.52580	1284	1	'Plaissan'	
2992347	9	43.7703	1.53360	1283	1	'Montjoire'	
2979578	9	43.4228	1.27810	1282	1	'Saint-Hilaire'	
3006188	9	43.6533	3.14890	1281	1	'La Tour-sur-Orb'	
2978797	9	43.4003	1.56080	1279	1	'Saint-Léon'	
3035595	9	42.7194	1.83890	1277	0	'Ax-les-Thermes'	
3038522	9	43.5678	1.59030	1274	1	'Aigrefeuille'	
3019157	9	43.1356	2.69720	1273	1	'Fabrezan'	
3010605	9	44.7289	1.92580	1270	1	'Lacapelle-Marival'	
2980144	9	43.4486	1.88750	1270	1	'Saint-Félix-Lauragais'	
3028680	9	43.1017	0.31670	1267	0	'Capvern'	
3035093	9	42.5658	2.86720	1265	1	'Banyuls-dels-Aspres'	
3011288	9	43.4819	1.66560	1265	0	'Labastide-Beauvoir'	
2979260	9	43.0136	1.61080	1265	1	'Saint-Jean-de-Verges'	
2970095	9	44.1969	4.65750	1265	1	'Vénéjan'	
3016645	9	43.3914	1.68360	1264	1	'Gardouch'	
2985474	9	43.7125	0.62970	1263	1	'Preignan'	
3030772	9	43.5008	2.40440	1260	1	'Bout-du-Pont-de-Larn'	
3004130	9	44.0097	2.16310	1258	1	'Le Garric'	
2967806	9	44.5564	2.21580	1258	1	'Viviez'	
2968761	9	43.8969	2.33000	1250	1	'Villefranche-d’Albigeois'	
3038658	9	43.5353	3.42830	1241	1	'Adissan'	
3008825	9	44.6842	2.84720	1238	1	'Laguiole'	
2988345	9	43.7556	1.55610	1238	1	'Paulhac'	
3011258	9	44.3886	1.39970	1235	1	'Labastide-Marnhac'	
2987564	9	43.2681	2.03670	1230	1	'Pexiora'	
3036604	9	43.1992	2.20940	1229	1	'Arzens'	
2992661	9	42.5172	2.88170	1229	1	'Montesquieu-des-Albères'	
2993523	9	44.2603	4.15970	1228	1	'Molières-sur-Cèze'	
3011315	9	43.0794	0.38330	1225	1	'La Barthe-de-Neste'	
3009813	9	43.9858	1.26420	1225	1	'Lacourt-Saint-Pierre'	
2981863	9	44.2278	4.62110	1225	1	'Saint-Alexandre'	
2973077	9	43.9281	2.07330	1221	1	'Terssac'	
6432692	9	43.7433	3.70500	1220	1	'Viols-le-Fort'	
2995990	9	43.5242	0.16170	1220	1	'Marciac'	
2992790	9	44.3386	1.20970	1220	1	'Montcuq'	
3032306	9	43.9633	4.36890	1216	1	'Blauzac'	
3028362	9	44.0286	1.03890	1216	1	'Castelmayran'	
3030983	9	42.4342	1.94390	1215	1	'Bourg-Madame'	
3018671	9	43.1469	2.72750	1213	1	'Ferrals-les-Corbières'	
3031645	9	43.5458	1.14920	1211	1	'Bonrepos-sur-Aussonnelle'	
2992035	9	44.5517	3.32890	1210	0	'Montrodat'	
2968906	9	43.2211	2.03920	1210	1	'Villasavary'	
3009447	9	43.2997	1.16310	1209	1	'Lafitte-Vigordane'	
2994724	9	44.0975	4.15190	1209	1	'Méjannes-lès-Alès'	
2976310	9	44.6811	1.26470	1208	1	'Salviac'	
3032492	9	43.3186	2.87110	1205	1	'Bize-Minervois'	
2971246	9	43.945	2.83690	1204	1	'Vabres-l’Abbaye'	
2976320	9	43.9056	1.68780	1203	1	'Salvagnac'	
3020694	9	44.0872	0.77060	1202	1	'Dunes'	
3013153	9	43.1881	0.08830	1197	1	'Horgues'	
3015690	9	43.8853	0.23690	1196	1	'Gondrin'	
2992044	9	44.0756	1.61940	1196	1	'Montricoux'	
6615850	9	43.2522	2.65310	1194	1	'La Redorte'	
2988965	9	43.2869	0.03750	1192	1	'Oursbelille'	
3028346	9	43.4347	3.43860	1190	1	'Castelnau-de-Guers'	
2985133	9	43.2239	2.62440	1190	1	'Puichéric'	
6440945	9	43.1842	0.24560	1189	1	'Tournay'	
3028048	9	44.2269	1.20220	1187	1	'Cazes-Mondenard'	
2977656	9	43.6264	3.67470	1185	1	'Saint-Paul-et-Valmalle'	
3036018	9	43.2186	0.87940	1185	1	'Aurignac'	
3021475	9	43.4794	1.52690	1185	1	'Deyme'	
2993528	9	44.1933	1.36310	1183	1	'Molières'	
3008366	9	43.8119	1.54220	1178	1	'La Magdelaine-sur-Tarn'	
2996487	9	44.0897	0.97310	1178	1	'Malause'	
2975317	9	43.6311	1.13060	1172	1	'Ségoufielle'	
2985698	9	43.4833	3.27920	1171	1	'Pouzolles'	
2980108	9	44.2422	4.11140	1171	1	'Saint-Florent-sur-Auzonnet'	
6431874	9	43.5244	1.44640	1170	1	'Vieille-Toulouse'	
2980164	9	42.6867	2.72250	1170	1	'Saint-Féliu-d’Amont'	
3003774	9	43.775	-0.18060	1168	1	'Le Houga'	
2980152	9	43.6622	3.45920	1168	1	'Saint-Félix-de-Lodez'	
2989208	9	44.1314	4.66610	1166	1	'Orsan'	
2985564	9	42.4039	2.47920	1164	1	'Prats-de-Mollo-la-Preste'	
3008362	9	44.125	0.82330	1162	1	'Lamagistère'	
2977636	9	43.1019	-0.15920	1160	1	'Saint-Pé-de-Bigorre'	
3025119	9	44.5239	3.26530	1157	1	'Chirac'	
2968731	9	43.2861	2.44000	1157	1	'Villegly'	
2987495	9	43.2914	2.56750	1155	1	'Peyriac-Minervois'	
3029206	9	43.9831	1.91080	1154	1	'Cahuzac-sur-Vère'	
2989253	9	43.1808	2.83750	1154	1	'Ornaisons'	
3003544	9	43.0806	1.36060	1151	1	'Le Mas-d’Azil'	
2977079	9	43.9	1.13440	1150	1	'Saint-Sardos'	
2981127	9	44.4708	2.41190	1149	1	'Saint-Christophe-Vallon'	
3024797	9	44.4275	2.41060	1147	1	'Clairvaux-d’Aveyron'	
3012364	9	43.7572	0.45940	1145	1	'Jegun'	
3011264	9	44.0847	1.19500	1138	1	'Labastide-du-Temple'	
6444868	9	43.8039	2.15000	1138	1	'Lombers'	
2997203	9	43.1767	2.78580	1138	1	'Luc-sur-Orbieu'	
3006530	9	43.6008	2.70330	1136	1	'La Salvetat-sur-Agout'	
3032577	9	44.0894	1.53860	1131	1	'Bioule'	
3035525	9	43.2783	2.65920	1129	1	'Azille'	
3016257	9	43.055	0.16720	1129	1	'Gerde'	
2985123	9	43.44	3.20720	1129	1	'Puimisson'	
2974002	9	42.9611	-0.07360	1128	1	'Pierrefitte-Nestalas'	
3032427	9	43.5269	2.00810	1127	1	'Blan'	
2994453	9	44.4972	1.38560	1127	0	'Mercuès'	
2971043	9	43.8822	0.38140	1127	1	'Valence-sur-Baïse'	
3012061	9	43.7697	4.12280	1126	1	'Junas'	
2993947	9	43.4297	0.30810	1125	1	'Miélan'	
2978266	9	43.2994	2.01940	1125	1	'Saint-Martin-Lalande'	
2987497	9	43.0872	2.95780	1123	1	'Peyriac-de-Mer'	
3006543	9	44.0464	3.85220	1122	1	'Lasalle'	
2998066	9	44.5914	2.23420	1122	1	'Livinhac-le-Haut'	
3027582	9	42.9839	2.00640	1121	0	'Chalabre'	
3029168	9	44.4856	1.84280	1120	1	'Cajarc'	
2981984	9	42.46	2.03970	1118	1	'Saillagouse'	
3023294	9	42.9428	2.25610	1115	1	'Couiza'	
6440879	9	43.0861	0.13530	1114	1	'Pouzac'	
2975056	9	43.9417	1.95030	1112	1	'Senouillac'	
3019829	9	43.985	1.18890	1107	1	'Escatalens'	
3028723	9	44.5808	2.06920	1103	1	'Capdenac'	
3015618	9	44.2156	4.46580	1103	1	'Goudargues'	
3028639	9	44.2651	2.42270	1102	1	'Carcenac-Peyralès'	
2977686	9	43.6472	1.97580	1100	1	'Saint-Paul-Cap-de-Joux'	
3036363	9	43.6461	0.78360	1095	1	'Aubiet'	
3009315	9	44.2311	2.04190	1094	1	'La Fouillade'	
3030952	9	43.6022	1.71280	1089	1	'Bourg-Saint-Bernard'	
2970132	9	43.5817	3.56110	1089	1	'Vendémian'	
3029245	9	43.7283	1.05000	1087	1	'Cadours'	
3016508	9	44.0789	4.57830	1087	1	'Gaujac'	
2975244	9	43.4922	0.59310	1087	1	'Seissan'	
3016832	9	44.3067	4.12940	1085	1	'Gagnières'	
2991261	9	44.3433	2.43940	1084	1	'Moyrazès'	
2976932	9	44.0172	4.46610	1082	1	'Saint-Siffret'	
3035687	9	43.9714	3.60030	1081	1	'Avèze'	
3030813	9	43.1758	0.97280	1081	1	'Boussens'	
3017493	9	43.9289	4.60140	1081	1	'Fournès'	
2988043	9	43.2978	2.67920	1078	1	'Pépieux'	
3033799	9	42.9036	1.93440	1075	1	'Bélesta'	
2971775	9	42.5628	2.83000	1075	1	'Tresserre'	
2979536	9	43.9703	4.59190	1074	1	'Saint-Hilaire-d’Ozilhan'	
3024320	9	43.9539	4.47690	1073	1	'Collias'	
2978938	9	42.3856	2.61330	1071	1	'Saint-Laurent-de-Cerdans'	
3019649	9	43.44	3.26250	1071	1	'Espondeilhan'	
3038631	9	44.3569	2.67920	1069	1	'Agen-d’Aveyron'	
2968676	9	43.8289	1.50860	1068	1	'Villematier'	
3008050	9	44.075	1.37000	1063	1	'Lamothe-Capdeville'	
2978764	9	43.7653	1.75970	1061	1	'Saint-Lieux-lès-Lavaur'	
2969439	9	44.6075	2.25110	1061	1	'Flagnac'	
3018449	9	42.8936	2.97860	1060	1	'Fitou'	
2992350	9	43.0017	1.15940	1058	1	'Montjoie-en-Couserans'	
3023753	9	42.6581	2.67580	1056	1	'Corbère-les-Cabanes'	
2983159	9	44.4906	2.62640	1056	1	'Rodelle'	
2980823	9	43.8047	4.22860	1056	1	'Saint-Dionisy'	
2970941	9	44.0811	3.64190	1051	1	'Valleraugue'	
3033188	9	44.3944	2.77860	1050	1	'Bertholène'	
3003263	9	44.38	1.44890	1049	1	'Le Montat'	
3036027	9	43.5242	1.82610	1048	1	'Auriac-sur-Vendinelle'	
3028349	9	43.9483	0.08580	1047	1	'Castelnau d’Auzan'	
2990820	9	43.5336	3.33000	1047	1	'Neffiès'	
3019693	9	44.5119	1.37610	1045	1	'Espère'	
3002537	9	43.5797	3.06080	1045	1	'Le Poujol-sur-Orb'	
2972897	9	43.8992	4.62080	1045	1	'Théziers'	
2993746	9	44.1422	2.16640	1044	1	'Mirandol-Bourgnounac'	
3021075	9	43.4728	1.54890	1043	1	'Donneville'	
3021065	9	44.1097	0.82000	1043	1	'Donzac'	
3004208	9	43.1742	1.40810	1043	1	'Le Fossat'	
3017857	9	43.5397	3.37920	1039	1	'Fontès'	
2993769	9	44.1436	1.42000	1037	1	'Mirabel'	
2983378	9	44.1883	3.13080	1036	1	'Rivière-sur-Tarn'	
3036097	9	44.7228	3.28390	1035	1	'Aumont-Aubrac'	
3033034	9	44.9439	1.73390	1035	1	'Bétaille'	
3005983	9	43.2714	2.52030	1035	1	'Laure-Minervois'	
3029071	9	43.8225	2.87940	1034	1	'Camarès'	
3006209	9	42.7686	2.65310	1033	1	'Latour-de-France'	
2981434	9	43.7694	3.95530	1031	1	'Saint-Bauzille-de-Montmel'	
2981080	9	43.8919	0.77000	1031	1	'Saint-Clar'	
2977647	9	44.0822	4.61420	1029	1	'Saint-Paul-les-Fonts'	
3028342	9	43.9656	1.82080	1027	1	'Castelnau-de-Montmiral'	
2988689	9	43.8133	1.57140	1027	1	'Mirepoix-sur-Tarn'	
2987999	9	43.575	3.39720	1026	1	'Péret'	
2971693	9	43.3214	0.37030	1025	1	'Trie-sur-Baïse'	
2976375	9	44.1825	2.78720	1023	1	'Salles-Curan'	
6456835	9	43.6639	3.64500	1021	1	'La Boissière'	
2975716	9	43.7633	4.05720	1018	1	'Saussines'	
2991366	9	43.2794	2.22940	1011	1	'Moussoulens'	
2985005	9	44.9186	1.78690	1010	1	'Puybrun'	
3015738	9	44.1139	0.85110	1009	1	'Golfech'	
2992991	9	43.7511	3.95560	1007	1	'Montaud'	
2982860	9	42.9908	2.95330	1007	1	'Roquefort-des-Corbières'	
2997445	9	43.1753	0.02000	1004	1	'Louey'	
2969995	9	43.5108	2.16000	1003	1	'Verdalle'	
3023309	9	43.8178	1.73080	2908	1	'Coufouleux'	
3036687	9	43.9542	2.20830	2488	1	'Arthès'	
3021860	9	43.6531	1.97580	1026	1	'Damiatte'	
;

# INFRA somente hospitais universitarios e grandes
# # CODIGO	REGIAO (code)	LAT	LONG	POPULACAO 2030	INFR	MUNICIPIO	
#  param: I :	RE	lat	lng	POP	INFR	Mun 	:=
# 6301914	9	43.6045	1.44400	968638	0	'Toulouse'	
# 2992166	9	43.6119	3.87720	607896	0	'Montpellier'	
# 2990363	9	43.838	4.36100	151001	1	'Nîmes'	
# 2987914	9	42.6986	2.89560	120158	0	'Perpignan'	
# 8291902	9	43.3476	3.21900	77177	0	'Béziers'	
# 6454798	9	44.0181	1.35580	60810	0	'Montauban'	
# 2990919	9	43.1836	3.00420	54700	0	'Narbonne'	
# 3038261	9	43.9289	2.14640	48970	0	'Albi'	
# 8289344	9	43.21	2.35000	46031	0	'Carcassonne'	
# 6496329	9	43.4053	3.69750	43229	1	'Sète'	
# 12316668	9	43.6	2.25000	41636	0	'Castres'	
# 2973385	9	43.23	0.07000	41518	0	'Tarbes'	
# 3038224	9	44.1281	4.08170	40219	1	'Alès'	
# 3024223	9	43.6139	1.33670	38951	1	'Colomiers'	
# 3038638	9	43.3108	3.47580	28609	1	'Agde'	
# 2972237	9	43.5853	1.34420	26962	1	'Tournefeuille'	
# 2997116	9	43.6778	4.13610	26239	1	'Lunel'	
# 2991153	9	43.4611	1.32670	24945	1	'Muret'	
# 3032469	9	43.6364	1.39060	24517	1	'Blagnac'	
# 6427003	9	44.3506	2.57500	24057	1	'Rodez'	
# 3016956	9	43.4483	3.75610	22762	1	'Frontignan'	
# 2993875	9	44.0986	3.07830	22109	1	'Millau'	
# 3036281	9	43.6465	0.58550	21935	0	'Auch'	
# 3028337	9	43.6369	3.90190	20480	0	'Castelnau-le-Lez'	
# 3029213	9	44.4475	1.44060	19907	1	'Cahors'	
# 2986933	9	43.5656	1.29640	18888	1	'Plaisance-du-Touch'	
# 3022151	9	43.5378	1.34360	18267	1	'Cugnaux'	
# 3035396	9	44.1625	4.62000	18072	1	'Bagnols-sur-Cèze'	
# 2995121	9	43.6164	4.00750	16735	1	'Mauguio'	
# 3006121	9	43.5678	3.90210	16710	1	'Lattes'	
# 3035204	9	43.6103	1.49860	16520	1	'Balma'	
# 3034382	9	43.8072	4.64330	15718	1	'Beaucaire'	
# 2988670	9	43.1164	1.61080	15603	1	'Pamiers'	
# 3016824	9	43.9006	1.89830	15345	1	'Gaillac'	
# 2984493	9	43.5461	1.47560	14467	1	'Ramonville-Saint-Agne'	
# 3028322	9	44.04	1.10690	13934	1	'Castelsarrasin'	
# 3028409	9	43.5156	1.49810	13811	1	'Castanet-Tolosan'	
# 2979679	9	43.6778	4.43110	13787	1	'Saint-Gilles'	
# 2997395	9	43.095	-0.04530	13210	1	'Lourdes'	
# 2993586	9	44.1047	1.08530	13195	1	'Moissac'	
# 6444834	9	43.7608	1.98860	12789	1	'Graulhet'	
# 2977832	9	43.5514	1.53420	12522	1	'Saint-Orens-de-Gameville'	
# 2994617	9	44.5183	3.50060	12227	1	'Mende'	
# 6614492	9	42.7056	3.00720	12186	1	'Canet-en-Roussillon'	
# 3018103	9	43.5361	1.23110	12036	1	'Fonsorbes'	
# 2994043	9	43.4267	3.60530	12012	1	'Mèze'	
# 3028351	9	43.3181	1.95390	11951	1	'Castelnaudary'	
# 6427081	9	44.3525	2.03420	11781	1	'Villefranche-de-Rouergue'	
# 6616456	9	43.9664	4.79580	11769	1	'Villeneuve-lès-Avignon'	
# 2980313	9	42.7133	2.84190	11697	1	'Saint-Estève'	
# 12317844	9	44.3656	2.59360	11659	1	'Onet Village'	
# 2970407	9	43.6933	4.27610	11633	1	'Vauvert'	
# 2980045	9	43.1081	0.72330	11604	1	'Saint-Gaudens'	
# 2997104	9	43.6564	1.48440	11458	1	'L’Union'	
# 3012004	9	43.6131	3.80970	11363	1	'Juvignac'	
# 2998644	9	43.2006	2.75780	11248	1	'Lézignan-Corbières'	
# 2979394	9	43.6653	1.50500	10929	0	'Saint-Jean'	
# 2980984	9	42.6181	3.00640	10844	1	'Saint-Cyprien'	
# 3028388	9	43.6936	1.43280	10734	1	'Castelginest'	
# 6454780	9	43.6989	1.81890	10671	0	'Lavaur'	
# 6432641	9	43.5764	3.82390	10452	1	'Saint-Jean-de-Védas'	
# 2986109	9	44.2564	4.64830	10397	1	'Pont-Saint-Esprit'	
# 3037068	9	42.5461	3.02390	10366	1	'Argelès-sur-Mer'	
# 3029302	9	42.6806	2.94280	10235	1	'Cabestany'	
# 2968536	9	43.5322	3.86080	10178	1	'Villeneuve-lès-Maguelone'	
# 2978925	9	42.7736	2.99080	10158	1	'Saint-Laurent-de-la-Salanque'	
# 2998264	9	43.0569	2.21860	10112	1	'Limoux'	
# 2994902	9	43.4917	2.37330	10033	1	'Mazamet'	
# 2980033	9	43.6922	3.80610	9996	1	'Saint-Gély-du-Fesc'	
# 2968510	9	43.5236	1.34170	9987	1	'Villeneuve-Tolosane'	
# 3035970	9	43.3503	1.47470	9869	1	'Auterive'	
# 2985982	9	43.5219	1.40610	9791	1	'Portet-sur-Garonne'	
# 3018506	9	44.6086	2.03170	9778	1	'Figeac'	
# 3027833	9	44.0492	2.15810	9641	1	'Carmaux'	
# 2983833	9	43.4586	2.00420	9610	1	'Revel'	
# 2978661	9	43.5142	1.17750	9488	1	'Saint-Lys'	
# 3018174	9	42.9653	1.60690	9452	0	'Foix'	
# 3003874	9	43.5989	1.23310	9328	1	'Léguevin'	
# 2974648	9	43.4981	1.31250	9322	1	'Seysses'	
# 3004434	9	43.6472	3.93920	9316	1	'Le Crès'	
# 2987409	9	42.7447	2.92080	9228	1	'Pia'	
# 6617799	9	43.7742	1.68640	9227	1	'Saint-Sulpice-la-Pointe'	
# 3016940	9	43.5161	1.32470	9157	1	'Frouzins'	
# 3020281	9	42.6003	2.97110	9103	1	'Elne'	
# 2987936	9	43.565	3.95060	9000	1	'Pérols'	
# 3024631	9	43.6272	3.43220	8962	1	'Clermont-l’Hérault'	
# 6614303	9	43.6136	1.08080	8961	1	'L’Isle-Jourdain'	
# 6431637	9	43.6739	1.45690	8942	1	'Launaguet'	
# 3014745	9	43.7714	1.29310	8841	1	'Grenade'	
# 2983393	9	42.7689	2.87390	8756	1	'Rivesaltes'	
# 3008981	9	43.5606	4.08500	8755	1	'La Grande-Motte'	
# 3036287	9	43.6686	1.43060	8691	1	'Aucamville'	
# 6431321	9	43.86	4.44390	8635	1	'Marguerittes'	
# 3015424	9	43.6481	3.80170	8603	1	'Grabels'	
# 2987376	9	43.6169	1.28470	8517	1	'Pibrac'	
# 2969346	9	43.5372	4.13670	8457	1	'Le Grau-du-Roi'	
# 3038493	9	43.5667	4.19250	8456	1	'Aigues-Mortes'	
# 2971258	9	44.0125	4.41970	8420	1	'Uzès'	
# 3006531	9	43.5761	1.27140	8397	1	'La Salvetat-Saint-Gilles'	
# 6616427	9	43.9544	4.76670	8311	1	'Les Angles'	
# 2987441	9	43.4594	3.42280	8148	1	'Pézenas'	
# 2981925	9	43.9583	2.88640	8034	1	'Saint-Affrique'	
# 3036052	9	43.2439	0.09670	7849	1	'Aureilhan'	
# 3027888	9	42.4881	2.75140	7821	1	'Céret'	
# 2972665	9	42.6319	2.75640	7792	0	'Thuir'	
# 2995471	9	43.3564	3.52780	7784	1	'Marseillan'	
# 3000139	9	42.6819	2.79330	7753	1	'Le Soler'	
# 3035370	9	43.6611	4.01280	7708	1	'Baillargues'	
# 6431372	9	43.9744	4.69030	7574	1	'Rochefort-du-Gard'	
# 2997936	9	43.7317	3.31940	7459	1	'Lodève'	
# 2987180	9	43.5842	3.76190	7341	1	'Pignan'	
# 3031848	9	42.7311	2.93330	7310	1	'Bompas'	
# 3033698	9	43.7536	4.51440	7273	1	'Bellegarde'	
# 3035985	9	43.6839	1.31970	7187	1	'Aussonne'	
# 3019160	9	43.5503	3.77610	7142	1	'Fabrègues'	
# 6450469	9	43.0642	0.14970	7103	1	'Bagnères-de-Bigorre'	
# 2974925	9	43.28	3.27750	7053	1	'Sérignan'	
# 2981173	9	44.0844	4.07690	7042	1	'Saint-Christol-lez-Alès'	
# 2972317	9	42.6706	2.83190	7036	1	'Toulouges'	
# 3019843	9	43.5178	1.56080	6955	1	'Escalquens'	
# 2996236	9	43.8183	4.47330	6871	1	'Manduel'	
# 3035268	9	43.4408	3.67720	6867	1	'Balaruc-les-Bains'	
# 3023606	9	43.6494	1.32640	6862	0	'Cornebarrieu'	
# 3028162	9	44.1617	1.53690	6835	1	'Caussade'	
# 3012576	9	43.6608	3.91030	6800	1	'Jacou'	
# 2979148	9	43.9486	2.20940	6760	1	'Saint-Juéry'	
# 3033953	9	43.6653	1.37750	6676	1	'Beauzelle'	
# 3023943	9	43.9575	0.37250	6508	1	'Condom'	
# 3010720	9	43.5392	2.26330	6502	1	'Labruguière'	
# 3028340	9	43.7822	1.35830	6468	1	'Castelnau-d’Estrétefonds'	
# 3016076	9	43.4997	3.71110	6450	1	'Gigean'	
# 2979657	9	42.9847	1.14580	6408	1	'Saint-Girons'	
# 2992740	9	43.9569	1.22970	6406	1	'Montech'	
# 3016073	9	43.6519	3.55110	6340	1	'Gignac'	
# 6612489	9	43.6644	4.17690	6322	1	'Marsillargues'	
# 3006056	9	44.105	4.65750	6316	1	'Laudun-l’Ardoise'	
# 3031240	9	43.8003	4.42690	6305	1	'Bouillargues'	
# 2970144	9	43.6578	3.96940	6287	1	'Vendargues'	
# 3011312	9	43.4517	1.40000	6275	1	'Labarthe-sur-Lèze'	
# 3022986	9	43.5578	3.71890	6270	1	'Cournonterral'	
# 3028258	9	43.6789	3.98140	6250	1	'Castries'	
# 6431544	9	43.4217	1.35440	6234	1	'Eaunes'	
# 3028797	9	42.6519	2.83440	6199	1	'Canohès'	
# 6431793	9	43.6919	1.41470	6183	1	'Saint-Alban'	
# 3016953	9	43.8403	1.38940	6166	1	'Fronton'	
# 3005712	9	42.9328	1.84860	6099	1	'Lavelanet'	
# 2985653	9	42.6172	2.42190	6063	1	'Prades'	
# 2981746	9	43.6497	3.50360	6063	1	'Saint-André-de-Sangonis'	
# 2997262	9	44.3139	2.53500	5987	1	'La Primaube'	
# 2985738	9	43.4886	3.67000	5983	1	'Poussan'	
# 3018323	9	43.8494	0.66360	5982	1	'Fleurance'	
# 6431882	9	43.8656	1.50500	5962	1	'Villemur-sur-Tarn'	
# 3017879	9	43.5531	1.19110	5914	1	'Fontenilles'	
# 2988742	9	43.5294	3.93060	5903	1	'Palavas-les-Flots'	
# 2979174	9	43.7422	1.36970	5902	1	'Saint-Jory'	
# 6448303	9	43.7242	1.41140	5890	1	'Bruguières'	
# 3005364	9	42.7883	3.03560	5885	1	'Le Barcarès'	
# 3022956	9	43.2325	3.05890	5864	1	'Coursan'	
# 6451344	9	43.4983	2.36500	5856	1	'Aussillon'	
# 6448210	9	43.785	4.19220	5833	1	'Calvisson'	
# 6440788	9	43.1239	0.38470	5812	0	'Lannemezan'	
# 3033913	9	43.6159	3.15880	5771	1	'Bédarieux'	
# 3028652	9	43.2972	1.21920	5752	1	'Carbonne'	
# 2969421	9	43.3128	3.41860	5735	1	'Vias'	
# 2993889	9	43.7897	4.30750	5717	1	'Milhaud'	
# 6426776	9	43.0206	3.04330	5686	1	'Port-la-Nouvelle'	
# 3038427	9	43.6847	4.20860	5682	1	'Aimargues'	
# 6454787	9	43.8222	1.72530	5666	1	'Rabastens'	
# 2990809	9	44.0753	1.52170	5642	1	'Nègrepelisse'	
# 2985641	9	43.6989	3.86470	5581	1	'Prades-le-Lez'	
# 2972010	9	43.2097	2.44140	5566	1	'Trèbes'	
# 2974591	9	43.0281	2.97780	5531	1	'Sigean'	
# 2982851	9	44.0517	4.77830	5520	1	'Roquemaure'	
# 2979915	9	43.6103	3.78060	5476	1	'Saint-Georges-d’Orques'	
# 3012848	9	42.6706	2.62060	5436	1	'Ille-sur-Têt'	
# 3024759	9	43.6575	3.88830	5431	1	'Clapiers'	
# 2975649	9	43.2919	3.26060	5419	1	'Sauvian'	
# 3005102	9	42.5239	2.83000	5396	1	'Le Boulou'	
# 2976481	9	42.6542	2.95170	5391	1	'Saleilles'	
# 6447096	9	44.5592	2.25560	5353	1	'Decazeville'	
# 3031571	9	43.2592	0.04920	5340	1	'Bordères-sur-l’Échez'	
# 3018713	9	43.6797	1.39390	5272	1	'Fenouillet'	
# 2969930	9	43.7433	4.22000	5243	1	'Vergèze'	
# 2977327	9	44.1442	4.12920	5218	1	'Saint-Privat-des-Vieux'	
# 2974775	9	43.4272	3.29920	5126	1	'Servian'	
# 3033099	9	43.3614	3.42420	5119	1	'Bessan'	
# 3018231	9	43.3828	3.46500	5051	1	'Florensac'	
# 3014477	9	43.1069	3.08830	5044	1	'Gruissan'	
# 3028039	9	43.3922	3.10140	5023	1	'Cazouls-lès-Béziers'	
# 3009017	9	44.2111	4.02940	5021	1	'La Grand-Combe'	
# 2975181	9	43.2281	0.10670	5005	1	'Séméac'	
# 6431457	9	43.7844	4.09000	4972	1	'Sommières'	
# 2986460	9	42.6378	2.86690	4967	1	'Pollestres'	
# 3016595	9	43.7683	4.42830	4950	1	'Garons'	
# 3033959	9	43.7183	4.32360	4905	1	'Beauvoisin'	
# 6613544	9	43.3856	0.05310	4864	1	'Vic-en-Bigorre'	
# 2993348	9	43.6711	1.28750	4850	1	'Mondonville'	
# 3028050	9	43.2064	1.08580	4846	1	'Cazères'	
# 6426312	9	43.2344	1.57440	4841	1	'Saverdun'	
# 6432644	9	43.7697	3.86860	4836	1	'Saint-Mathieu'	
# 2980416	9	42.7272	3.01690	4797	1	'Sainte-Marie-la-Mer'	
# 6445047	9	43.8531	1.23580	4782	1	'Verdun-sur-Garonne'	
# 3035092	9	42.4822	3.12750	4752	1	'Banyuls-sur-Mer'	
# 3031144	9	43.7803	1.40500	4689	1	'Bouloc'	
# 2984616	9	43.8536	1.81110	4682	1	'Lisle-sur-Tarn'	
# 2995339	9	44.5533	3.29000	4667	1	'Marvejols'	
# 2968758	9	43.3997	1.71810	4662	1	'Villefranche-de-Lauragais'	
# 6618262	9	43.5106	1.37640	4654	1	'Roques'	
# 6432668	9	43.6842	3.92810	4585	1	'Teyran'	
# 3001253	9	43.9533	2.17030	4571	1	'Lescure-d’Albigeois'	
# 3019717	9	44.5225	2.76310	4559	1	'Espalion'	
# 2999046	9	42.9094	3.02890	4520	1	'Leucate'	
# 2996089	9	43.3667	3.15780	4514	1	'Maraussan'	
# 2978325	9	44.1631	4.08220	4472	0	'Saint-Martin-de-Valgalgues'	
# 6447072	9	44.5717	2.08080	4462	1	'Capdenac-Gare'	
# 6426915	9	43.2522	2.36470	4449	1	'Villemoustaussou'	
# 2988251	9	43.7039	1.46670	4429	1	'Pechbonnieu'	
# 2979554	9	44.0808	4.12530	4408	1	'Saint-Hilaire-de-Brethmas'	
# 6616483	9	43.4797	1.38330	4363	1	'Pins-Justaret'	
# 2971412	9	43.7569	4.26940	4345	1	'Uchaud'	
# 2993160	9	43.4808	3.48310	4330	1	'Montagnac'	
# 6615509	9	43.6767	1.53140	4320	1	'Castelmaurou'	
# 3014848	9	43.7211	1.43140	4272	1	'Gratentour'	
# 2993876	9	42.6917	2.69560	4266	1	'Millas'	
# 3024817	9	42.7603	2.95560	4250	1	'Claira'	
# 6448220	9	43.825	4.26220	4244	1	'Caveirac'	
# 2992921	9	44.0114	1.28500	4243	1	'Montbeton'	
# 3024746	9	43.8269	4.21810	4236	1	'Clarensac'	
# 3037331	9	43.8911	4.68080	4224	1	'Aramon'	
# 2970839	9	43.2469	3.29080	4223	1	'Valras-Plage'	
# 6617392	9	42.6058	2.89690	4220	1	'Bages'	
# 2997113	9	43.6778	4.09170	4184	1	'Lunel-Viel'	
# 2981193	9	44.8031	3.27580	4183	1	'Saint-Chély-d’Apcher'	
# 6431377	9	44.1786	4.15000	4177	1	'Rousson'	
# 2968544	9	43.3147	3.28030	4155	1	'Villeneuve-lès-Béziers'	
# 3014606	9	43.8281	1.29580	4152	1	'Grisolles'	
# 2982836	9	43.4989	1.36670	4131	1	'Roquettes'	
# 3033056	9	43.8006	1.60580	4100	1	'Bessières'	
# 3016371	9	43.7283	4.34860	4095	1	'Générac'	
# 3035802	9	43.5272	1.48170	4092	1	'Auzeville-Tolosane'	
# 6431727	9	43.6425	1.52500	4089	1	'Montrabé'	
# 3029174	9	43.7958	4.37890	4089	1	'Caissargues'	
# 2984195	9	43.8319	4.49690	4082	1	'Redessan'	
# 3012109	9	43.2014	0.02330	4076	1	'Juillan'	
# 2985925	9	42.5181	3.10500	4073	1	'Port-Vendres'	
# 2985778	9	43.9108	4.42360	4032	1	'Poulx'	
# 2985076	9	44.0047	4.77470	4028	1	'Pujaut'	
# 3016714	9	43.9342	3.70830	4027	1	'Ganges'	
# 3021953	9	43.2458	2.99920	4026	1	'Cuxac-d’Aude'	
# 2990344	9	43.2883	3.12860	4007	1	'Nissan-lez-Enserune'	
# 3015546	9	44.7372	1.38280	3985	1	'Gourdon'	
# 2988339	9	43.5408	3.45890	3977	1	'Paulhan'	
# 3011154	9	43.5292	1.53000	3972	1	'Labège'	
# 3020584	9	43.8614	0.10140	3942	1	'Eauze'	
# 6432553	9	43.3306	3.12080	3939	1	'Montady'	
# 2968571	9	42.6367	2.91720	3914	1	'Villeneuve-de-la-Raho'	
# 2993013	9	43.6489	3.69890	3904	1	'Montarnaud'	
# 2991040	9	43.3558	1.62330	3900	1	'Nailloux'	
# 2994870	9	43.2517	1.67810	3875	1	'Mazères'	
# 2972431	9	44.0478	1.46190	3863	1	'Saint-Étienne-de-Tulmont'	
# 2979475	9	43.9658	3.85580	3856	1	'Saint-Hippolyte-du-Fort'	
# 2992602	9	43.6686	3.85720	3840	1	'Montferrier-sur-Lez'	
# 2968238	9	43.5011	3.60720	3828	1	'Villeveyrac'	
# 2972412	9	42.755	2.99390	3825	1	'Torreilles'	
# 2976631	9	43.8281	4.56330	3814	1	'Jonquières-Saint-Vincent'	
# 3018288	9	43.2294	3.13440	3801	1	'Fleury'	
# 6455847	9	43.9922	3.60560	3785	1	'Le Vigan'	
# 3034170	9	43.8831	0.98830	3765	1	'Beaumont-de-Lomagne'	
# 2983593	9	43.9183	1.36780	3762	1	'Labastide-Saint-Pierre'	
# 6454955	9	44.5278	2.24580	3757	1	'Aubin'	
# 2987437	9	42.6953	2.77060	3737	1	'Pézilla-la-Rivière'	
# 2998622	9	43.43	1.22190	3726	1	'Lherm'	
# 2969914	9	43.9681	1.33810	3698	1	'Bressols'	
# 3038057	9	42.6397	2.98170	3669	1	'Alénya'	
# 3015119	9	43.7211	4.17280	3667	1	'Gallargues-le-Montueux'	
# 3004381	9	43.9344	0.62110	3665	1	'Lectoure'	
# 2969944	9	43.6575	1.66080	3631	1	'Verfeil'	
# 2976520	9	43.5814	2.18420	3589	1	'Saïx'	
# 2981521	9	43.64	3.96530	3557	1	'Saint-Aunès'	
# 2983606	9	43.4125	1.11780	3531	1	'Rieumes'	
# 2976421	9	44.1714	4.15780	3518	1	'Salindres'	
# 2985632	9	44.4789	1.40420	3515	1	'Pradines'	
# 2976489	9	42.8328	2.91890	3511	1	'Salses-le-Château'	
# 2969400	9	43.7583	0.30330	3509	1	'Vic-Fezensac'	
# 2993006	9	43.7175	1.59030	3503	1	'Montastruc-la-Conseillère'	
# 2988755	9	42.4753	2.67190	3503	1	'Amélie-les-Bains-Palalda'	
# 6431418	9	43.6344	4.19560	3501	1	'Saint-Laurent-d’Aigouze'	
# 6617792	9	43.8925	2.16970	3499	1	'Puygouzon'	
# 3028830	9	43.6017	3.49060	3494	1	'Canet'	
# 3035044	9	43.195	0.11940	3481	1	'Barbazan-Debat'	
# 2981228	9	44.8592	1.89110	3479	1	'Saint-Céré'	
# 3014482	9	44.7789	1.72500	3468	1	'Gramat'	
# 3019657	9	42.7769	2.83560	3460	1	'Espira-de-l’Agly'	
# 6432008	9	43.5147	0.40420	3455	1	'Mirande'	
# 2984299	9	43.7764	2.18970	3449	1	'Réalmont'	
# 2970669	9	43.0456	1.62830	3436	1	'Varilhes'	
# 3022987	9	43.5486	3.70470	3431	1	'Cournonsec'	
# 3033268	9	43.7656	4.28610	3425	1	'Bernis'	
# 2989629	9	44.3461	2.55280	3425	1	'Olemps'	
# 2984719	9	42.8753	2.18190	3400	1	'Quillan'	
# 3031205	9	43.3725	3.24890	3387	1	'Boujan-sur-Libron'	
# 6448269	9	43.4544	1.61500	3383	1	'Baziège'	
# 3037682	9	44.0535	3.98660	3382	1	'Anduze'	
# 2996823	9	43.4711	3.22190	3371	1	'Magalas'	
# 3038488	9	43.7394	4.18060	3338	1	'Aigues-Vives'	
# 3035388	9	42.7003	2.82250	3323	1	'Baho'	
# 2969389	9	43.4897	3.79670	3317	1	'Vic-la-Gardiole'	
# 2974203	9	42.5306	2.95670	3315	1	'Sorède'	
# 3005632	9	43.5856	3.80560	3282	1	'Lavérune'	
# 2993717	9	43.5078	3.80080	3282	1	'Mireval'	
# 2999981	9	43.2736	3.17170	3279	1	'Lespignan'	
# 6431847	9	43.6947	1.35330	3277	1	'Seilh'	
# 2995438	9	43.9175	2.02810	3277	1	'Marssac-sur-Tarn'	
# 6448475	9	43.3289	3.04440	3273	1	'Capestang'	
# 6454038	9	43.6572	4.11390	3266	1	'Saint-Just'	
# 3038257	9	44.09	1.44940	3260	1	'Albias'	
# 6427054	9	44.4031	2.60000	3260	1	'Sébazac-Concourès'	
# 2984643	9	43.9094	4.00000	3259	1	'Quissac'	
# 2981810	9	44.2606	4.19810	3257	1	'Saint-Ambroix'	
# 2976372	9	43.2383	3.11970	3254	1	'Salles-d’Aude'	
# 2989742	9	43.1958	0.05780	3253	1	'Odos'	
# 2968691	9	42.7278	2.98440	3251	1	'Villelongue-de-la-Salanque'	
# 2974066	9	44.8978	1.47420	3243	1	'Souillac'	
# 2998409	9	43.3839	3.17030	3209	1	'Lignan-sur-Orb'	
# 6447002	9	43.2428	2.11470	3204	1	'Bram'	
# 2984952	9	43.5719	2.01190	3198	1	'Puylaurens'	
# 3006205	9	43.1039	1.65420	3193	1	'La Tour-du-Crieu'	
# 2992577	9	43.8758	4.59330	3176	1	'Montfrin'	
# 6617813	9	44.0347	1.21690	3173	1	'La Ville-Dieu-du-Temple'	
# 3005657	9	43.3961	1.26030	3153	1	'Lavernose-Lacasse'	
# 3035065	9	44.2769	2.43280	3144	1	'Baraqueville'	
# 6454542	9	42.7842	2.96670	3131	1	'Saint-Hippolyte'	
# 2993720	9	43.0886	1.87360	3130	1	'Mirepoix'	
# 3016837	9	43.6989	1.37560	3122	1	'Gagnac-sur-Garonne'	
# 6432591	9	43.3044	3.33580	3115	1	'Portiragnes'	
# 3009188	9	43.4119	1.38860	3107	1	'Lagardelle-sur-Lèze'	
# 3007541	9	43.6514	4.07310	3106	1	'Lansargues'	
# 2988743	9	42.5728	2.96140	3106	1	'Palau-del-Vidre'	
# 2997775	9	43.355	1.24000	3104	1	'Longages'	
# 2991119	9	43.4406	3.14420	3102	1	'Murviel-lès-Béziers'	
# 2992654	9	43.2078	1.22970	3079	1	'Montesquieu-Volvestre'	
# 2974091	9	43.205	0.09920	3070	1	'Soues'	
# 2992926	9	43.7156	1.48030	3066	1	'Montberon'	
# 2977274	9	44.0453	4.44110	3063	1	'Saint-Quentin-la-Poterie'	
# 2980002	9	43.9456	4.21670	3036	1	'Saint-Geniès-de-Malgoirès'	
# 2978918	9	44.0547	4.69970	3032	1	'Saint-Laurent-des-Arbres'	
# 2969402	9	42.8475	1.60610	3028	1	'Tarascon-sur-Ariège'	
# 3016023	9	43.6264	0.87670	3025	1	'Gimont'	
# 3033435	9	43.3778	1.17580	3015	1	'Bérat'	
# 2972904	9	43.4217	3.16970	3008	1	'Thézan-lès-Béziers'	
# 2981303	9	43.6675	4.02920	3006	1	'Saint-Brès'	
# 6616494	9	43.4328	1.43170	2985	1	'Vernet'	
# 3006215	9	42.6061	3.00250	2978	1	'Latour-Bas-Elne'	
# 2985096	9	43.3678	3.04080	2974	1	'Puisserguier'	
# 2976395	9	43.2592	2.94580	2973	1	'Sallèles-d’Aude'	
# 6451350	9	44.0336	2.15860	2965	1	'Blaye-les-Mines'	
# 2992944	9	43.5158	3.69610	2928	1	'Montbazin'	
# 3037572	9	43.6853	3.58580	2915	1	'Aniane'	
# 3024932	9	43.3128	1.53060	2909	1	'Cintegabelle'	
# 2990294	9	43.3539	1.27440	2904	1	'Noé'	
# 3037070	9	43.0025	-0.09860	2901	1	'Argelès-Gazost'	
# 3012921	9	43.2331	0.00170	2900	1	'Ibos'	
# 6447057	9	44.4706	2.72060	2886	1	'Bozouls'	
# 3007694	9	44.7267	3.85500	2886	1	'Langogne'	
# 2974195	9	43.4528	2.06690	2869	1	'Sorèze'	
# 2983152	9	43.8267	4.43360	2866	1	'Rodilhan'	
# 2992917	9	43.3964	3.36720	2863	1	'Montblanc'	
# 6431631	9	43.6919	1.51640	2854	1	'Lapeyrouse'	
# 3036430	9	43.755	4.14780	2843	1	'Aubais'	
# 6616434	9	43.6931	4.61060	2843	1	'Fourques'	
# 3009289	9	44.1278	1.24060	2842	1	'Lafrançaise'	
# 2986204	9	42.6264	2.81440	2841	1	'Ponteilla'	
# 3033073	9	44.2917	4.10060	2838	1	'Bessèges'	
# 6424456	9	43.6136	1.23920	2836	1	'Brax'	
# 2979993	9	42.5417	2.92190	2836	1	'Saint-Génis-des-Fontaines'	
# 2980163	9	42.6814	2.73860	2830	1	'Saint-Féliu-d’Avall'	
# 3029338	9	43.7789	1.63310	2819	1	'Buzet-sur-Tarn'	
# 3011245	9	43.4614	1.24530	2809	1	'Labastidette'	
# 2987082	9	43.5083	1.38940	2806	1	'Pinsaguel'	
# 2986248	9	43.5044	2.40610	2796	1	'Pont-de-Larn'	
# 2999976	9	43.7083	1.38580	2783	1	'Lespinasse'	
# 2973626	9	43.7117	4.00220	2776	1	'Sussargues'	
# 2992102	9	43.0847	0.56890	2763	1	'Montréjeau'	
# 2978369	9	43.7908	3.73170	2761	1	'Saint-Martin-de-Londres'	
# 2972475	9	43.3967	3.41670	2740	1	'Saint-Thibéry'	
# 2970104	9	43.2694	3.22420	2712	1	'Vendres'	
# 6614066	9	42.4569	2.63390	2698	1	'Arles-sur-Tech'	
# 3035576	9	43.4372	1.59690	2663	1	'Ayguesvives'	
# 6426926	9	43.2036	3.07390	2653	1	'Vinassan'	
# 3020825	9	43.5969	1.60170	2650	1	'Drémil-Lafage'	
# 2970086	9	43.4336	1.44390	2633	1	'Venerque'	
# 3035267	9	43.4603	3.68470	2631	1	'Balaruc-le-Vieux'	
# 2980799	9	43.7333	3.98220	2630	1	'Saint-Drézéry'	
# 2991246	9	43.6464	4.03940	2624	1	'Mudaison'	
# 2999649	9	44.2069	4.03470	2598	1	'Les Salles-du-Gardon'	
# 2983591	9	43.2575	1.19690	2595	1	'Rieux-Volvestre'	
# 2988082	9	43.2458	2.31830	2589	1	'Pennautier'	
# 3035295	9	42.75	2.80920	2584	1	'Baixas'	
# 3024239	9	43.3131	3.14060	2584	1	'Colombiers'	
# 3029229	9	43.9853	2.14110	2583	1	'Cagnac-les-Mines'	
# 2974146	9	43.5556	2.11640	2573	1	'Soual'	
# 3035441	9	44.0731	4.05080	2565	1	'Bagard'	
# 3027824	9	43.3231	3.30470	2564	1	'Cers'	
# 2995054	9	42.4903	2.81030	2561	1	'Maureillas-las-Illas'	
# 2993726	9	43.3703	1.41720	2558	1	'Miremont'	
# 6448197	9	44.0494	4.01970	2549	1	'Boisset'	
# 2988922	9	43.2886	2.97140	2549	1	'Ouveillan'	
# 3028143	9	43.5072	3.36890	2546	1	'Caux'	
# 2971176	9	43.6722	3.71780	2546	1	'Vailhauquès'	
# 2982117	9	43.27	2.40170	2545	1	'Conques-sur-Orbiel'	
# 2992526	9	43.4578	1.57360	2536	1	'Montgiscard'	
# 3028674	9	43.53	1.75750	2520	1	'Caraman'	
# 6447097	9	44.3444	2.49310	2512	1	'Druelle'	
# 3038502	9	43.4939	2.31670	2511	1	'Aiguefonde'	
# 3008321	9	43.5975	3.07970	2508	1	'Lamalou-les-Bains'	
# 2988309	9	43.61	0.59190	2490	1	'Pavie'	
# 2994078	9	43.8825	4.56110	2479	1	'Meynes'	
# 3010566	9	43.7086	2.69220	2478	1	'Lacaune'	
# 2980004	9	43.6831	1.48580	2452	1	'Saint-Geniès-Bellevue'	
# 2979244	9	44.1047	3.88610	2436	1	'Saint-Jean-du-Gard'	
# 3024314	9	42.5256	3.08080	2418	1	'Collioure'	
# 3024463	9	43.7317	4.21970	2418	1	'Codognan'	
# 2974699	9	44.3217	3.07140	2415	1	'Sévérac-le-Château'	
# 3006699	9	42.97	1.87190	2412	1	'Laroque-d’Olmes'	
# 2983744	9	43.6758	4.23610	2410	1	'Le Cailar'	
# 2985547	9	44.5039	1.18810	2394	1	'Prayssac'	
# 6431539	9	43.6939	1.26920	2381	1	'Daux'	
# 2995351	9	43.1986	1.01080	2376	1	'Martres-Tolosane'	
# 3018456	9	44.54	2.31080	2374	1	'Firmi'	
# 2989108	9	43.1839	-0.02640	2372	1	'Ossun'	
# 3036314	9	43.7569	4.31220	2367	1	'Aubord'	
# 3029108	9	43.2867	1.63420	2362	1	'Calmont'	
# 2988756	9	43.1728	2.38530	2359	1	'Palaja'	
# 2976837	9	43.3289	1.32190	2356	1	'Saint-Sulpice-sur-Lèze'	
# 2988259	9	43.5011	1.50830	2341	1	'Péchabou'	
# 2998661	9	43.2761	1.34690	2336	1	'Lézat-sur-Lèze'	
# 3018362	9	44.2889	2.60610	2331	1	'Flavin'	
# 2995146	9	43.4681	0.03560	2322	1	'Maubourguet'	
# 6450534	9	42.6242	2.95140	2320	1	'Corneilla-del-Vercol'	
# 2986386	9	43.4906	1.51690	2317	1	'Pompertuzat'	
# 3030338	9	43.8894	1.91030	2313	1	'Brens'	
# 3027783	9	43.45	3.05140	2313	1	'Cessenon-sur-Orb'	
# 2976301	9	43.4928	0.93080	2311	1	'Samatan'	
# 2977721	9	43.5278	3.51890	2294	1	'Saint-Pargoire'	
# 3035416	9	42.7906	0.59390	2293	1	'Bagnères-de-Luchon'	
# 3032823	9	43.8814	4.49000	2293	1	'Bezouce'	
# 2977885	9	44.0636	1.02280	2283	1	'Saint-Nicolas-de-la-Grave'	
# 3010634	9	43.9239	4.26420	2282	1	'La Calmette'	
# 3003308	9	44.3428	2.57830	2276	1	'Le Monastère'	
# 2969781	9	43.0817	1.64890	2274	1	'Verniolle'	
# 6431368	9	43.9394	4.56390	2259	1	'Remoulins'	
# 2979205	9	42.5111	2.79220	2248	1	'Saint-Jean-Pla-de-Corts'	
# 6427047	9	44.4353	2.51330	2243	1	'Salles-la-Source'	
# 2986434	9	43.3908	3.49860	2242	1	'Pomérols'	
# 2975888	9	43.4792	1.34860	2240	1	'Saubens'	
# 2975018	9	44.1786	1.61830	2225	1	'Septfonds'	
# 6431310	9	43.8044	4.25000	2204	1	'Langlade'	
# 6444925	9	43.6644	2.29110	2202	1	'Roquecourbe'	
# 2994979	9	43.7306	0.87810	2198	1	'Mauvezin'	
# 2978706	9	43.6964	1.47810	2192	1	'Saint-Loup-Cammas'	
# 2995055	9	43.3572	3.12000	2177	1	'Maureilhan'	
# 2997407	9	43.45	3.61390	2176	1	'Loupian'	
# 2982543	9	43.5047	3.31060	2169	1	'Roujan'	
# 3037067	9	43.3117	2.91030	2165	1	'Argeliers'	
# 2997812	9	43.4747	0.91030	2159	1	'Lombez'	
# 2975863	9	43.8975	1.99220	2153	1	'Lagrave'	
# 6456938	9	44.4328	3.21470	2146	1	'La Canourgue'	
# 2981402	9	44.0522	2.12970	2129	1	'Saint-Benoît-de-Carmaux'	
# 3006701	9	42.5231	2.93190	2128	1	'Laroque-des-Albères'	
# 3034713	9	43.4111	3.25360	2124	1	'Bassan'	
# 2971568	9	42.6114	2.80830	2123	1	'Trouillas'	
# 3029039	9	43.9128	2.21250	2120	1	'Cambon'	
# 3007535	9	43.5597	1.65500	2113	1	'Lanta'	
# 2968062	9	42.645	2.52860	2111	1	'Vinça'	
# 2998803	9	43.6658	1.19440	2110	1	'Lévignac'	
# 2976653	9	44.0619	4.64220	2104	1	'Saint-Victor-la-Coste'	
# 3029503	9	43.6364	2.31750	2092	1	'Burlats'	
# 2980590	9	43.4931	1.14500	2091	1	'Sainte-Foy-de-Peyrolières'	
# 3032794	9	44.9281	1.84720	2090	1	'Biars-sur-Cère'	
# 2972908	9	42.6381	2.95280	2084	1	'Théza'	
# 3009731	9	43.4992	1.40940	2080	1	'Lacroix-Falgarde'	
# 3004294	9	43.3964	1.29420	2069	1	'Le Fauga'	
# 2989308	9	43.2794	0.12060	2069	1	'Orleix'	
# 3002541	9	43.5922	3.52470	2068	1	'Le Pouget'	
# 2971025	9	43.6675	4.06170	2065	1	'Valergues'	
# 12172720	9	43.2442	2.89420	2062	1	'Saint-Nazaire-d’Aude'	
# 3000444	9	44.2281	4.16580	2059	1	'Les Mages'	
# 3034274	9	43.7281	4.02140	2057	1	'Beaulieu'	
# 6616454	9	44.0258	4.79310	2051	1	'Sauveterre'	
# 2975492	9	43.9417	4.68140	2051	1	'Saze'	
# 3019584	9	42.7722	2.69890	2046	1	'Estagel'	
# 2979995	9	44.4653	2.97360	2046	1	'Saint-Geniez-d’Olt'	
# 6431803	9	43.5433	1.60970	2045	1	'Sainte-Foy-d’Aigrefeuille'	
# 3030127	9	43.7511	1.90810	2033	1	'Briatexte'	
# 3031949	9	43.7597	4.08110	2030	1	'Boisseron'	
# 6615856	9	43.2439	2.92250	2012	1	'Saint-Marcel-sur-Aude'	
# 2990284	9	43.7583	-0.03390	2012	1	'Nogaro'	
# 2975191	9	43.5914	2.11080	2011	1	'Sémalens'	
# 6431558	9	43.5953	1.56280	2009	1	'Flourens'	
# 2990890	9	44.1983	2.34190	2008	1	'Naucelle'	
# 2998018	9	42.6211	2.76920	2006	1	'Llupia'	
# 6445001	9	43.9664	1.58440	2006	1	'Monclar-de-Quercy'	
# 3027927	9	43.7497	1.43110	2003	1	'Cépet'	
# 3000353	9	43.7306	3.80890	2002	1	'Les Matelles'	
# 2992104	9	43.7203	2.32640	2002	1	'Montredon-Labessonnié'	
# 2991386	9	43.2314	2.95030	1998	1	'Moussan'	
# 2983900	9	43.7236	4.03890	1998	1	'Restinclières'	
# 2983929	9	44.0322	2.53530	1994	1	'Réquista'	
# 2973264	9	44.0114	4.70000	1994	1	'Tavel'	
# 2981433	9	43.8953	3.73640	1989	1	'Saint-Bauzille-de-Putois'	
# 2980003	9	44.0658	4.72190	1983	1	'Saint-Geniès-de-Comolas'	
# 3023599	9	42.6975	2.73030	1978	1	'Corneilla-la-Rivière'	
# 2983568	9	44.4092	2.28940	1969	1	'Rignac'	
# 2983582	9	43.2819	2.58750	1967	1	'Rieux-Minervois'	
# 2980001	9	43.6969	4.03530	1967	1	'Saint-Geniès-des-Mourgues'	
# 6434865	9	44.5044	1.13830	1965	1	'Puy-l’Évêque'	
# 2983603	9	44.3078	2.23640	1961	1	'Rieupeyroux'	
# 6616497	9	43.7389	1.23110	1960	1	'Larra'	
# 2967812	9	43.5547	2.17640	1959	1	'Viviers-lès-Montagnes'	
# 2979692	9	43.8775	4.46860	1949	1	'Saint-Gervasy'	
# 3011249	9	43.7389	1.47110	1918	1	'Labastide-Saint-Sernin'	
# 2975674	9	43.9425	3.94860	1912	1	'Sauve'	
# 6431788	9	43.6642	1.52470	1909	1	'Rouffiac-Tolosan'	
# 3004185	9	43.2817	1.06560	1896	1	'Le Fousseret'	
# 3018238	9	44.3261	3.59310	1894	1	'Florac'	
# 2992119	9	43.2	2.14080	1894	1	'Montréal'	
# 2984297	9	44.1147	1.47940	1894	1	'Réalville'	
# 6440782	9	43.2067	0.07280	1880	1	'Laloubère'	
# 2981204	9	43.9708	4.27920	1877	1	'Saint-Chaptes'	
# 6432566	9	43.6044	3.73670	1873	1	'Murviel-lès-Montpellier'	
# 2977927	9	43.9647	1.42830	1857	1	'Saint-Nauphary'	
# 6431596	9	43.6825	1.58310	1853	1	'Gragnague'	
# 3016618	9	43.7081	1.56080	1851	1	'Garidech'	
# 6617818	9	44.1519	1.75500	1848	1	'Saint-Antonin-Noble-Val'	
# 6616595	9	43.4886	2.76030	1839	1	'Saint-Pons-de-Thomières'	
# 3009163	9	43.5767	2.27610	1837	1	'Lagarrigue'	
# 2983443	9	43.6567	-0.08720	1831	1	'Riscle'	
# 2987103	9	43.4047	3.50940	1825	1	'Pinet'	
# 2990450	9	43.4211	3.40640	1825	1	'Nézignan-l’Évêque'	
# 8291412	9	43.9686	4.52440	1822	1	'Vers-Pont-du-Gard'	
# 2977657	9	44.2633	4.59720	1820	1	'Saint-Paulet-de-Caisson'	
# 2991046	9	43.7908	4.23000	1818	1	'Nages-et-Solorgues'	
# 2971782	9	44.1067	4.58690	1803	1	'Tresques'	
# 2996978	9	44.4783	1.28690	1802	1	'Luzech'	
# 6441030	9	42.8103	2.50530	1800	1	'Saint-Paul-de-Fenouillet'	
# 3019695	9	42.9353	2.22060	1800	1	'Espéraza'	
# 3028844	9	43.62	4.06810	1797	1	'Candillargues'	
# 2968566	9	43.1208	0.66670	1789	1	'Villeneuve-de-Rivière'	
# 6450477	9	43.29	0.07640	1786	1	'Bazet'	
# 2984879	9	43.3467	2.96250	1781	1	'Quarante'	
# 3024057	9	43.8528	4.60610	1777	1	'Comps'	
# 2969474	9	44.0531	4.13640	1777	1	'Vézénobres'	
# 2976443	9	43.1033	0.95860	1775	1	'Salies-du-Salat'	
# 2993230	9	43.6108	1.57440	1774	1	'Mons'	
# 2993078	9	43.6914	1.23060	1760	1	'Montaigut-sur-Save'	
# 3005943	9	43.7061	2.13890	1755	1	'Lautrec'	
# 2968236	9	43.7886	4.09640	1751	1	'Villevieille'	
# 3038782	9	43.4497	3.29470	1750	1	'Abeilhan'	
# 3028341	9	44.2689	1.35310	1749	1	'Castelnau-Montratier'	
# 2974879	9	43.9114	4.55190	1748	1	'Sernhac'	
# 3038197	9	43.4697	3.34190	1745	1	'Alignan-du-Vent'	
# 2980364	9	44.3372	2.62670	1745	1	'Sainte-Radegonde'	
# 2968690	9	42.5253	2.90360	1743	1	'Villelongue-dels-Monts'	
# 3005979	9	43.5231	3.19720	1737	1	'Laurens'	
# 2992327	9	43.4883	1.57110	1737	1	'Montaudran'	
# 3008502	9	44.3386	1.54470	1735	1	'Lalbenque'	
# 6446994	9	43.1642	2.86970	1731	1	'Bizanet'	
# 2989571	9	43.2839	2.73080	1729	1	'Olonzac'	
# 3023602	9	43.4	3.19250	1721	1	'Corneilhan'	
# 6426955	9	44.4736	2.46440	1721	1	'Marcillac-Vallon'	
# 2979328	9	43.7008	3.55080	1721	1	'Saint-Jean-de-Fos'	
# 3008636	9	44.3811	2.82250	1711	1	'Laissac'	
# 6426912	9	43.2689	2.35440	1709	1	'Villegailhenc'	
# 6445013	9	43.9044	1.41110	1691	1	'Orgueil'	
# 3010558	9	44.0089	3.15940	1690	1	'La Cavalerie'	
# 2981183	9	43.4219	2.94690	1688	1	'Saint-Chinian'	
# 3023883	9	44.0911	4.59390	1683	1	'Connaux'	
# 2992665	9	42.6081	2.93390	1680	1	'Montescot'	
# 3021393	9	43.8625	1.26940	1675	1	'Dieupentale'	
# 3007456	9	42.9747	2.99310	1674	1	'La Palme'	
# 3023911	9	43.7783	4.16000	1667	1	'Congénies'	
# 6448218	9	43.97	4.55470	1665	1	'Castillon-du-Gard'	
# 2972288	9	43.4456	3.37860	1664	1	'Tourbes'	
# 6614187	9	44.3931	2.70610	1662	1	'Montrozier'	
# 3036544	9	43.5658	3.44940	1655	1	'Aspiran'	
# 3023772	9	43.9442	1.36830	1651	1	'Corbarieu'	
# 3030676	9	43.4481	3.65810	1650	1	'Bouzigues'	
# 3028045	9	43.1831	2.36360	1650	1	'Cazilhac'	
# 6431378	9	44.1667	4.57500	1647	1	'Sabran'	
# 2986233	9	44.2811	2.72780	1645	1	'Pont-de-Salars'	
# 6613528	9	43.9047	4.47170	1644	1	'Cabrières'	
# 2978627	9	43.8875	4.18860	1643	1	'Saint-Mamert-du-Gard'	
# 3028179	9	43.3267	2.52830	1641	1	'Caunes-Minervois'	
# 2970837	9	43.4203	3.36640	1641	1	'Valros'	
# 3028072	9	43.9347	-0.07170	1639	1	'Cazaubon'	
# 3009699	9	43.6639	2.34830	1639	1	'Lacrouzette'	
# 2998132	9	43.3814	0.83530	1633	1	'L’Isle-en-Dodon'	
# 3005914	9	43.5558	1.56530	1631	1	'Lauzerville'	
# 2979998	9	43.4683	3.17890	1631	1	'Saint-Geniès-de-Fontedit'	
# 3031135	9	43.2894	0.64470	1630	1	'Boulogne-sur-Gesse'	
# 3006711	9	43.9228	3.72440	1629	1	'Laroque'	
# 2977702	9	43.6983	1.22580	1627	1	'Saint-Paul-sur-Save'	
# 2968542	9	43.7692	1.42670	1624	1	'Villeneuve-lès-Bouloc'	
# 3024745	9	43.8619	3.90470	1617	1	'Claret'	
# 6451367	9	43.9375	2.08360	1617	1	'Castelnau-de-Lévis'	
# 3024200	9	43.6772	3.76640	1614	1	'Combaillaux'	
# 3034921	9	44.3081	4.34810	1612	1	'Barjac'	
# 2995423	9	44.9369	1.60890	1611	1	'Martel'	
# 2975741	9	43.5714	3.77440	1610	1	'Saussan'	
# 3005450	9	43.9572	0.92000	1607	1	'Lavit'	
# 6427022	9	44.0644	2.98560	1607	1	'Saint-Georges-de-Luzençon'	
# 3004359	9	43.9153	4.50920	1590	1	'Lédenon'	
# 3005060	9	43.6928	3.16640	1585	1	'Le Bousquet-d’Orb'	
# 6447093	9	44.0872	3.06530	1580	1	'Creissels'	
# 2992145	9	44.2383	1.47640	1579	1	'Montpezat-de-Quercy'	
# 3035675	9	43.3658	1.78890	1578	1	'Avignonet-Lauragais'	
# 3022079	9	43.9286	2.22060	1575	1	'Cunac'	
# 2971137	9	44.4553	2.42640	1564	1	'Valady'	
# 3018101	9	43.9078	4.19440	1563	1	'Fons'	
# 2987439	9	43.2544	2.26530	1562	1	'Pezens'	
# 3034142	9	43.3806	1.35780	1557	1	'Beaumont-sur-Lèze'	
# 2968900	9	43.8294	1.43170	1557	1	'Villaudric'	
# 2998643	9	43.4931	3.43720	1556	1	'Lézignan-la-Cèbe'	
# 3035801	9	43.5417	1.56580	1553	1	'Auzielle'	
# 2985077	9	43.5908	1.14920	1550	1	'Pujaudran'	
# 2979228	9	42.5811	2.86640	1541	1	'Saint-Jean-Lasseille'	
# 2981824	9	43.4767	2.49000	1539	1	'Saint-Amans-Soult'	
# 2989193	9	42.58	2.92500	1537	1	'Ortaffa'	
# 3018474	9	43.9125	1.22060	1531	1	'Finhan'	
# 3029271	9	43.85	1.98170	1529	1	'Cadalen'	
# 2969847	9	43.2539	2.17670	1529	1	'Alzonne'	
# 2995878	9	43.5933	3.11530	1522	1	'Hérépian'	
# 2998666	9	44.0131	4.05060	1517	1	'Lézan'	
# 3036893	9	43.1872	3.09670	1516	1	'Armissan'	
# 6616448	9	44.1167	4.05060	1512	1	'Saint-Jean-du-Pin'	
# 2991390	9	43.9811	4.22940	1511	1	'Moussac'	
# 2995230	9	43.4297	0.57890	1509	1	'Masseube'	
# 3036524	9	43.7019	3.89920	1505	1	'Assas'	
# 3033813	9	43.5078	1.56940	1504	1	'Belberaud'	
# 3033070	9	43.8797	1.25220	1497	1	'Bessens'	
# 6613343	9	43.1853	2.26580	1495	1	'Lavalette'	
# 6455534	9	44.4056	2.63030	1495	1	'La Loubière'	
# 2986375	9	43.8169	1.31250	1491	1	'Pompignan'	
# 6447092	9	44.525	2.28470	1490	1	'Cransac'	
# 3029883	9	42.5667	2.90360	1485	1	'Brouilla'	
# 3008255	9	43.4828	1.24440	1484	1	'Lamasquère'	
# 3015937	9	43.7622	1.77610	1478	1	'Giroussens'	
# 6615853	9	43.1914	2.92580	1475	1	'Montredon-des-Corbières'	
# 2992567	9	42.9344	1.63470	1474	1	'Montgaillard'	
# 6447019	9	43.1839	2.55940	1473	1	'Capendu'	
# 3016009	9	43.2681	2.87170	1473	1	'Ginestas'	
# 3004346	9	43.9886	4.10640	1472	1	'Lédignan'	
# 2993038	9	43.8664	1.88530	1472	1	'Montans'	
# 2987500	9	42.7542	2.85170	1470	1	'Peyrestortes'	
# 6616834	9	44.6664	2.15830	1469	1	'Bagnac-sur-Célé'	
# 2973701	9	43.9808	3.71560	1469	1	'Sumène'	
# 3026987	9	44.4664	3.34310	1459	1	'Chanac'	
# 3028092	9	44.2358	1.77080	1457	1	'Caylus'	
# 3005915	9	44.2558	1.13750	1447	1	'Lauzerte'	
# 2986938	9	43.6056	0.04640	1446	1	'Plaisance'	
# 2984626	9	43.3869	0.15060	1444	1	'Rabastens-de-Bigorre'	
# 2968274	9	43.7339	4.14000	1442	1	'Villetelle'	
# 6617806	9	43.6206	2.08940	1440	1	'Vielmur-sur-Agout'	
# 2991115	9	43.7397	4.20110	1429	1	'Mus'	
# 2979095	9	44.2881	4.56530	1425	1	'Saint-Julien-de-Peyrolas'	
# 2990831	9	43.6064	3.43190	1418	1	'Nébian'	
# 2969817	9	42.5489	2.38780	1418	1	'Vernet-les-Bains'	
# 3011252	9	43.4756	2.63890	1414	1	'Labastide-Rouairoux'	
# 2977371	9	44.0047	1.17720	1407	1	'Saint-Porquier'	
# 2968504	9	43.4356	1.66310	1404	1	'Villenouvelle'	
# 2992945	9	44.4767	2.22890	1398	1	'Montbazens'	
# 2969556	9	43.74	4.25920	1393	1	'Vestric-et-Candiac'	
# 2998445	9	43.4183	3.23720	1391	1	'Lieuran-lès-Béziers'	
# 3037693	9	43.3167	0.06110	1388	1	'Andrest'	
# 6445006	9	43.9128	1.27280	1388	1	'Montbartier'	
# 3028908	9	43.8972	1.32640	1387	1	'Campsas'	
# 6616585	9	43.6442	3.45830	1382	1	'Ceyras'	
# 2981749	9	43.1139	2.83690	1380	1	'Saint-André-de-Roquelongue'	
# 2981178	9	43.7278	4.07970	1380	1	'Saint-Christol'	
# 2968654	9	42.5881	2.83970	1380	1	'Villemolaque'	
# 2970978	9	43.8531	4.62750	1379	1	'Vallabrègues'	
# 6445050	9	43.9067	1.45310	1378	1	'Villebrumier'	
# 3034992	9	43.7033	-0.23580	1375	1	'Barcelonne-du-Gers'	
# 6427014	9	44.5156	2.81470	1375	1	'Saint-Côme-d’Olt'	
# 2986001	9	43.0544	2.92190	1374	1	'Portel-des-Corbières'	
# 2981865	9	44.7808	3.38830	1364	1	'Saint-Alban-sur-Limagnole'	
# 2993320	9	44.0711	2.09720	1360	1	'Monestiés'	
# 6455124	9	44.9144	1.83830	1359	1	'Bretenoux'	
# 3006036	9	43.7428	1.18060	1359	1	'Launac'	
# 2968549	9	42.6936	2.80360	1359	1	'Villeneuve-la-Rivière'	
# 2981079	9	43.4661	1.21530	1358	1	'Saint-Clar-de-Rivière'	
# 2978760	9	43.0017	1.13690	1357	1	'Saint-Lizier'	
# 2997876	9	43.7072	3.39560	1353	1	'Le Bosc'	
# 3027915	9	42.4433	3.16470	1351	1	'Cerbère'	
# 2990250	9	43.8903	1.43810	1348	1	'Nohic'	
# 2992153	9	43.6953	3.50640	1347	1	'Montpeyroux'	
# 2985099	9	43.4578	3.23580	1346	1	'Puissalicon'	
# 2994794	9	44.0886	1.23940	1343	1	'Meauzac'	
# 3030542	9	44.2203	3.99030	1338	1	'Branoux-les-Taillades'	
# 3022609	9	43.375	3.01080	1336	1	'Creissan'	
# 6440992	9	42.4161	1.98080	1336	1	'Osséja'	
# 2995278	9	43.8906	1.19640	1332	1	'Mas-Grenier'	
# 2968558	9	43.2869	1.92140	1332	1	'Villeneuve-la-Comptal'	
# 3028976	9	43.0169	0.17750	1327	1	'Campan'	
# 3017255	9	43.8803	2.23110	1326	1	'Fréjairolles'	
# 6452125	9	43.1842	2.24060	1320	1	'Alairac'	
# 3011313	9	43.0803	0.67190	1317	1	'Labarthe-Rivière'	
# 2977681	9	42.9133	1.66060	1317	1	'Saint-Paul-de-Jarrat'	
# 3020916	9	43.4853	2.13830	1316	1	'Dourgne'	
# 2995922	9	43.2256	2.92140	1316	1	'Marcorignan'	
# 2971202	9	43.7786	1.47970	1310	1	'Vacquiers'	
# 2992147	9	43.8517	4.15720	1309	1	'Montpezat'	
# 2971046	9	44.0197	2.40440	1308	1	'Valence-d’Albigeois'	
# 3011281	9	43.3464	1.85170	1307	1	'Labastide-d’Anjou'	
# 2993088	9	44.3403	1.01810	1306	1	'Montaigu-de-Quercy'	
# 2970288	9	44.9531	1.70420	1303	1	'Vayrac'	
# 2990469	9	43.2119	2.90310	1299	1	'Névian'	
# 2983585	9	43.0575	1.61000	1299	1	'Rieux-de-Pelleport'	
# 3030520	9	43.6297	2.49860	1297	1	'Brassac'	
# 3033565	9	43.1978	1.75140	1295	1	'Belpech'	
# 2990819	9	42.6939	2.66690	1292	1	'Néfiach'	
# 2994963	9	43.3753	1.29140	1291	1	'Mauzac'	
# 2983786	9	42.4753	2.70830	1291	1	'Reynès'	
# 3016822	9	43.2547	1.47080	1288	1	'Gaillac-Toulza'	
# 2986928	9	43.5581	3.52580	1284	1	'Plaissan'	
# 2992347	9	43.7703	1.53360	1283	1	'Montjoire'	
# 2979578	9	43.4228	1.27810	1282	1	'Saint-Hilaire'	
# 3006188	9	43.6533	3.14890	1281	1	'La Tour-sur-Orb'	
# 2978797	9	43.4003	1.56080	1279	1	'Saint-Léon'	
# 3035595	9	42.7194	1.83890	1277	1	'Ax-les-Thermes'	
# 3038522	9	43.5678	1.59030	1274	1	'Aigrefeuille'	
# 3019157	9	43.1356	2.69720	1273	1	'Fabrezan'	
# 3010605	9	44.7289	1.92580	1270	1	'Lacapelle-Marival'	
# 2980144	9	43.4486	1.88750	1270	1	'Saint-Félix-Lauragais'	
# 3028680	9	43.1017	0.31670	1267	1	'Capvern'	
# 3035093	9	42.5658	2.86720	1265	1	'Banyuls-dels-Aspres'	
# 3011288	9	43.4819	1.66560	1265	1	'Labastide-Beauvoir'	
# 2979260	9	43.0136	1.61080	1265	1	'Saint-Jean-de-Verges'	
# 2970095	9	44.1969	4.65750	1265	1	'Vénéjan'	
# 3016645	9	43.3914	1.68360	1264	1	'Gardouch'	
# 2985474	9	43.7125	0.62970	1263	1	'Preignan'	
# 3030772	9	43.5008	2.40440	1260	1	'Bout-du-Pont-de-Larn'	
# 3004130	9	44.0097	2.16310	1258	1	'Le Garric'	
# 2967806	9	44.5564	2.21580	1258	1	'Viviez'	
# 2968761	9	43.8969	2.33000	1250	1	'Villefranche-d’Albigeois'	
# 3038658	9	43.5353	3.42830	1241	1	'Adissan'	
# 3008825	9	44.6842	2.84720	1238	1	'Laguiole'	
# 2988345	9	43.7556	1.55610	1238	1	'Paulhac'	
# 3011258	9	44.3886	1.39970	1235	1	'Labastide-Marnhac'	
# 2987564	9	43.2681	2.03670	1230	1	'Pexiora'	
# 3036604	9	43.1992	2.20940	1229	1	'Arzens'	
# 2992661	9	42.5172	2.88170	1229	1	'Montesquieu-des-Albères'	
# 2993523	9	44.2603	4.15970	1228	1	'Molières-sur-Cèze'	
# 3011315	9	43.0794	0.38330	1225	1	'La Barthe-de-Neste'	
# 3009813	9	43.9858	1.26420	1225	1	'Lacourt-Saint-Pierre'	
# 2981863	9	44.2278	4.62110	1225	1	'Saint-Alexandre'	
# 2973077	9	43.9281	2.07330	1221	1	'Terssac'	
# 6432692	9	43.7433	3.70500	1220	1	'Viols-le-Fort'	
# 2995990	9	43.5242	0.16170	1220	1	'Marciac'	
# 2992790	9	44.3386	1.20970	1220	1	'Montcuq'	
# 3032306	9	43.9633	4.36890	1216	1	'Blauzac'	
# 3028362	9	44.0286	1.03890	1216	1	'Castelmayran'	
# 3030983	9	42.4342	1.94390	1215	1	'Bourg-Madame'	
# 3018671	9	43.1469	2.72750	1213	1	'Ferrals-les-Corbières'	
# 3031645	9	43.5458	1.14920	1211	1	'Bonrepos-sur-Aussonnelle'	
# 2992035	9	44.5517	3.32890	1210	1	'Montrodat'	
# 2968906	9	43.2211	2.03920	1210	1	'Villasavary'	
# 3009447	9	43.2997	1.16310	1209	1	'Lafitte-Vigordane'	
# 2994724	9	44.0975	4.15190	1209	1	'Méjannes-lès-Alès'	
# 2976310	9	44.6811	1.26470	1208	1	'Salviac'	
# 3032492	9	43.3186	2.87110	1205	1	'Bize-Minervois'	
# 2971246	9	43.945	2.83690	1204	1	'Vabres-l’Abbaye'	
# 2976320	9	43.9056	1.68780	1203	1	'Salvagnac'	
# 3020694	9	44.0872	0.77060	1202	1	'Dunes'	
# 3013153	9	43.1881	0.08830	1197	1	'Horgues'	
# 3015690	9	43.8853	0.23690	1196	1	'Gondrin'	
# 2992044	9	44.0756	1.61940	1196	1	'Montricoux'	
# 6615850	9	43.2522	2.65310	1194	1	'La Redorte'	
# 2988965	9	43.2869	0.03750	1192	1	'Oursbelille'	
# 3028346	9	43.4347	3.43860	1190	1	'Castelnau-de-Guers'	
# 2985133	9	43.2239	2.62440	1190	1	'Puichéric'	
# 6440945	9	43.1842	0.24560	1189	1	'Tournay'	
# 3028048	9	44.2269	1.20220	1187	1	'Cazes-Mondenard'	
# 2977656	9	43.6264	3.67470	1185	1	'Saint-Paul-et-Valmalle'	
# 3036018	9	43.2186	0.87940	1185	1	'Aurignac'	
# 3021475	9	43.4794	1.52690	1185	1	'Deyme'	
# 2993528	9	44.1933	1.36310	1183	1	'Molières'	
# 3008366	9	43.8119	1.54220	1178	1	'La Magdelaine-sur-Tarn'	
# 2996487	9	44.0897	0.97310	1178	1	'Malause'	
# 2975317	9	43.6311	1.13060	1172	1	'Ségoufielle'	
# 2985698	9	43.4833	3.27920	1171	1	'Pouzolles'	
# 2980108	9	44.2422	4.11140	1171	1	'Saint-Florent-sur-Auzonnet'	
# 6431874	9	43.5244	1.44640	1170	1	'Vieille-Toulouse'	
# 2980164	9	42.6867	2.72250	1170	1	'Saint-Féliu-d’Amont'	
# 3003774	9	43.775	-0.18060	1168	1	'Le Houga'	
# 2980152	9	43.6622	3.45920	1168	1	'Saint-Félix-de-Lodez'	
# 2989208	9	44.1314	4.66610	1166	1	'Orsan'	
# 2985564	9	42.4039	2.47920	1164	1	'Prats-de-Mollo-la-Preste'	
# 3008362	9	44.125	0.82330	1162	1	'Lamagistère'	
# 2977636	9	43.1019	-0.15920	1160	1	'Saint-Pé-de-Bigorre'	
# 3025119	9	44.5239	3.26530	1157	1	'Chirac'	
# 2968731	9	43.2861	2.44000	1157	1	'Villegly'	
# 2987495	9	43.2914	2.56750	1155	1	'Peyriac-Minervois'	
# 3029206	9	43.9831	1.91080	1154	1	'Cahuzac-sur-Vère'	
# 2989253	9	43.1808	2.83750	1154	1	'Ornaisons'	
# 3003544	9	43.0806	1.36060	1151	1	'Le Mas-d’Azil'	
# 2977079	9	43.9	1.13440	1150	1	'Saint-Sardos'	
# 2981127	9	44.4708	2.41190	1149	1	'Saint-Christophe-Vallon'	
# 3024797	9	44.4275	2.41060	1147	1	'Clairvaux-d’Aveyron'	
# 3012364	9	43.7572	0.45940	1145	1	'Jegun'	
# 3011264	9	44.0847	1.19500	1138	1	'Labastide-du-Temple'	
# 6444868	9	43.8039	2.15000	1138	1	'Lombers'	
# 2997203	9	43.1767	2.78580	1138	1	'Luc-sur-Orbieu'	
# 3006530	9	43.6008	2.70330	1136	1	'La Salvetat-sur-Agout'	
# 3032577	9	44.0894	1.53860	1131	1	'Bioule'	
# 3035525	9	43.2783	2.65920	1129	1	'Azille'	
# 3016257	9	43.055	0.16720	1129	1	'Gerde'	
# 2985123	9	43.44	3.20720	1129	1	'Puimisson'	
# 2974002	9	42.9611	-0.07360	1128	1	'Pierrefitte-Nestalas'	
# 3032427	9	43.5269	2.00810	1127	1	'Blan'	
# 2994453	9	44.4972	1.38560	1127	1	'Mercuès'	
# 2971043	9	43.8822	0.38140	1127	1	'Valence-sur-Baïse'	
# 3012061	9	43.7697	4.12280	1126	1	'Junas'	
# 2993947	9	43.4297	0.30810	1125	1	'Miélan'	
# 2978266	9	43.2994	2.01940	1125	1	'Saint-Martin-Lalande'	
# 2987497	9	43.0872	2.95780	1123	1	'Peyriac-de-Mer'	
# 3006543	9	44.0464	3.85220	1122	1	'Lasalle'	
# 2998066	9	44.5914	2.23420	1122	1	'Livinhac-le-Haut'	
# 3027582	9	42.9839	2.00640	1121	1	'Chalabre'	
# 3029168	9	44.4856	1.84280	1120	1	'Cajarc'	
# 2981984	9	42.46	2.03970	1118	1	'Saillagouse'	
# 3023294	9	42.9428	2.25610	1115	1	'Couiza'	
# 6440879	9	43.0861	0.13530	1114	1	'Pouzac'	
# 2975056	9	43.9417	1.95030	1112	1	'Senouillac'	
# 3019829	9	43.985	1.18890	1107	1	'Escatalens'	
# 3028723	9	44.5808	2.06920	1103	1	'Capdenac'	
# 3015618	9	44.2156	4.46580	1103	1	'Goudargues'	
# 3028639	9	44.2651	2.42270	1102	1	'Carcenac-Peyralès'	
# 2977686	9	43.6472	1.97580	1100	1	'Saint-Paul-Cap-de-Joux'	
# 3036363	9	43.6461	0.78360	1095	1	'Aubiet'	
# 3009315	9	44.2311	2.04190	1094	1	'La Fouillade'	
# 3030952	9	43.6022	1.71280	1089	1	'Bourg-Saint-Bernard'	
# 2970132	9	43.5817	3.56110	1089	1	'Vendémian'	
# 3029245	9	43.7283	1.05000	1087	1	'Cadours'	
# 3016508	9	44.0789	4.57830	1087	1	'Gaujac'	
# 2975244	9	43.4922	0.59310	1087	1	'Seissan'	
# 3016832	9	44.3067	4.12940	1085	1	'Gagnières'	
# 2991261	9	44.3433	2.43940	1084	1	'Moyrazès'	
# 2976932	9	44.0172	4.46610	1082	1	'Saint-Siffret'	
# 3035687	9	43.9714	3.60030	1081	1	'Avèze'	
# 3030813	9	43.1758	0.97280	1081	1	'Boussens'	
# 3017493	9	43.9289	4.60140	1081	1	'Fournès'	
# 2988043	9	43.2978	2.67920	1078	1	'Pépieux'	
# 3033799	9	42.9036	1.93440	1075	1	'Bélesta'	
# 2971775	9	42.5628	2.83000	1075	1	'Tresserre'	
# 2979536	9	43.9703	4.59190	1074	1	'Saint-Hilaire-d’Ozilhan'	
# 3024320	9	43.9539	4.47690	1073	1	'Collias'	
# 2978938	9	42.3856	2.61330	1071	1	'Saint-Laurent-de-Cerdans'	
# 3019649	9	43.44	3.26250	1071	1	'Espondeilhan'	
# 3038631	9	44.3569	2.67920	1069	1	'Agen-d’Aveyron'	
# 2968676	9	43.8289	1.50860	1068	1	'Villematier'	
# 3008050	9	44.075	1.37000	1063	1	'Lamothe-Capdeville'	
# 2978764	9	43.7653	1.75970	1061	1	'Saint-Lieux-lès-Lavaur'	
# 2969439	9	44.6075	2.25110	1061	1	'Flagnac'	
# 3018449	9	42.8936	2.97860	1060	1	'Fitou'	
# 2992350	9	43.0017	1.15940	1058	1	'Montjoie-en-Couserans'	
# 3023753	9	42.6581	2.67580	1056	1	'Corbère-les-Cabanes'	
# 2983159	9	44.4906	2.62640	1056	1	'Rodelle'	
# 2980823	9	43.8047	4.22860	1056	1	'Saint-Dionisy'	
# 2970941	9	44.0811	3.64190	1051	1	'Valleraugue'	
# 3033188	9	44.3944	2.77860	1050	1	'Bertholène'	
# 3003263	9	44.38	1.44890	1049	1	'Le Montat'	
# 3036027	9	43.5242	1.82610	1048	1	'Auriac-sur-Vendinelle'	
# 3028349	9	43.9483	0.08580	1047	1	'Castelnau d’Auzan'	
# 2990820	9	43.5336	3.33000	1047	1	'Neffiès'	
# 3019693	9	44.5119	1.37610	1045	1	'Espère'	
# 3002537	9	43.5797	3.06080	1045	1	'Le Poujol-sur-Orb'	
# 2972897	9	43.8992	4.62080	1045	1	'Théziers'	
# 2993746	9	44.1422	2.16640	1044	1	'Mirandol-Bourgnounac'	
# 3021075	9	43.4728	1.54890	1043	1	'Donneville'	
# 3021065	9	44.1097	0.82000	1043	1	'Donzac'	
# 3004208	9	43.1742	1.40810	1043	1	'Le Fossat'	
# 3017857	9	43.5397	3.37920	1039	1	'Fontès'	
# 2993769	9	44.1436	1.42000	1037	1	'Mirabel'	
# 2983378	9	44.1883	3.13080	1036	1	'Rivière-sur-Tarn'	
# 3036097	9	44.7228	3.28390	1035	1	'Aumont-Aubrac'	
# 3033034	9	44.9439	1.73390	1035	1	'Bétaille'	
# 3005983	9	43.2714	2.52030	1035	1	'Laure-Minervois'	
# 3029071	9	43.8225	2.87940	1034	1	'Camarès'	
# 3006209	9	42.7686	2.65310	1033	1	'Latour-de-France'	
# 2981434	9	43.7694	3.95530	1031	1	'Saint-Bauzille-de-Montmel'	
# 2981080	9	43.8919	0.77000	1031	1	'Saint-Clar'	
# 2977647	9	44.0822	4.61420	1029	1	'Saint-Paul-les-Fonts'	
# 3028342	9	43.9656	1.82080	1027	1	'Castelnau-de-Montmiral'	
# 2988689	9	43.8133	1.57140	1027	1	'Mirepoix-sur-Tarn'	
# 2987999	9	43.575	3.39720	1026	1	'Péret'	
# 2971693	9	43.3214	0.37030	1025	1	'Trie-sur-Baïse'	
# 2976375	9	44.1825	2.78720	1023	1	'Salles-Curan'	
# 6456835	9	43.6639	3.64500	1021	1	'La Boissière'	
# 2975716	9	43.7633	4.05720	1018	1	'Saussines'	
# 2991366	9	43.2794	2.22940	1011	1	'Moussoulens'	
# 2985005	9	44.9186	1.78690	1010	1	'Puybrun'	
# 3015738	9	44.1139	0.85110	1009	1	'Golfech'	
# 2992991	9	43.7511	3.95560	1007	1	'Montaud'	
# 2982860	9	42.9908	2.95330	1007	1	'Roquefort-des-Corbières'	
# 2997445	9	43.1753	0.02000	1004	1	'Louey'	
# 2969995	9	43.5108	2.16000	1003	1	'Verdalle'	
# 3023309	9	43.8178	1.73080	2908	1	'Coufouleux'	
# 3036687	9	43.9542	2.20830	2488	1	'Arthès'	
# 3021860	9	43.6531	1.97580	1026	1	'Damiatte'	
# ;


end;
