NIVEL	CODIGO	DESTINO	POP ATENDIDA	Physicians	Nurses	OtherCadres	CommunityBased	Beds	CTScanner	MRIUnit	Mammography	Radiotherapy
2	210005	Acailandia	148504.00	248.00	178.20	372.75	0.00	396.51	0.98	0.74	0.46	0.04
2	210030	Aldeias_Altas	28368.00	47.37	34.04	71.20	0.00	75.74	0.19	0.14	0.09	0.01
2	210043	Alto_Alegre_Do_Maranhao	73545.00	122.82	88.25	184.60	0.00	196.37	0.49	0.37	0.23	0.02
2	210047	Alto_Alegre_Do_Pindare	40683.00	67.94	48.82	102.11	0.00	108.62	0.27	0.20	0.13	0.01
2	210060	Amarante_Do_Maranhao	44367.00	74.09	53.24	111.36	0.00	118.46	0.29	0.22	0.14	0.01
2	210070	Anajatuba	28704.00	47.94	34.44	72.05	0.00	76.64	0.19	0.14	0.09	0.01
2	210090	Araioses	63193.00	105.53	75.83	158.61	0.00	168.73	0.42	0.32	0.20	0.02
2	210095	Arame	35201.00	58.79	42.24	88.35	0.00	93.99	0.23	0.18	0.11	0.01
2	210100	Arari	67332.00	112.44	80.80	169.00	0.00	179.78	0.44	0.34	0.21	0.02
2	210120	Bacabal	112852.00	188.46	135.42	283.26	0.00	301.31	0.74	0.56	0.35	0.03
2	210130	Bacuri	49373.00	82.45	59.25	123.93	0.00	131.83	0.33	0.25	0.15	0.01
2	210140	Balsas	113241.00	189.11	135.89	284.23	0.00	302.35	0.75	0.57	0.35	0.03
2	210150	Barao_De_Grajau	20184.00	33.71	24.22	50.66	0.00	53.89	0.13	0.10	0.06	0.01
2	210160	Barra_Do_Corda	105754.00	176.61	126.90	265.44	0.00	282.36	0.70	0.53	0.33	0.03
2	210170	Barreirinhas	66684.00	111.36	80.02	167.38	0.00	178.05	0.44	0.33	0.21	0.02
2	210190	Bequimao	62162.00	103.81	74.59	156.03	0.00	165.97	0.41	0.31	0.19	0.02
2	210200	Bom_Jardim	254172.00	424.47	305.01	637.97	0.00	678.64	1.68	1.27	0.79	0.08
2	210203	Bom_Jesus_Das_Selvas	36109.00	60.30	43.33	90.63	0.00	96.41	0.24	0.18	0.11	0.01
2	210210	Brejo	38978.00	65.09	46.77	97.83	0.00	104.07	0.26	0.19	0.12	0.01
2	210220	Buriti	30800.00	51.44	36.96	77.31	0.00	82.24	0.20	0.15	0.10	0.01
2	210230	Buriti_Bravo	25699.00	42.92	30.84	64.50	0.00	68.62	0.17	0.13	0.08	0.01
2	210232	Buriticupu	77357.00	129.19	92.83	194.17	0.00	206.54	0.51	0.39	0.24	0.02
2	210250	Cajari	20824.00	34.78	24.99	52.27	0.00	55.60	0.14	0.10	0.06	0.01
2	210280	Carolina	26249.00	43.84	31.50	65.88	0.00	70.08	0.17	0.13	0.08	0.01
2	210290	Carutapera	67218.00	112.25	80.66	168.72	0.00	179.47	0.44	0.34	0.21	0.02
2	210300	Caxias	177123.00	295.80	212.55	444.58	0.00	472.92	1.17	0.89	0.55	0.05
2	210320	Chapadinha	85362.00	142.55	102.43	214.26	0.00	227.92	0.56	0.43	0.26	0.03
2	210325	Cidelandia	43621.00	72.85	52.35	109.49	0.00	116.47	0.29	0.22	0.14	0.01
2	210340	Coelho_Neto	53114.00	88.70	63.74	133.32	0.00	141.81	0.35	0.27	0.16	0.02
2	210350	Colinas	44266.00	73.92	53.12	111.11	0.00	118.19	0.29	0.22	0.14	0.01
2	210360	Coroata	70153.00	117.16	84.18	176.08	0.00	187.31	0.46	0.35	0.22	0.02
2	210370	Cururupu	35339.00	59.02	42.41	88.70	0.00	94.36	0.23	0.18	0.11	0.01
2	210390	Duque_Bacelar	19160.00	32.00	22.99	48.09	0.00	51.16	0.13	0.10	0.06	0.01
2	210400	Esperantinopolis	43889.00	73.29	52.67	110.16	0.00	117.18	0.29	0.22	0.14	0.01
2	210405	Estreito	44603.00	74.49	53.52	111.95	0.00	119.09	0.29	0.22	0.14	0.01
2	210410	Fortaleza_Dos_Nogueiras	44784.00	74.79	53.74	112.41	0.00	119.57	0.30	0.22	0.14	0.01
2	210420	Fortuna	27534.00	45.98	33.04	69.11	0.00	73.52	0.18	0.14	0.09	0.01
2	210455	Governador_Edison_Lobao	29419.00	49.13	35.30	73.84	0.00	78.55	0.19	0.15	0.09	0.01
2	210460	Governador_Eugenio_Barros	69380.00	115.86	83.26	174.14	0.00	185.24	0.46	0.35	0.22	0.02
2	210467	Governador_Nunes_Freire	27628.00	46.14	33.15	69.35	0.00	73.77	0.18	0.14	0.09	0.01
2	210480	Grajau	74286.00	124.06	89.14	186.46	0.00	198.34	0.49	0.37	0.23	0.02
2	210500	Humberto_De_Campos	30736.00	51.33	36.88	77.15	0.00	82.07	0.20	0.15	0.10	0.01
2	210510	Icatu	39189.00	65.45	47.03	98.36	0.00	104.63	0.26	0.20	0.12	0.01
2	210530	Imperatriz	278283.00	464.73	333.94	698.49	0.00	743.02	1.84	1.39	0.86	0.08
2	210535	Itaipava_Do_Grajau	34869.00	58.23	41.84	87.52	0.00	93.10	0.23	0.17	0.11	0.01
2	210540	Itapecuru_Mirim	72989.00	121.89	87.59	183.20	0.00	194.88	0.48	0.36	0.23	0.02
2	210550	Joao_Lisboa	39471.00	65.92	47.37	99.07	0.00	105.39	0.26	0.20	0.12	0.01
2	210560	Joselandia	25645.00	42.83	30.77	64.37	0.00	68.47	0.17	0.13	0.08	0.01
2	210570	Lago_Da_Pedra	100417.00	167.70	120.50	252.05	0.00	268.11	0.66	0.50	0.31	0.03
2	210590	Lago_Verde	34805.00	58.12	41.77	87.36	0.00	92.93	0.23	0.17	0.11	0.01
2	210630	Magalhaes_De_Almeida	21161.00	35.34	25.39	53.11	0.00	56.50	0.14	0.11	0.07	0.01
2	210632	Maracacume	67065.00	112.00	80.48	168.33	0.00	179.06	0.44	0.34	0.21	0.02
2	210637	Maranhaozinho	31554.00	52.70	37.86	79.20	0.00	84.25	0.21	0.16	0.10	0.01
2	210640	Mata_Roma	34778.00	58.08	41.73	87.29	0.00	92.86	0.23	0.17	0.11	0.01
2	210660	Matoes	36255.00	60.55	43.51	91.00	0.00	96.80	0.24	0.18	0.11	0.01
2	210670	Mirador	34125.00	56.99	40.95	85.65	0.00	91.11	0.23	0.17	0.11	0.01
2	210675	Miranda_Do_Norte	30200.00	50.43	36.24	75.80	0.00	80.63	0.20	0.15	0.09	0.01
2	210680	Mirinzal	56335.00	94.08	67.60	141.40	0.00	150.41	0.37	0.28	0.17	0.02
2	210690	Moncao	50937.00	85.06	61.12	127.85	0.00	136.00	0.34	0.25	0.16	0.02
2	210745	Olinda_Nova_Do_Maranhao	15707.00	26.23	18.85	39.42	0.00	41.94	0.10	0.08	0.05	0.00
2	210760	Palmeirandia	75594.00	126.24	90.71	189.74	0.00	201.84	0.50	0.38	0.23	0.02
2	210770	Paraibano	22962.00	38.35	27.55	57.63	0.00	61.31	0.15	0.11	0.07	0.01
2	210780	Parnarama	37539.00	62.69	45.05	94.22	0.00	100.23	0.25	0.19	0.12	0.01
2	210790	Passagem_Franca	32499.00	54.27	39.00	81.57	0.00	86.77	0.21	0.16	0.10	0.01
2	210800	Pastos_Bons	39940.00	66.70	47.93	100.25	0.00	106.64	0.26	0.20	0.12	0.01
2	210805	Paulino_Neves	17150.00	28.64	20.58	43.05	0.00	45.79	0.11	0.09	0.05	0.01
2	210810	Paulo_Ramos	64985.00	108.52	77.98	163.11	0.00	173.51	0.43	0.32	0.20	0.02
2	210820	Pedreiras	110071.00	183.82	132.09	276.28	0.00	293.89	0.73	0.55	0.34	0.03
2	210825	Pedro_Do_Rosario	26888.00	44.90	32.27	67.49	0.00	71.79	0.18	0.13	0.08	0.01
2	210830	Penalva	41204.00	68.81	49.44	103.42	0.00	110.01	0.27	0.21	0.13	0.01
2	210860	Pinheiro	89509.00	149.48	107.41	224.67	0.00	238.99	0.59	0.45	0.28	0.03
2	210870	Pio_Xii	23290.00	38.89	27.95	58.46	0.00	62.18	0.15	0.12	0.07	0.01
2	210880	Pirapemas	61315.00	102.40	73.58	153.90	0.00	163.71	0.40	0.31	0.19	0.02
2	210900	Porto_Franco	69440.00	115.96	83.33	174.29	0.00	185.40	0.46	0.35	0.22	0.02
2	210910	Presidente_Dutra	58058.00	96.96	69.67	145.73	0.00	155.01	0.38	0.29	0.18	0.02
2	210920	Presidente_Juscelino	151793.00	253.49	182.15	381.00	0.00	405.29	1.00	0.76	0.47	0.05
2	210927	Presidente_Sarney	20238.00	33.80	24.29	50.80	0.00	54.04	0.13	0.10	0.06	0.01
2	210945	Raposa	162816.00	271.90	195.38	408.67	0.00	434.72	1.07	0.81	0.50	0.05
2	210950	Riachao	40103.00	66.97	48.12	100.66	0.00	107.08	0.26	0.20	0.12	0.01
2	210980	Santa_Helena	72408.00	120.92	86.89	181.74	0.00	193.33	0.48	0.36	0.22	0.02
2	211000	Santa_Luzia	86830.00	145.01	104.20	217.94	0.00	231.84	0.57	0.43	0.27	0.03
2	211003	Santa_Luzia_Do_Parua	73519.00	122.78	88.22	184.53	0.00	196.30	0.49	0.37	0.23	0.02
2	211010	Santa_Quiteria_Do_Maranhao	36631.00	61.17	43.96	91.94	0.00	97.80	0.24	0.18	0.11	0.01
2	211023	Santana_Do_Maranhao	14262.00	23.82	17.11	35.80	0.00	38.08	0.09	0.07	0.04	0.00
2	211027	Santo_Amaro_Do_Maranhao	33275.00	55.57	39.93	83.52	0.00	88.84	0.22	0.17	0.10	0.01
2	211030	Santo_Antonio_Dos_Lopes	52627.00	87.89	63.15	132.09	0.00	140.51	0.35	0.26	0.16	0.02
2	211060	Sao_Bernardo	30569.00	51.05	36.68	76.73	0.00	81.62	0.20	0.15	0.09	0.01
2	211070	Sao_Domingos_Do_Maranhao	45393.00	75.81	54.47	113.94	0.00	121.20	0.30	0.23	0.14	0.01
2	211085	Sao_Francisco_Do_Brejao	12567.00	20.99	15.08	31.54	0.00	33.55	0.08	0.06	0.04	0.00
2	211090	Sao_Francisco_Do_Maranhao	13159.00	21.98	15.79	33.03	0.00	35.13	0.09	0.07	0.04	0.00
2	211102	Sao_Joao_Do_Caru	17071.00	28.51	20.49	42.85	0.00	45.58	0.11	0.09	0.05	0.01
2	211107	Sao_Joao_Do_Soter	19886.00	33.21	23.86	49.91	0.00	53.10	0.13	0.10	0.06	0.01
2	211110	Sao_Joao_Dos_Patos	33979.00	56.74	40.77	85.29	0.00	90.72	0.22	0.17	0.11	0.01
2	211120	Sao_Jose_De_Ribamar	190171.00	317.59	228.21	477.33	0.00	507.76	1.26	0.95	0.59	0.06
2	211130	Sao_Luis	1180651.00	1971.69	1416.78	2963.43	0.00	3152.34	7.79	5.90	3.66	0.35
2	211140	Sao_Luis_Gonzaga_Do_Maranhao	20479.00	34.20	24.57	51.40	0.00	54.68	0.14	0.10	0.06	0.01
2	211160	Sao_Raimundo_Das_Mangabeiras	44355.00	74.07	53.23	111.33	0.00	118.43	0.29	0.22	0.14	0.01
2	211170	Sao_Vicente_Ferrer	58141.00	97.10	69.77	145.93	0.00	155.24	0.38	0.29	0.18	0.02
2	211172	Satubinha	14808.00	24.73	17.77	37.17	0.00	39.54	0.10	0.07	0.05	0.00
2	211176	Senador_La_Rocque	32097.00	53.60	38.52	80.56	0.00	85.70	0.21	0.16	0.10	0.01
2	211180	Sitio_Novo	19415.00	32.42	23.30	48.73	0.00	51.84	0.13	0.10	0.06	0.01
2	211210	Timbiras	163574.00	273.17	196.29	410.57	0.00	436.74	1.08	0.82	0.51	0.05
2	211220	Timon	181167.00	302.55	217.40	454.73	0.00	483.72	1.20	0.91	0.56	0.05
2	211230	Tuntum	44890.00	74.97	53.87	112.67	0.00	119.86	0.30	0.22	0.14	0.01
2	211240	Turiacu	38285.00	63.94	45.94	96.10	0.00	102.22	0.25	0.19	0.12	0.01
2	211250	Tutoia	62891.00	105.03	75.47	157.86	0.00	167.92	0.42	0.31	0.19	0.02
2	211260	Urbano_Santos	63410.00	105.89	76.09	159.16	0.00	169.30	0.42	0.32	0.20	0.02
2	211270	Vargem_Grande	87609.00	146.31	105.13	219.90	0.00	233.92	0.58	0.44	0.27	0.03
2	211280	Viana	81414.00	135.96	97.70	204.35	0.00	217.38	0.54	0.41	0.25	0.02
2	211300	Vitorino_Freire	54977.00	91.81	65.97	137.99	0.00	146.79	0.36	0.27	0.17	0.02
